Time,Rectus Femoris right,Rectus Femoris left,Hamstrings right,Hamstrings left,TibilaisÂ Anterior right,TibilaisÂ Anterior left,Gastrocnemius right,Gastrocnemius left
0.0,0.006702353446849282,-0.007941729261775795,0.010734075558679028,-0.0010210347804759327,-0.0320924260760719,0.006231140488877961,0.025503059242194523,-0.013532901287268697
0.0004655,0.006857942668416509,-0.0076322268261247665,0.01164493961513128,-0.0009425804516413186,-0.03094615927771773,0.006245349216890432,0.025731687259772644,-0.01309320980365798
0.000931,0.007015003451510918,-0.007322713204927774,0.012556981072116464,-0.0008636681272645106,-0.02980007150677294,0.006260146780494065,0.025962218250174404,-0.01265453101937485
0.0013966,0.007173526185401347,-0.007013224522948163,0.01347010072434897,-0.000784298599407288,-0.028654314578132434,0.006275566236036175,0.026194657723759295,-0.012216926928101491
0.0018621,0.007333500909501094,-0.006703796857860029,0.014384199434984514,-0.000704472634004449,-0.02750904036285839,0.006291641267177907,0.026429011389132707,-0.011780459270545213
0.0023276,0.007494917313338164,-0.006394466229831963,0.015299178171199605,-0.0006241909699261888,-0.026364400744469118,0.00630840618572357,0.026665285160275595,-0.011345189514615066
0.0027931,0.007657764736613289,-0.006085268591185033,0.016214938039744994,-0.0005434543180819428,-0.025220547575292247,0.0063258959322236045,0.026903485163480005,-0.01091117883576331
0.0032586,0.007822032169345777,-0.005776239816132479,0.01713138032244634,-0.00046226336056783815,-0.024077632632909622,0.006344146076344836,0.027143617744063153,-0.010478488097507616
0.0037241,0.007987708252107213,-0.005467415690608394,0.018048406511625658,-0.0003806187498598121,-0.022935807576719973,0.006363192817001876,0.027385689472834304,-0.010047177832147897
0.0041897,0.008154781276342999,-0.0051588319021925125,0.01896591834541741,-0.0002985211080543514,-0.02179522390464378,0.0063830729822437334,0.02762970715229122,-0.009617308221690301
0.0046552,0.00832323918478165,-0.004850524030137946,0.019883817842953254,-0.0002159710261586891,-0.020656032909992926,0.006403824028889848,0.02787567782252647,-0.009188939078990165
0.0051207,0.008493069571931786,-0.004542527535508478,0.020802007339389864,-0.00013296906343218475,-0.01951838563852605,0.006425484041909891,0.028123608766828224,-0.008762129829124906
0.0055862,0.008664259684666642,-0.004234877751431753,0.021720389520754786,-4.951574678052414e-05,-0.01838243284570929,0.0064480917335418,0.028373507516963912,-0.008336939491007217
0.0060517,0.008836796422895928,-0.003927609873474427,0.022638867458586183,3.4388429795690205e-05,-0.01724832495420096,0.006471686442142673,0.028625381858137917,-0.007913426659248142
0.0065172,0.00901066634032477,-0.003620758950145005,0.023557344644343777,0.00011874300569644161,-0.016116212011577494,0.006496308130767291,0.028879239833616014,-0.007491649486279069
0.0069828,0.009185855645299446,-0.0033143598735297813,0.02447572502356997,0.00020354755416043861,-0.014986243648316811,0.006521997385469172,0.029135089749010124,-0.007071665664741164
0.0074483,0.00936235020173953,-0.003008447370066886,0.02539391302978187,0.0002888016826445069,-0.013858569036053606,0.006548795413319168,0.029392940176217245,-0.0066535324101504294
0.0079138,0.009540135530156084,-0.0027030559914630837,0.02631181361807653,0.0003745050331429314,-0.012733336846119558,0.00657674404013666,0.029652799957006704,-0.006237306443846178
0.0083793,0.009719196808755359,-0.0023982201057575615,0.027229332298432878,0.0004606572824455228,-0.011610695208379979,0.006605885707928462,0.02991467820624971,-0.005823043976230225
0.0088448,0.009899518874627554,-0.0020939738885365866,0.02814637516869431,0.000547258142333241,-0.010490791670377007,0.0066362634720305005,0.030178584314785366,-0.005410800690303495
0.0093103,0.01008108622502006,-0.0017903513143025529,0.029062848947216367,0.0006343073597102498,-0.009373773156788242,0.006667920997947358,0.030444527951917193,-0.005000631725505974
0.0097759,0.010263883018694636,-0.001487386148000604,0.029978661005164022,0.0007218047166713068,-0.008259785929208693,0.006700902557884675,0.03071251906753465,-0.004592591661865216
0.0102414,0.010447893077367997,-0.0011851119367057112,0.03089371939844324,0.0008097500305034207,-0.007148975546263118,0.006735253026969451,0.030982567893854434,-0.00418673450445797
0.0107069,0.010633099887235327,-0.0008835620014728125,0.03180793289925173,0.0008981431536207383,-0.00604148682405528,0.006771017879153306,0.031254684946777064,-0.0037831136681889897
0.0111724,0.010819486600576298,-0.0005827694293523489,0.03272121102723405,0.0009869839734316594,-0.0049374637969602396,0.006808243182793924,0.03152888102685446,-0.0033817819628906534
0.0116379,0.011007036037443256,-0.0002827670655733236,0.03363346408022674,0.0010762724121372255,-0.0038370496787655715,0.00684697559591007,0.03180516721986494,-0.0029827915787465882
0.0121034,0.011195730687431227,1.641249410419916e-05,0.034544603164579864,0.0011660084264599091,-0.002740386824167118,0.0068872623611058595,0.03208355489699275,-0.0025861940720420004
0.012569,0.011385552711529369,0.00031473691086541015,0.035454540225042304,0.001256192007302049,-0.001647616690624553,0.00692915130016019,0.0323640557146104,-0.002192040351243006
0.0130345,0.011576483944053466,0.0006121741101443038,0.03636318807419885,0.0013468231793333243,-0.0005588798005816012,0.006972690808277525,0.032646681613663985,-0.0018003806634068315
0.0135,0.011768505894659088,0.0009086922887530075,0.037270460421448416,0.0014379020005068249,0.0005256842959447847,0.007017929847996481,0.03293144481866335,-0.001411264580924432
0.0139655,0.011961599750434933,0.0012042599218355478,0.038176271901513334,0.001529428561503448,0.001605937058402593,0.007064917942752892,0.033218357836280674,-0.0010247409885968482
0.014431,0.012155746378075937,0.0014988457696447847,0.03908053810247066,0.0016214029851044833,0.002681740992367198,0.007113705170094228,0.03350743345356237,-0.0006408580710464365
0.0148966,0.012350926326135664,0.0017924188841412854,0.03998317559329687,0.0017138254254923846,0.0037529596858256365,0.007164342154542433,0.03379868473575955,-0.0002596633004639582
0.0153621,0.012547119827357471,0.0020849486154129538,0.04088410195091776,0.0018066960674798297,0.004819457845080816,0.007216880060102356,0.03409212502378311,0.00011879657530765809
0.0158276,0.012744306801083998,0.0023764046179142627,0.04178323578675553,0.0019000151256672732,0.00588110133027419,0.007271370582413187,0.03438776793128958,0.0004944755443522499
0.0162931,0.012942466855744348,0.0026667568565240116,0.042680496772765496,0.0019937828435292685,0.0069377571905257195,0.007327865940540444,0.0346856273414043,0.0008673283419216458
0.0167586,0.013141579291418407,0.0029559756124206207,0.04357580566695493,0.002087999492429918,0.00798929369869017,0.007386418868406254,0.034985717403088125,0.001237310461339006
0.0172241,0.013341623102477666,0.0032440314887741033,0.044469084338377075,0.0021826653705678714,0.00903558038572892,0.007447082605855845,0.035288052527154105,0.0016043781645643342
0.0176897,0.01354257698030194,0.003530895416254011,0.04536025579159326,0.0022777808018513454,0.010076488074696684,0.00750991088935835,0.03559264738194018,0.0019684884924224175
0.0181552,0.013744419316071375,0.0038165386583528457,0.046249244190596284,0.002373346134703678,0.01111188891434271,0.007574957942340097,0.03589951688864396,0.0023295992744936
0.0186207,0.013947128203633046,0.0041009328165246516,0.04713597488218842,0.0024693617407999502,0.012141656412326226,0.0076422784651486225,0.03620867621632516,0.0026876691386678968
0.0190862,0.014150681442441452,0.00438404983513874,0.0480203744188073,0.0025658280137352526,0.013165665468046024,0.007711927624645696,0.03652014077658131,0.003042657520363044
0.0195517,0.01435505654057218,0.00466586200624879,0.048902370580793046,0.002662745367625194,0.014183792405084309,0.007783961043427728,0.03683392621790238,0.003394524671407179
0.0200172,0.014560230717807984,0.004946341974177805,0.04978189239809022,0.0027601142356392726,0.015195915003265071,0.007858434788672021,0.03715004841970982,0.0037432316685869394
0.0204828,0.014766180908796474,0.005225462739919726,0.05065887017137842,0.002857935068467734,0.016201912530327357,0.007935405360607422,0.037468523486085994,0.004088740421861857
0.0209483,0.01497288376627868,0.005503197665358761,0.05153323549262548,0.002956208332722557,0.017201665773213862,0.008014929680608057,0.03778936773920027,0.004431013682245983
0.0214138,0.015180315664387736,0.005779520477307774,0.05240492126505737,0.0030549345092732065,0.018195057068975225,0.008097065078908812,0.03811259771243854,0.004770015049357739
0.0218793,0.015388452702017096,0.006054405271367364,0.05327386172253891,0.0031541140915177937,0.019181970335290358,0.008181869281941296,0.03843823014324345,0.005105708978638968
0.0223448,0.015597270706257882,0.006327826515607511,0.054139992448359445,0.0032537475835903145,0.020162291100603066,0.008269400399289056,0.038766281965672764,0.0054380607882442075
0.0228103,0.015806745235905112,0.006599759054073952,0.05500325039341773,0.003353835498504651,0.021135906533875193,0.008359716910260984,0.03909677030268332,0.005767036665601183
0.0232759,0.016016851585032823,0.006870178110121628,0.05586357389380007,0.003454378356236093,0.022102705473956312,0.008452877650082012,0.03942971245814805,0.006092603673643526
0.0237414,0.016227564786638178,0.007139059289577798,0.05672090268774565,0.0035553766817411634,0.023062578458570043,0.00854894179570042,0.03976512590861325,0.006414729756716708
0.0242069,0.016438859616354676,0.0074063785837375625,0.05757517793199281,0.0036568310029166063,0.024015417752916855,0.008647968851211336,0.04010302829480302,0.006733383746158193
0.0246724,0.016650710596234585,0.007672112372194699,0.05842634221749942,0.0037587418484984537,0.024961117377893197,0.008750018632896208,0.04044343741287778,0.007048535365552791
0.0251379,0.016863091998600546,0.007936237425510813,0.059274339584530295,0.0038611097459021943,0.02589957313792677,0.008855151253878256,0.04078637120545357,0.007360155235664201
0.0256034,0.01707597784996638,0.008198730907725937,0.060119115537104,0.003963935219005134,0.026830682648427584,0.00896342710839429,0.04113184775238868,0.007668214879043723
0.026069,0.017289341935026972,0.008459570378713754,0.06096061705679132,0.0040672187858721435,0.02775434536285445,0.009074906855683532,0.04147988526134388,0.007972686724317092
0.0265345,0.017503157800717085,0.008718733796384664,0.06179879261585709,0.004170960956426096,0.028670462599396405,0.009189651403494497,0.041830502058122825,0.008273544110150367
0.027,0.01771739876033891,0.00897619951873996,0.06263359218973734,0.004275162230064378,0.029578937567268544,0.009307721891211243,0.042183716576798924,0.00857076128889578
0.0274655,0.017932037897758105,0.009231946305780357,0.06346496726884394,0.004379823093222946,0.030479675392621544,0.00942917967260063,0.04253954734963545,0.008864313429918492
0.027931,0.018147048071667962,0.009485953321272129,0.06429287086968959,0.004484944016889465,0.03137258314406414,0.009554086298182503,0.042898012996805776,0.009154176622605238
0.0283966,0.018362401919921265,0.009738200134374032,0.06511725754532635,0.0045905254540670945,0.032257569857797624,0.009682503497225194,0.043259132215920815,0.009440327879055957
0.0288621,0.01857807186392951,0.009988666721128197,0.06593808339509208,0.004696567837190521,0.03313454656236149,0.00981449315936924,0.043622923771370684,0.009722745136459598
0.0293276,0.01879403011312897,0.010237333465818139,0.066755306073659,0.0048030715754958245,0.03400342630298902,0.0099501173158827,0.04398940648348754,0.010001407259155586
0.0297931,0.019010248669513365,0.010484181162196902,0.0675688847993788,0.004910037052345799,0.034864124165571664,0.010089438120551887,0.04435859921753679,0.010276294040382572
0.0302586,0.019226699332232797,0.01072919101458836,0.06837878036191873,0.005017464622512333,0.035716557300230725,0.010232517830211726,0.04473052087254368,0.01054738620371642
0.0307241,0.019443353702258873,0.010972344638864581,0.06918495512918259,0.005125354609417456,0.036560644944494645,0.010379418784920144,0.04510519036996266,0.010814665404199609
0.0311897,0.01966018318711583,0.01121362406330211,0.06998737305351053,0.00523370730233464,0.03739630844608002,0.010530203387781139,0.04548262664219697,0.011078114229164505
0.0316552,0.019877159005677606,0.011453011729319949,0.07078599967715155,0.005342522953551913,0.03822347128527398,0.010684934084421267,0.045862848620975644,0.011337716198753154
0.0321207,0.020094252193030626,0.01169049049210197,0.07158080213700244,0.005451801775498336,0.039042059096915424,0.01084367334212453,0.04624587522559562,0.011593455766136553
0.0325862,0.02031143360540211,0.011926043621106488,0.0723717491686076,0.005561543937835315,0.039851999691972326,0.011006483628630864,0.04663172535103634,0.011845318317436416
0.0330517,0.020528673925153534,0.01215965480046563,0.07315881110941379,0.005671749564514229,0.040653223078711886,0.011173427390603691,0.04702041785595419,0.0120932901713527
0.0335172,0.020745943665838828,0.012391308129277223,0.07394195990127565,0.005782418730801783,0.04144566148346014,0.011344567031772284,0.047411971550564286,0.012337358578500223
0.0339828,0.020963213177326717,0.0126209881217918,0.07472116909220895,0.005893551460274505,0.0422292493709473,0.011519964890754932,0.04780640518441673,0.012577511720457802
0.0344483,0.021180452650986614,0.01284867970749741,0.07549641383738975,0.006005147721783734,0.04300392346423493,0.01169968321856924,0.04820373743407428,0.012813738708533518
0.0349138,0.021397632124937387,0.01307436823110482,0.0762676708994004,0.0061172074263924694,0.04376962276422084,0.011883784155836293,0.048603986890698204,0.013046029582249692
0.0353793,0.021614721489358245,0.01329803945243581,0.07703491864772401,0.006229730424285419,0.044526288568717175,0.012072329709685808,0.04900717204754874,0.013274375307551314
0.0358448,0.021831690491860935,0.013519679546217167,0.07779813705749077,0.006342716501653645,0.04527386449109739,0.012265381730369701,0.04941331128740644,0.01349876777474163
0.0363103,0.022048508742922395,0.013739275101783103,0.07855730770747987,0.006456165377555145,0.046012296478507186,0.01246300188759177,0.04982242286992062,0.013719199796148652
0.0367759,0.02226514572137677,0.013956813122688767,0.07931241377738205,0.006570076700752772,0.04674153282963443,0.012665251646561172,0.05023452491889066,0.013935665103526272
0.0372414,0.02248157077996569,0.01417228102623765,0.08006344004432832,0.00668445004653085,0.047461524212032834,0.012872192243777534,0.0506496354094861,0.014148158345193656
0.0377069,0.02269775315094567,0.014385666642925682,0.08081037287869218,0.006799284913491896,0.048172223678993965,0.01308388466255565,0.05106777215541119,0.014356675082916511
0.0381724,0.022913661951751492,0.01459695821580494,0.0815532002391735,0.006914580720334874,0.048873586685962075,0.013300389608297832,0.05148895279601943,0.014561211788533824
0.0386379,0.023129266190714308,0.014806144399769867,0.08229191166717331,0.007030336802616434,0.049565571106485865,0.013521767483522103,0.051913194783383486,0.014761765840333582
0.0391034,0.023344534772833415,0.015013214260769032,0.08302649828046842,0.007146552409496615,0.050248137247701,0.013748078362654553,0.052340515369326004,0.01495833551918107
0.039569,0.023559436505600426,0.015218157274945472,0.08375695276619503,0.007263226700470526,0.05092124786533692,0.013979381966594265,0.0527709315924169,0.015150920004403377
0.0400345,0.023773940104874557,0.01542096332770866,0.08448326937314984,0.007380358742087527,0.051584868178241115,0.014215737637059503,0.05320446026494298,0.015339519369433844
0.0405,0.023988014200807532,0.0156216227127412,0.08520544390341668,0.0074979475046594544,0.05223896588241341,0.014457204310724186,0.053641117959855725,0.015524134577220251
0.0409655,0.02420162734381648,0.01582012613094336,0.08592347370332734,0.007615991858959466,0.052883511164542846,0.014703840493154173,0.05408092099770305,0.015704767475400647
0.041431,0.024414748010603067,0.016016464689318523,0.08663735765376492,0.007734490572913082,0.053518476715038864,0.014955704232553473,0.05452388543355053,0.015881420791250697
0.0418966,0.02462734461021712,0.01621062989980261,0.08734709615981857,0.007853442308283092,0.05414383774054869,0.01521285309333106,0.054970027043897404,0.016054098126406475
0.0423621,0.02483938549016272,0.016402613678040485,0.08805269113979924,0.007972845617350078,0.05475957197595247,0.015475344129499507,0.05541936131359206,0.01622280395136657
0.0428276,0.025050838942545166,0.016592408342112237,0.08875414601362633,0.00809269893959039,0.05536565969582736,0.015743233857917198,0.05587190342275187,0.016387543599777326
0.0432931,0.02526167321025697,0.016780006611212237,0.08945146569059563,0.008213000598353547,0.0559620837253719,0.016016578231386303,0.056327668233691786,0.016548323262504938
0.0437586,0.025471856493201498,0.016965401604283628,0.09014465655653961,0.008333748797541106,0.05654882945078196,0.01629543261161907,0.05678667027786628,0.01670514998149806
0.0442241,0.02568135695455276,0.017148586838610945,0.09083372646039134,0.008454941618289092,0.057125884829069155,0.016579851742085216,0.057248923742828785,0.016858031643444446
0.0446897,0.025890142727050185,0.017329556228373368,0.09151868470016405,0.00857657701565605,0.05769324039731269,0.01686988972075332,0.05771444245921293,0.017006976973225126
0.0451552,0.026098181919327203,0.017508304083161105,0.09219954200835857,0.008698652815318824,0.05825088928133573,0.017165599972739233,0.05818323988773954,0.01715199552716943
0.0456207,0.026305442622272582,0.017684825106457296,0.09287631053681145,0.008821166710278149,0.058798827203796845,0.017467035222874457,0.058655329106253006,0.01729309768611423
0.0460862,0.026511892915423607,0.017859114394087845,0.09354900384099707,0.008944116257576157,0.05933705249168746,0.017774247468207723,0.059130722796790554,0.01743029464827064
0.0465517,0.026717500873390133,0.018031167432641396,0.09421763686379732,0.009067498875028026,0.059865566083226206,0.018087287950453123,0.05960943323268743,0.017563598421901333
0.0470172,0.026922234572308634,0.01820098009786172,0.09488222591875219,0.009191311837970069,0.06038437153414074,0.018406207128398328,0.06009147226572082,0.01769302181781168
0.0474828,0.02712606209632531,0.01836854865301459,0.09554278867280455,0.009315552276026644,0.060893475023328,0.018731054650286478,0.060576851313294815,0.017818578441657844
0.0479483,0.027328951544107253,0.018533869747231115,0.0961993441285523,0.009440217169898367,0.06139288535788327,0.019061879326185426,0.06106558134566838,0.017940282686074824
0.0484138,0.027530871035380457,0.018696940413829428,0.0968519126060202,0.009565303348174117,0.06188261397748853,0.019398729100357996,0.06155767287322797,0.018058149722627433
0.0488793,0.027731788717493648,0.018857758068616358,0.09750051572396318,0.009690807484169343,0.06236267495815002,0.019741651023646722,0.062053135933806104,0.018172195493587184
0.0493448,0.027931672772006824,0.01901632050817073,0.09814517638071224,0.00981672609279324,0.06283308501527486,0.020090691225886533,0.06255198008004696,0.018282436703537956
0.0498103,0.02813049142130348,0.019172625908109666,0.09878591873457367,0.009943055527447354,0.06329386350607616,0.02044589488835865,0.06305421436681975,0.018388890810813217
0.0502759,0.028328212935225458,0.019326672821339142,0.09942276818379134,0.010069791976958169,0.06374503243129616,0.020807306216299053,0.06355984733868078,0.018491576018767514
0.0507414,0.028524805637729425,0.019478460176290017,0.10005575134608231,0.010196931462546244,0.06418661643623702,0.021174968411474718,0.06406888701738497,0.018590511266884897
0.0512069,0.028720237913563745,0.01962798727514048,0.10068489603775484,0.010324469834834446,0.06461864281108892,0.021548923644841067,0.06458134088944814,0.018685716221726805
0.0516724,0.028914478214964515,0.01977525379202594,0.10131023125241811,0.010452402770897784,0.06504114149054543,0.02192921302929401,0.06509721589376105,0.018777211267721937
0.0521379,0.029107495068369262,0.01992025977123708,0.10193178713929216,0.010580725771357352,0.06545414505269595,0.022315876592530134,0.0656165184092565,0.018865017497800427
0.0526034,0.02929925708114676,0.020063005625406766,0.10254959498112562,0.010709434157520849,0.06585768871718534,0.022708953250028543,0.06613925424263044,0.018949156703874738
0.053069,0.029489732948341424,0.02020349213368643,0.1031636871717289,0.010838523068572132,0.06625181034263095,0.023108480778167788,0.06666542861611773,0.019029651367169442
0.0535345,0.029678891459430756,0.020341720439912375,0.10377409719312929,0.010967987458812212,0.06663655042328714,0.02351449578749136,0.06719504615532294,0.019106524648402057
0.054,0.02986670150509465,0.02047769205076239,0.10438085959235403,0.011097822094954116,0.06701195208494784,0.02392703369613507,0.06772811087710633,0.019179800377817066
0.0544655,0.030053132083995262,0.020611408833902927,0.10498400995784711,0.011228021553473976,0.06737806108007759,0.024346128703429414,0.06826462617752453,0.019249503045075174
0.054931,0.030238152309566627,0.020742873016127063,0.10558358489552556,0.011358580218020747,0.06773492578216188,0.024771813763690077,0.0688045948198261,0.01931565778899999
0.0553966,0.03042173141681318,0.020872087181483364,0.10617962200448082,0.011489492276886846,0.06808259717926707,0.025204120560209525,0.06934801892250197,0.019378290387184416
0.0558621,0.03060383876911645,0.020999054269395696,0.10677215985233007,0.011620751720542015,0.0684211288668001,0.025643079479462597,0.06989489994739138,0.019437427245459243
0.0563276,0.03078444386504903,0.021123777572773894,0.10736123795022358,0.011752352339232629,0.06875057703945818,0.026088719585538853,0.07044523868784473,0.01949309538722668
0.0567931,0.03096351634519499,0.02124626073611513,0.10794689672751305,0.01188428772064862,0.06907100048235773,0.026541068594814303,0.0709990352569458,0.019545322442661786
0.0572586,0.031141025998975547,0.021366507753595592,0.10852917750608772,0.012016551247660186,0.06938246056133185,0.027000152850874922,0.07155628907579717,0.01959413663778526
0.0577241,0.03131694277147886,0.021484522967152024,0.10910812247438499,0.012149136096126324,0.06968502121238458,0.027465997299704253,0.07211699886187443,0.01963956678341115
0.0581897,0.03149123677029258,0.021600311064552468,0.1096837746610832,0.012282035232777197,0.06997874893029075,0.027938625465147197,0.07268116261745518,0.019681642263973353
0.0586552,0.03166387827233796,0.021713877077455392,0.11025617790848445,0.012415241413172363,0.07026371275632952,0.02841805942466184,0.07324877761812984,0.019720393026234625
0.0591207,0.03183483773070408,0.021825226379456317,0.11082537684559553,0.012548747179736773,0.07053998426514027,0.028904319785371016,0.07381984040140177,0.019755849567881845
0.0595862,0.03200408578148079,0.021934364684120904,0.11139141686091514,0.012682544859876464,0.0708076375506904,0.029397425660425042,0.0743943467553848,0.019788042926011135
0.0600517,0.03217159325058877,0.02204129804300337,0.11195434407493526,0.012816626564175768,0.07106674921134556,0.029897394645686814,0.0749722917076074,0.019817004665506403
0.0605172,0.032337331160604894,0.02214603284364901,0.11251420531236461,0.012950984184677772,0.07131739833403435,0.03040424279675046,0.07555366951393412,0.019842766867314773
0.0609828,0.03250127073758123,0.022248575807579628,0.11307104807408258,0.013085609393249667,0.07155966647750046,0.030917984606304336,0.07613847364761545,0.0198653621166223
0.0614483,0.03266338341785586,0.02234893398826043,0.11362492050883166,0.013220493640034612,0.07179363765463631,0.03143863298184934,0.0767266967884782,0.019884823490933214
0.0619138,0.032823640854853876,0.022447114769047195,0.11417587138465757,0.013355628151991551,0.07201939831389259,0.03196619922378339,0.07731833081226898,0.0199011845480559
0.0623793,0.0329820149258771,0.022543125861112276,0.11472395006010606,0.013491003931524326,0.07223703731975882,0.03250069300386317,0.07791336678016363,0.01991447931399868
0.0628448,0.03313847773888115,0.02263697530134821,0.11526920645518614,0.013626611755201495,0.0724466459323095,0.03304212234405425,0.07851179492845574,0.019924742270778548
0.0633103,0.033293001639238796,0.02272867145024777,0.11581169102210992,0.01376244217256806,0.07264831778581116,0.03359049359578088,0.07911360465843802,0.019932008344146147
0.0637759,0.033445559216488625,0.022818222989759294,0.11635145471582047,0.01389848550505038,0.07284214886638557,0.03414581141958669,0.07971878452648958,0.019936312891230365
0.0642414,0.03359612331106819,0.02290563892111636,0.11688854896431895,0.014034731844955451,0.07302823748872443,0.03470807876521748,0.0803273222343821,0.019937691688106104
0.0647069,0.03374466702103098,0.02299092856264085,0.11742302563880402,0.014171171054565728,0.07320668427185129,0.035277296852137166,0.08093920461981743,0.01993618091728903
0.0651724,0.03389116370874646,0.023074101547518672,0.11795493702363533,0.014307792765330646,0.0733775921139266,0.035853465150487665,0.08155441764720854,0.019931817155161145
0.0656379,0.03403558700758236,0.023155167821547366,0.11848433578613386,0.01444458637715591,0.07354106616609288,0.036436581362503634,0.08217294639871589,0.019924637359331296
0.0661034,0.03417791082856835,0.023234137640855038,0.1190112749462315,0.014581541057791622,0.07369721380535818,0.03702664140439254,0.08279477506555079,0.019914678855934877
0.066569,0.034318109367039794,0.023311021569590116,0.11953580784598121,0.014718645742320199,0.0738461446065191,0.03762363938869067,0.08341988693955751,0.019901979326877088
0.0670345,0.034456157109260144,0.023385830477581516,0.12005798811894004,0.014855889132744948,0.07398797031312732,0.03822756760710538,0.0840482644050856,0.019886576797024238
0.0675,0.03459202883902045,0.023458575537968866,0.12057786965943663,0.014993259697680127,0.07412280480750687,0.038838416513853835,0.0846798889311634,0.019868509621347664
0.0679655,0.03472569964421415,0.023529268224802696,0.12109550659173522,0.015130745672143155,0.07425076407983214,0.03945617470950837,0.08531474106398416,0.019847816472024896
0.068431,0.034857144923385375,0.0235979203106144,0.12161095323910849,0.015268335057449607,0.07437196619627866,0.04008082892535814,0.08595280041971534,0.019824536325502823
0.0688966,0.03498634039224878,0.02366454386395588,0.12212426409283209,0.015406015621211518,0.07448653126625979,0.04071236400829676,0.08659404567764208,0.019798708449527632
0.0693621,0.03511326209017938,0.02372915124690896,0.12263549378111471,0.015543774897439381,0.07459458140876318,0.04135076290624529,0.0872384545736553,0.019770372390146344
0.0698276,0.035237886386670615,0.02379175511256456,0.12314469703797842,0.015681600186748166,0.0746962407178009,0.04199600665411992,0.08788600389409465,0.019739567958684954
0.0702931,0.03536018998775943,0.023852368402471635,0.12365192867210542,0.015819478556667585,0.07479163522698709,0.04264807436035341,0.08853666946995553,0.019706335218708206
0.0707586,0.035480149942416765,0.02391100434405599,0.12415724353566811,0.01595739684205671,0.07488089287325682,0.04330694319397942,0.08919042617146929,0.01967071447296617
0.0712241,0.03559774364890218,0.023967676448008957,0.12466069649316004,0.016095341645623016,0.07496414345973931,0.04397258837228871,0.08984724790306461,0.019632746250332903
0.0716897,0.03571294886108088,0.02402239850564581,0.12516234239024643,0.016233299338545733,0.07504151861779876,0.04464498314906588,0.09050710759871793,0.019592471292742705
0.0721552,0.03582574369470136,0.024075184586233915,0.1256622360226523,0.01637125606120348,0.0751131517682553,0.04532409880341527,0.09116997721769958,0.019549930542129414
0.0726207,0.035936106633631525,0.024126049034290258,0.12616043210510772,0.016509197724005914,0.0751791780817986,0.04600990462918424,0.09183582774072281,0.019505165127374456
0.0730862,0.03604401653605088,0.02417500646684793,0.12665698524036867,0.016647110008329254,0.0752397344386066,0.046702367924991946,0.09250462916650157,0.019458216351269243
0.0735517,0.036149452640596116,0.024222071770691068,0.12715194988833312,0.016784978367555513,0.07529495938718139,0.04740145398487127,0.09317635050872312,0.019409125677497464
0.0740172,0.03625239457245708,0.024267260099557493,0.12764538033527079,0.01692278802821526,0.07534499310241384,0.048107126089531355,0.0938509597934411,0.019357934717642772
0.0744828,0.03635282234942002,0.02431058687130817,0.12813733066318575,0.017060523991233954,0.07538997734288852,0.04881934549824815,0.09452842405689434,0.01930468521822716
0.0749483,0.03645071638785472,0.024352067765062314,0.1286278547193308,0.01719817103328184,0.07543005540744013,0.04953807144139016,0.09520870934375668,0.019249419047785255
0.0754138,0.03654605750864223,0.024391718718297036,0.12911700608589255,0.0173357137082276,0.07546537209097244,0.05026326111358626,0.09589178070582255,0.019192178183979624
0.0758793,0.03663882694303971,0.024429555923910197,0.12960483804986622,0.017473136348695933,0.07549607363955067,0.050994869667542804,0.09657760220113343,0.01913300470076212
0.0763448,0.036729006338478996,0.024465595827245005,0.1300914035731391,0.017610423067729315,0.07552230770477852,0.051732850208516576,0.0972661368935497,0.019071940755586145
0.0768103,0.0368165777642954,0.024499855123074923,0.1305767552628016,0.017747557760554103,0.07554422329747165,0.05247715378945056,0.09795734685277206,0.019009028576674625
0.0772759,0.036901523717383374,0.024532350752547293,0.1310609453417033,0.017884524106451215,0.0755619707406399,0.053227729406778716,0.09865119315481671,0.01894431045034845
0.0777414,0.03698382712777569,0.02456309990008419,0.13154402561927175,0.018021305570731446,0.07557570162179163,0.05398452399690619,0.09934763588294707,0.018877828708419794
0.0782069,0.03706347136414305,0.024592119990238855,0.13202604746261065,0.01815788540681568,0.07558556874457417,0.054747482433371,0.1000466341290646,0.018809625715654907
0.0786724,0.03714044023921103,0.024619428684506284,0.13250706176789345,0.018294246658420076,0.07559172607976537,0.05551654752469286,0.10074814599556031,0.018739743857310535
0.0791379,0.03721471801509139,0.02464504387808642,0.13298711893206877,0.018430372161846415,0.07559432871563124,0.056291660012914566,0.1014521285976279,0.01866822552674828
0.0796034,0.03728628940852471,0.024668983696598607,0.13346626882489232,0.018566244548377745,0.07559353280766526,0.05707275857284101,0.10215853806603856,0.018595113113130928
0.080069,0.03735513959603124,0.024691266492746,0.1339445607613002,0.01870184624677941,0.07558949552772476,0.05785977981198071,0.10286732955037725,0.018520448989204727
0.0805345,0.03742125421896654,0.02471191084292867,0.13442204347413791,0.018837159485905516,0.07558237501257961,0.0586526582711941,0.10357845722273974,0.018444275499171558
0.081,0.03748461938847857,0.024730935543804254,0.13489876508725876,0.018972166297410754,0.0755723303118889,0.05945132642605259,0.10429187428188876,0.018366634946654813
0.0814655,0.037545221690362895,0.024748359608794925,0.13537477308900572,0.019106848518567504,0.07555952133562187,0.06025571468891204,0.10500753295786776,0.018287569582762758
0.081931,0.037603048189812485,0.024764202264539712,0.13585011430609042,0.019241187795188158,0.07554410880093973,0.06106575141170407,0.10572538451707009,0.018207121594253084
0.0823966,0.0376580864360588,0.02477848294729114,0.1363248348778823,0.019375165584652593,0.07552625417855574,0.06188136288944827,0.10644537926776122,0.01812533309180224
0.0828621,0.037710324466900584,0.024791221299255494,0.13679898023112114,0.019508763159040807,0.07550611963859195,0.0627024733644884,0.10716746656605118,0.018042246098383143
0.0833276,0.03775975081311685,0.024802437164876154,0.1372725950550658,0.019641961608370867,0.07548386799595136,0.06352900503145557,0.10789159482231438,0.017957902537754714
0.0837931,0.03780635450276049,0.02481215058705954,0.13774572327709209,0.019774741843942414,0.07545966265522507,0.0643608780429613,0.10861771150805286,0.017872344223066616
0.0842586,0.037850125065328706,0.024820381803343627,0.13821840803875315,0.019907084601786022,0.07543366755515482,0.06519801051602313,0.10934576316319873,0.017785612845582516
0.0847241,0.03789105253580632,0.02482715124200915,0.13869069167231615,0.020038970446218784,0.07540604711267176,0.06604031853922504,0.11007569540385075,0.01769774996352504
0.0851897,0.037929127458578,0.024832479518133985,0.13916261567778757,0.020170379773506435,0.07537696616653328,0.06688771618061472,0.11080745293043934,0.017608796991045523
0.0856552,0.037964340891205435,0.024836387429591347,0.13963422070043974,0.020301292815632276,0.07534658992058049,0.06774011549633918,0.1115409795363136,0.01751879518732155
0.0861207,0.03799668440806537,0.02483889595299289,0.14010554650885107,0.020431689644173044,0.07531508388663961,0.0685974265400199,0.11227621811674268,0.017427785645785204
0.0865862,0.038026150103844476,0.024840026239577907,0.14057663197347123,0.02056155017428176,0.0752826138270902,0.06945955737286794,0.11301311067832377,0.01733580928348487
0.0870517,0.03805273059688696,0.02483979961105008,0.14104751504572274,0.02069085416877755,0.0752493456971232,0.07032641407453939,0.11375159834878784,0.01724290683058345
0.0875172,0.038076419032390875,0.02483823755536329,0.14151823273765102,0.020819581242342216,0.07521544558671141,0.07119790075473151,0.11449162138719332,0.01714911881999565
0.0879828,0.03809720908544923,0.02483536172245811,0.1419888211021351,0.02094771086582335,0.07518107966231405,0.07207391956551953,0.1152331191944977,0.017054485577167173
0.0884483,0.038115094963932485,0.024831193919950686,0.14245931521367197,0.02107522237064364,0.07514641410833721,0.07295437071443482,0.11597603032449598,0.01695904720999847
0.0889138,0.038130071411209276,0.024825756108775576,0.1429297491497469,0.021202094953315927,0.07511161506837094,0.07383915247828467,0.11672029249511444,0.016862843598915624
0.0893793,0.03814213370870267,0.024819070398784192,0.14340015597280206,0.021328307680063593,0.07507684858622365,0.07472816121771514,0.11746584260004865,0.01676591438709087
0.0898448,0.03815127767827947,0.024811159044300153,0.14387056771281576,0.021453839491545695,0.07504228054677368,0.07562129139251797,0.1182126167207344,0.01666829897081511
0.0903103,0.038157499684470284,0.024802044439632957,0.14434101535050342,0.02157866920768623,0.07500807661665809,0.07651843557768298,0.11896055013864147,0.016570036490024663
0.0907759,0.038160796636517925,0.024791749114551013,0.14481152880115164,0.021702775532606768,0.07497440218481823,0.07741948448019735,0.11970957734788147,0.016471165818984414
0.0912414,0.038161165990252044,0.024780295729715105,0.14528213689909558,0.02182613705966167,0.07494142230292225,0.0783243269565928,0.12045963206812134,0.016371725557129346
0.0917069,0.03815860574978785,0.024767707072073205,0.14575286738285018,0.021948732276575,0.07490930162568465,0.07923285003124154,0.12121064725779494,0.016271754020066382
0.0921724,0.03815311446904735,0.02475400605021744,0.14622374688090364,0.022070539570678203,0.07487820435110402,0.08014493891540132,0.12196255512760533,0.01617128923073831
0.0926379,0.03814469125310186,0.024739215689704032,0.14669480089818115,0.022191537234247587,0.07484829416064089,0.08106047702700944,0.1227152871543105,0.016070368910751545
0.0931034,0.038133335759334926,0.024723359128336998,0.14716605380318576,0.022311703469940606,0.07481973415935855,0.08197934601122475,0.1234687740947852,0.01596903047186937
0.093569,0.03811904819842502,0.024706459611416313,0.14763752881582215,0.022431016396330015,0.07479268681605022,0.08290142576171637,0.1242229460003518,0.015867311007672233
0.0940345,0.0381018293351475,0.024688540486951478,0.14810924799590786,0.022549454053534836,0.07476731390337639,0.0838265944426973,0.1249777322313742,0.0157652472853868
0.0945,0.038081680488995205,0.024669625200841386,0.1485812322323758,0.022666994408947153,0.07474377643803662,0.08475472851170038,0.12573306147210903,0.01566287573788528
0.0949655,0.03805860353461712,0.024649737292021707,0.14905350123317107,0.022783615363053577,0.07472223462099985,0.08568570274309374,0.1264888617458106,0.01556023245585658
0.095431,0.03803260090207411,0.024628900387580994,0.14952607351584402,0.022899294755350193,0.07470284777781762,0.0866193902523323,0.12724506043008726,0.01545735318015075
0.0958966,0.038003675576911033,0.0246071381978471,0.14999896639884086,0.023014010370349672,0.07468577429904477,0.0875556625209413,0.12800158427250813,0.015354273294298112
0.0963621,0.03797183110004421,0.024584474511445662,0.15047219599349304,0.023127739943679327,0.0746711715807921,0.08849438942222802,0.12875835940645897,0.015251027817204353
0.0968276,0.03793707156746382,0.02456093319033256,0.15094577719670596,0.023240461168268778,0.07465919596543599,0.08943543924771664,0.12951531136724656,0.015147651396022746
0.0972931,0.037899401629751105,0.024536538164802526,0.1514197236843489,0.02335215170062595,0.07465000268250983,0.09037867873430161,0.1302723651084493,0.01504417829920453
0.0977586,0.0378588264914104,0.024511313428476317,0.15189404790534738,0.023462789167200186,0.07464374578980221,0.09132397309211404,0.13102944501851166,0.014940642409728406
0.0982241,0.03781535191001684,0.024485283033268992,0.1523687610764805,0.023572351170831184,0.07464057811468669,0.09227118603309546,0.1317864749375788,0.014837077218509909
0.0986897,0.037768984195180384,0.024458471084342164,0.15284387317788511,0.023680815297282647,0.07464065119570802,0.09322017980027228,0.1325433781745672,0.014733515817991347
0.0991552,0.03771973020732696,0.02443090173504318,0.15331939294926894,0.023788159121859127,0.07464411522444894,0.09417081519772402,0.13330007752446543,0.014629990895912848
0.0996207,0.037667597356297426,0.024402599181834256,0.15379532788683428,0.02389436021610476,0.07465111898770121,0.09512295162123754,0.13405649528585925,0.014526534729264937
0.1000862,0.03761259359976507,0.024373587659214817,0.1542716842409124,0.0239993961545823,0.0746618098099644,0.096076447089639,0.13481255327867434,0.014423179178422927
0.1005517,0.03755472744147222,0.02434389143464019,0.15474846701430792,0.02410324452173087,0.07467633349629504,0.09703115827679458,0.1355681728621285,0.014319955681463324
0.1010172,0.03749400792928636,0.024313534803439816,0.1552256799613513,0.024205882918800554,0.07469483427552864,0.09798694054427025,0.13632327495288524,0.014216895248662296
0.1014828,0.03743044465307633,0.024282542083738038,0.15570332558765632,0.024307288970862154,0.07471745474389661,0.09894364797464056,0.13707778004339938,0.014114028457176188
0.1019483,0.037364047742408944,0.024250937611380693,0.15618140515057885,0.02440744033389004,0.07474433580906059,0.09990113340543719,0.13783160822044463,0.014011385445903989
0.1024138,0.03729482786406652,0.024218745734870324,0.15665991866037343,0.024506314701916086,0.07477561663458628,0.10085924846372686,0.1385846791838122,0.013908995910531555
0.1028793,0.03722279621938589,0.024185990810313016,0.1571388648820435,0.02460388981425254,0.07481143458487917,0.10181784360130904,0.1393369122651692,0.013806889098757427
0.1033448,0.03714796454141929,0.024152697196379407,0.1576182413378828,0.024700143462781515,0.07485192517060403,0.1027767681305232,0.14008822644706426,0.013705093805699916
0.1038103,0.03707034509191765,0.02411888924928261,0.15809804431070562,0.024795053499308568,0.07489722199460981,0.1037358702606551,0.14083854038206767,0.013603638369485183
0.1042759,0.03698995065813686,0.024084591317775555,0.158578268847765,0.024888597842977915,0.07494745669838127,0.1046949971349309,0.14158777241203155,0.013502550667015863
0.1047414,0.03690679454946815,0.024049827738170295,0.15905890876535675,0.024980754487746587,0.07500275890903826,0.10565399486808688,0.14233584058745574,0.01340185810991971
0.1052069,0.03682089059389395,0.024014622829381594,0.15953995665410764,0.02507150150991485,0.0750632561869037,0.10661270858450246,0.14308266268694386,0.0133015876406777
0.1056724,0.03673225313427086,0.023979000887997225,0.16002140388494468,0.02516081707571027,0.07512907397366078,0.10757098245688261,0.14382815623673365,0.013201765728930918
0.1061379,0.03664089702444185,0.02394298618337727,0.1605032406157417,0.0252486794489227,0.07520033554112078,0.10852865974547558,0.14457223853028586,0.013102418367965466
0.1066034,0.0365468376251798,0.023906602952784663,0.16098545579863874,0.025335066998587646,0.07527716194062166,0.10948558283781057,0.1453148266479153,0.013003571071374613
0.107069,0.036450090799964786,0.02386987539654904,0.16146803718802974,0.025419958206715363,0.07535967195307876,0.11044159328893946,0.14605583747644718,0.012905248869897253
0.1075345,0.03635067291059778,0.02383282767326602,0.16195097134921294,0.02550333167606317,0.07544798203970762,0.11139653186216594,0.14679518772888217,0.012807476308431688
0.108,0.03624860081265382,0.023795483895033734,0.16243424366769746,0.025585166137948367,0.07554220629343926,0.11235023857024438,0.14753279396405364,0.012710277443223634
0.1084655,0.03614389185077744,0.02375786812272847,0.16291783835915932,0.025665440460099175,0.07564245639104779,0.11330255271703006,0.14826857260625947,0.012613675839227264
0.108931,0.036036563853823284,0.023720004361321018,0.163401738480038,0.02574413365454096,0.07574884154600994,0.11425331293956137,0.14900243996485243,0.01251769456763797
0.1093966,0.03592663512984463,0.02368191655523509,0.16388592593876436,0.025821224885514922,0.075861468462116,0.11520235725055404,0.14973431225377304,0.012422356203595468
0.1098621,0.03581412446093244,0.02364362858374922,0.16437038150760866,0.025896693477426323,0.075980441287851,0.1161495230812863,0.15046410561100926,0.012327682824055785
0.1103276,0.035699051097907705,0.023605164256443142,0.16485508483513722,0.025970518922819135,0.07610586157156508,0.11709464732485331,0.15119173611796746,0.012233696005830639
0.1107931,0.035581434754869835,0.023566547308689744,0.16534001445926383,0.026042680890373874,0.07623782821745127,0.11803756637976787,0.15191711981873837,0.012140416823792636
0.1112586,0.03546129560360457,0.023527801397193238,0.16582514782088195,0.026113159232925228,0.07637643744234912,0.11897811619388421,0.15264017273924127,0.012047865849244726
0.1117241,0.03533865426785465,0.023488950095574425,0.16631046127806248,0.026181933995496197,0.07652178273339225,0.11991613230862085,0.15336081090622938,0.011956063148452272
0.1121897,0.03521353181745705,0.02345001689000348,0.16679593012080138,0.026248985423345115,0.07667395480651779,0.12085144990345863,0.15407895036613875,0.011865028281336095
0.1126552,0.03508594976235039,0.023411025174880768,0.16728152858630135,0.026314293970022166,0.07683304156585535,0.1217839038406904,0.1547945072037632,0.01177478030032473
0.1131207,0.034955930046456155,0.02337199824856588,0.16776722987477133,0.026377840305431745,0.07699912806401304,0.12271332871039965,0.1555073975607382,0.011685337749364108
0.1135862,0.03482349504143765,0.02333295930915517,0.16825300616572647,0.026439605323897077,0.07717229646327767,0.12363955887564615,0.15621753765381702,0.0115967186630827
0.1140517,0.03468866754034029,0.023293931450307778,0.16873882863477138,0.026499570152223435,0.07735262599774603,0.124562428517838,0.1569248437929228,0.011508940566110234
0.1145172,0.03455147075111738,0.023254937657120146,0.16922466747084833,0.02655771615775647,0.07754019293640421,0.1254817716822712,0.1576292323989602,0.01142202047254782
0.1149828,0.034411928290045114,0.02321600080204885,0.16971049189393134,0.02661402495643235,0.07773507054717105,0.1263974223238192,0.15833062002137194,0.011335974885587418
0.1154483,0.03427006417503082,0.023177143640881408,0.17019627017314737,0.026668478420816585,0.07793732906192222,0.12730921435275702,0.15902892335542496,0.011250819797278383
0.1159138,0.03412590281881811,0.023138388808754518,0.17068196964530474,0.026721058688128713,0.07814703564251031,0.1282169816807061,0.15972405925921204,0.011166570688438836
0.1163793,0.03397946902209274,0.023099758816219118,0.17116755673380854,0.026771748168250214,0.07836425434779642,0.12912055826668756,0.16041594477035373,0.01108324252870948
0.1168448,0.03383078796649274,0.023061276045351384,0.17165299696794134,0.02682052955171307,0.07858904610170833,0.1300197781632732,0.16110449712238503,0.011000849776747444
0.1173103,0.0336798852075266,0.023022962745908718,0.1721382550024884,0.026867385817666352,0.07882146866233988,0.13091447556282604,0.16178963376081248,0.010919406380557672
0.1177759,0.03352678666740313,0.022984841031529632,0.17262329463768325,0.026912300241818142,0.07906157659210608,0.13180448484382398,0.16247127235882686,0.010838925777959377
0.1182414,0.03337151862777641,0.02294693287597643,0.17310807883945128,0.026955256404349995,0.07930942122896792,0.13268964061726385,0.1631493308326582,0.010759420897185118
0.1187069,0.033214107722409146,0.02290926010941949,0.17359256975992668,0.026996238197800983,0.0795650506587401,0.13356977777314466,0.16382372735656062,0.010680904157610051
0.1191724,0.03305458092975771,0.022871844414761967,0.17407672875821745,0.027035229834918403,0.07982850968849474,0.1344447315270306,0.16449438037741534,0.010603387470609054
0.1196379,0.03289296556548198,0.022834707324003646,0.1745605164213924,0.027072215856472272,0.08009983982107352,0.13531433746669536,0.16516120862894274,0.010526882240539387
0.1201034,0.032729289274883167,0.02279787021464275,0.17504389258566286,0.027107181139030618,0.08037907923072066,0.13617843159884988,0.16582413114551692,0.010451399365846655
0.120569,0.032563580025273035,0.022761354306114392,0.17552681635773137,0.02714011090269285,0.0806662627398484,0.13703685039595573,0.16648306727558,0.010376949240291786
0.1210345,0.03239586609827804,0.02272518065626462,0.17600924613627947,0.02717099071877824,0.08096142179694725,0.1378894308431263,0.16713793669465554,0.010303541754296755
0.1215,0.03222617608208247,0.02268937015785894,0.17649113963356722,0.027199806517466625,0.08126458445565239,0.1387360104851181,0.1677886594179625,0.010231186296406786
0.1219655,0.032054538863614805,0.0226539435351246,0.1769724538971177,0.027226544595388303,0.0815757753549776,0.13957642747341326,0.16843515581263155,0.010159891754866876
0.122431,0.031880983620681924,0.022618921340325997,0.17745314533146028,0.027251191623160184,0.0818950157007277,0.14041052061339374,0.1690773466095274,0.010089666519310486
0.1228966,0.031705539814055966,0.02258432395037308,0.1779331697199076,0.02727373465286525,0.08222232324810004,0.141238129411607,0.16971515291468106,0.010020518482558359
0.1233621,0.03152823717951901,0.02255017156346276,0.17841248224634149,0.027294161125472397,0.08255771228548536,0.1420590941231216,0.17034849622033718,0.009952455042525479
0.1238276,0.0313491057198707,0.022516484195753618,0.1788910375169831,0.02731245887819372,0.0829011936194779,0.1428732557989709,0.1709772984156214,0.009885483104234176
0.1242931,0.031168175696904128,0.022483281678074344,0.17936878958212438,0.027328616151776296,0.0832527745611047,0.14368045633368134,0.17160148179683343,0.009819609081931429
0.1247586,0.030985477623355216,0.0224505836526663,0.1798456919577997,0.027342621597725415,0.0836124589132838,0.1444805385128819,0.1722209690773724,0.00975483890130842
0.1252241,0.030801042254830876,0.0224184095699606,0.1803216976473786,0.027354464285456005,0.08398024695952093,0.14527334606099002,0.17283568339730285,0.009691178001820372
0.1256897,0.0306149005817211,0.022386778685389894,0.18079675916306234,0.02736413370936896,0.08435613545385406,0.14605872368896927,0.1734455483325723,0.009628631339104748
0.1261552,0.03042708382109988,0.02235571005623491,0.18127082854726936,0.027371619795848845,0.08474011761205419,0.14683651714215204,0.1740504879038914,0.009567203387495926
0.1266207,0.030237623408619827,0.022325222538505846,0.18174385739389354,0.02737691291017944,0.08513218310409068,0.14760657324812107,0.17465042658529,0.00950689814263443
0.1270862,0.03004655099040499,0.022295334783858495,0.1822157968694205,0.02738000386337364,0.085532318047869,0.14836873996464134,0.17524528931236236,0.009447719124168903
0.1275517,0.029853898414946307,0.02226606523654502,0.18268659773388604,0.02738088391891412,0.08594050500424787,0.14912286642763353,0.1758350014902138,0.009389669378549008
0.1280172,0.029659697725004028,0.022237432130399432,0.18315621036166196,0.027379544799401277,0.08635672297334267,0.1498688029991786,0.1764194890011225,0.009332751481907564
0.1284828,0.029463981149521336,0.022209453485857965,0.18362458476205532,0.02737597869310495,0.08678094739212099,0.1506064013155431,0.17699867821192986,0.009276967543030284
0.1289483,0.029266781095553494,0.022182147107014702,0.18409167059970935,0.02737017826041647,0.08721315013329645,0.15133551433521297,0.17757249598117414,0.009222319206411554
0.1294138,0.029068130140216947,0.022155530578712935,0.184557417214795,0.02736213664019739,0.08765329950552589,0.1520559963869242,0.17814086966598214,0.00916880765539485
0.1298793,0.028868061022662813,0.022129621263673124,0.185021773642983,0.02735184745602126,0.08810136025491486,0.15276770321767694,0.17870372712873386,0.0091164336153964
0.1303448,0.02866660663607936,0.022104436299658303,0.18548468863518672,0.02733930482230482,0.08855729356783607,0.15347049204071986,0.1792609967435163,0.009065197357210786
0.1308103,0.02846380001972794,0.022079992596677936,0.18594611067706587,0.027324503350324693,0.08902105707506464,0.15416422158349127,0.17981260740238053,0.009015098700397213
0.1312759,0.028259674351016794,0.022056306834231137,0.18640598800828123,0.027307438154115998,0.08949260485723307,0.15484875213550142,0.18035848852141803,0.008966137016745175
0.1317414,0.02805426293761714,0.022033395458590274,0.18686426864149,0.027288104856249287,0.0899718874516093,0.15552394559614108,0.18089857004667168,0.008918311233818173
0.1322069,0.027847599209625803,0.022011274680125703,0.18732090038107252,0.027266499593482516,0.09045885186019959,0.15618966552240002,0.181432782459897,0.008871619838574178
0.1326724,0.02763971671177859,0.02198996047067231,0.18777583084157837,0.027242619022284927,0.09095344155917781,0.1568457771764778,0.18196105678418886,0.008826060881061483
0.1331379,0.02743064909571852,0.021969468560938402,0.1882290074658806,0.027216460324230047,0.09145559650964291,0.15749214757326818,0.18248332458948693,0.008781631978188587
0.1336034,0.027220430112322957,0.021949814437957356,0.18868037754302572,0.027188021211255218,0.09196525316970512,0.15812864552769754,0.1829995179979736,0.008738330317566882
0.134069,0.02700909360409336,0.021931013342582135,0.18912988822576626,0.02715729993078543,0.09248234450790192,0.15875514170189672,0.1835095696893762,0.008696152661424915
0.1345345,0.02679667349761143,0.02191308026702283,0.18957748654776344,0.027124295270719447,0.09300680001794479,0.15937150865218463,0.1840134129061848,0.00865509535059321
0.135,0.02658320379606502,0.021896029952427187,0.19002311944044672,0.027089006564276333,0.09353854573479765,0.15997762087584033,0.18451098145879574,0.008615154308558609
0.1354655,0.026368718571847177,0.021879876886504102,0.19046673374951836,0.02705143369470057,0.09407750425208768,0.16057335485763993,0.18500220973059048,0.008576325045587243
0.135931,0.026153251959231568,0.021864635301189712,0.19090827625109077,0.027011577099823932,0.0946235947408486,0.16115858911613282,0.18548703268295746,0.008538602662915215
0.1363966,0.025936838147127356,0.02185031917035577,0.19134769366744467,0.026969437776482162,0.09517673296959658,0.16173320424963067,0.18596538586026484,0.008501981857006112
0.1368621,0.02571951137191669,0.021836942207559926,0.19178493268239652,0.026925017284784636,0.09573683132573822,0.16229708298188184,0.18643720539479045,0.008466456923874472
0.1373276,0.025501305910377817,0.021824517863837285,0.1922199399562636,0.02687831775223507,0.0963037988383097,0.16285011020740206,0.18690242801161422,0.008432021763474299
0.1377931,0.025282256072696734,0.021813059325532756,0.1926526621404161,0.026829341877701456,0.09687754120204631,0.16339217303643158,0.18736099103347725,0.008398669884151732
0.1382586,0.025062396195570307,0.021802579512173507,0.19308304589140748,0.02677809293523365,0.0974579608027812,0.16392316083948644,0.18781283238561153,0.008366394407160964
0.1387241,0.024841760635403685,0.021793091074380974,0.1935110378846758,0.026724574777727227,0.09804495674417199,0.16444296529147195,0.18825789060054315,0.008335188071242443
0.1391897,0.0246203837616049,0.02178460639182174,0.19393658482781023,0.02666879184043241,0.09863842487575356,0.16495148041532434,0.1886961048228727,0.008305043237262423
0.1396552,0.024398299949979434,0.02177713757119673,0.194359633473377,0.02661074914430722,0.09923825782231535,0.16544860262514538,0.1891274148140366,0.008275951892912883
0.1401207,0.02417554357622753,0.021770696444268125,0.1947801306313004,0.02655045229921419,0.09984434501460042,0.1659342307687948,0.18955176095705673,0.008247905657470838
0.1405862,0.0239521490095469,0.021765294565923562,0.19519802318079585,0.02648790750696013,0.10045657272132333,0.16640826616990384,0.18996908426128534,0.008220895786616108
0.1410517,0.023728150606343305,0.02176094321227729,0.19561325808185367,0.026423121564178646,0.1010748240825031,0.1668706126692732,0.1903793263671553,0.008194913177306584
0.1415172,0.02350358270405143,0.021757653378807956,0.19602578238627352,0.026356101865055312,0.10169897914410671,0.16732117666561666,0.19078242955094601,0.00816994837271005
0.1419828,0.023278479615068202,0.0217554357785327,0.19643554324825185,0.02628685640389537,0.10232891489399827,0.16775986715561123,0.1911783367295771,0.008145991567191608
0.1424483,0.023052875620800606,0.021754300840217313,0.19684248793452397,0.026215393777533923,0.10296450529918855,0.16818659577321315,0.19156699146544304,0.008123032611355751
0.1429138,0.02282680496582994,0.021754258706622155,0.19724656383406347,0.026141723187588724,0.10360562134437878,0.16860127682819812,0.1919483379713033,0.008101061017142114
0.1433793,0.022600301852194166,0.021755319232783617,0.19764771846734183,0.026065854442555537,0.10425213107179257,0.169003827343882,0.19232232111524392,0.008080065962973884
0.1438448,0.022373400433789933,0.021757491984330635,0.1980458994951518,0.025987797959746126,0.10490389962228841,0.16939416709397803,0.19268888642572582,0.008060036298957856
0.1443103,0.022146134810895626,0.021760786235835786,0.19844105472699905,0.025907564767068743,0.10556078927774573,0.1697722186385444,0.19304798009673665,0.008040960552135087
0.1447759,0.02191853902481671,0.021765210969200366,0.1988331321290655,0.025825166504651054,0.10622265950471543,0.17013790735897533,0.1933995489930604,0.008022826931781132
0.1452414,0.02169064705265441,0.02177077487207263,0.1992220798317504,0.02574061542630537,0.10688936699932584,0.17049116149198862,0.19374354065568072,0.008005623334754826
0.1457069,0.021462492802198748,0.02177748633629833,0.19960784613679458,0.025653924400835866,0.10756076573343401,0.17083191216256094,0.19407990330733174,0.007989337350894628
0.1461724,0.0212341101069469,0.02178535345640254,0.19999037952399484,0.02556510691318762,0.10823670700201117,0.1711600934157623,0.19440858585820953,0.007973956268461502
0.1466379,0.021005532721247718,0.02179438402810168,0.2003696286575137,0.025474177065437163,0.10891703947175052,0.17147564224744133,0.1947295379118572,0.007959467079627289
0.1471034,0.020776794315573267,0.02180458554684478,0.20074554239179065,0.02538114957762433,0.10960160923088555,0.1717784986337126,0.19504270977123545,0.00794585648600755
0.147569,0.020547928471918192,0.02181596520638292,0.20111806977706023,0.025286039788425054,0.11029025984020545,0.1720686055591973,0.1953480524449891,0.007933110904237834
0.1480345,0.020318968679327535,0.02182852989736597,0.2014871600644814,0.02518886365566498,0.11098283238525446,0.17234590904396982,0.19564551765391996,0.007921216471592349
0.1485,0.02008994832955358,0.021842286205965795,0.20185276271088218,0.02508963775667358,0.11167916552970074,0.17261035816916442,0.19593505783767418,0.007910159051644066
0.1489655,0.019860900712842147,0.02185724041252534,0.20221482738312335,0.024988379288478565,0.11237909556986067,0.17286190510120128,0.1962166261616509,0.007899924239965309
0.149431,0.019631859013848743,0.021873398490232978,0.20257330396208406,0.024885106067840265,0.11308245649036316,0.17310050511459446,0.1964901765241384,0.007890497369867832
0.1498966,0.019402856307684808,0.021890766103821912,0.20292814254627192,0.02477983653112564,0.11378908002093804,0.17332611661331151,0.1967556635636818,0.007881863518181417
0.1503621,0.0191739255560943,0.02190934860829445,0.20327929345505874,0.024672589734021436,0.1144987956943118,0.17353870115065959,0.19701304266668565,0.007874007511070024
0.1508276,0.018945099603760746,0.02192915104767121,0.2036267072315418,0.024563385351085945,0.11521143090519312,0.17373822344767623,0.19726226997525365,0.007866913929884587
0.1512931,0.01871641117474473,0.021950178153765484,0.20397033464503098,0.024452243675138624,0.11592681097032988,0.17392465141000887,0.19750330239526623,0.007860567117051572
0.1517586,0.018487892869051874,0.02197243434498334,0.20431012669316087,0.02433918561648671,0.11664475918961831,0.17409795614326817,0.1977360976046965,0.007854951181996448
0.1522241,0.018259577159331096,0.0219959237251501,0.2046460346036296,0.024224232701987782,0.11736509690824411,0.1742581119668436,0.19796061406216284,0.007850050007101319
0.1526897,0.018031496387703048,0.022020650082363986,0.2049780098355676,0.024107407073947002,0.11808764357983442,0.1744050964261724,0.19817681101571633,0.00784584725369588
0.1531552,0.017803682762718494,0.022046616887877866,0.20530600408054434,0.023988731488847708,0.11881221683059902,0.17453889030345437,0.1983846485118586,0.007842326368080944
0.1536207,0.017576168356446355,0.02207382729500998,0.20562996926322444,0.023868229315913817,0.11953863252443764,0.17465947762680686,0.19858408740478614,0.007839470587583736
0.1540862,0.0173489851016911,0.022102284138084537,0.20594985754168837,0.0237459245355025,0.12026670482899018,0.17476684567785694,0.1987750893658542,0.007837262946644226
0.1545517,0.017122164789338982,0.02213198993140297,0.20626562130743434,0.023621841737325525,0.1209962462826051,0.17486098499776873,0.1989576168932544,0.007835686282931827
0.1550172,0.01689573906583257,0.022162946868246394,0.20657721318508035,0.023496006118497663,0.12172706786220021,0.1749418893917057,0.1991316333218973,0.007834723243491855
0.1554828,0.01666973943077284,0.02219515681990982,0.2068845860317843,0.023368443481410615,0.12245897905199019,0.1750095559317271,0.1992971028334912,0.007834356290921171
0.1559483,0.016444197234647986,0.022228621334768616,0.20718769293640066,0.023239180231430935,0.12319178791305337,0.17506398495811806,0.19945399046680726,0.007834567709572427
0.1564138,0.01621914367668791,0.022263341637377556,0.20748648721839177,0.0231082433744206,0.12392530115371045,0.17510518007915277,0.19960226212811888,0.00783533961178632
0.1568793,0.01599460980284345,0.022299318627602857,0.20778092242651042,0.022975660514078892,0.12465932420068676,0.17513314816928832,0.1997418846018022,0.007836653944151202
0.1573448,0.015770626503889072,0.02233655287978748,0.20807095233727022,0.022841459849104642,0.12539366127102933,0.1751478993657883,0.19987282556108318,0.007838492493789373
0.1578103,0.015547224513647772,0.022375044641949754,0.20835653095321857,0.022705670170177904,0.12612811544474892,0.1751494470637756,0.19999505357891476,0.007840836894669315
0.1582759,0.015324434407336872,0.022414793835015292,0.20863761250102594,0.022568320856760412,0.1268624887381572,0.17513780790971445,0.20010853813896662,0.007843668633943165
0.1587414,0.015102286600033219,0.022455800052082187,0.20891415142940464,0.022429441873714425,0.12759658217786785,0.17511300179332492,0.20021324964670895,0.007846969058308697
0.1592069,0.014880811345256336,0.022498062557719137,0.20918610240686927,0.0222890637677398,0.12833019587543004,0.1750750518379346,0.2003091594405707,0.007850719380395084
0.1596724,0.014660038733667915,0.02254158028729634,0.2094534203193515,0.02214721766362939,0.12906312910256154,0.17502398438927672,0.2003962398031518,0.00785490068517172
0.1601379,0.014439998691886032,0.02258635184634883,0.2097160602676827,0.022003935260343045,0.1297951803669481,0.17495982900274723,0.20047446397246715,0.007859493936379292
0.1606034,0.01422072098141236,0.022632375509971856,0.209973977564959,0.021859248826900834,0.13052614748857438,0.17488261842913735,0.20054380615320047,0.007864479982982309
0.161069,0.014002235197670639,0.022679649222248122,0.21022712773380317,0.021713191198096313,0.13125582767655083,0.17479238859886387,0.20060424152794187,0.007869839565642188
0.1615345,0.013784570769154538,0.02272817059570639,0.2104754665035391,0.02156579577003074,0.1319840176064004,0.17468917860472286,0.20065574626838428,0.007875553323209983
0.162,0.013567756956682973,0.02277793691081101,0.21071894980729516,0.02141709649546941,0.13271051349776816,0.17457303068319754,0.2006982975464507,0.007881601799237779
0.1624655,0.013351822852760802,0.022828945115481784,0.21095753377905468,0.02126712787902152,0.1334351111925163,0.17444399019435486,0.20073187354532376,0.007887965448507768
0.162931,0.013136797381042759,0.02288119182464346,0.2111911747506728,0.021115924972145074,0.13415760623316658,0.17430210560036752,0.2007564534703484,0.007894624643578027
0.1633966,0.01292270929589839,0.022934673319804127,0.21141982924888134,0.020963523367978465,0.13487779394165117,0.17414742844270026,0.20077201755977683,0.00790155968134394
0.1638621,0.012709587182075637,0.02298938554866167,0.21164345399230264,0.020809959196000583,0.13559546949833218,0.1739800133179996,0.20077854709532442,0.007908750789614224
0.1643276,0.012497459454460643,0.023045324124737674,0.21186200588849402,0.020655269116521394,0.13631042802124932,0.17379991785272694,0.20077602441250317,0.00791617813370044
0.1647931,0.012286354357931357,0.02310248432703825,0.21207544203104192,0.020499490315004937,0.13702246464555387,0.17360720267657526,0.20076443291069923,0.007923821823018871
0.1652586,0.012076299967302397,0.023160861099741463,0.21228371969672494,0.020342660496226826,0.13773137460308654,0.17340193139470658,0.20074375706295977,0.007931661917703595
0.1657241,0.011867324187358664,0.023220449051911358,0.21248679634276443,0.02018481787826824,0.13843695330205583,0.1731841705588493,0.2007139824254561,0.007939678435229622
0.1661897,0.011659454752975194,0.023281242457238706,0.21268462960418072,0.020026001186348525,0.13913899640677202,0.17295398963729153,0.20067509564659142,0.00794785135704497
0.1666552,0.011452719229320684,0.023343235253808815,0.2128771772912739,0.01986624964649837,0.1398372999173917,0.17271146098380646,0.2006270844757248,0.00795616063521063
0.1671207,0.01124714501214216,0.02340642104389689,0.2130643973872484,0.019705602979075594,0.14053166024962555,0.17245665980554442,0.20056993777148557,0.007964586199047403
0.1675862,0.01104275932812817,0.023470793093791638,0.21324624804600015,0.019544101392125403,0.1412218743143632,0.17218966412992587,0.20050364550965474,0.00797310796178868
0.1680517,0.010839589235347821,0.023536344333647905,0.21342268759008443,0.019381785574586956,0.14190773959716685,0.17191055477056746,0.20042819879059284,0.007981705827238204
0.1685172,0.010637661623763003,0.02360306735736907,0.21359367450888161,0.019218696689347985,0.14258905423758658,0.17161941529227306,0.2003435898461966,0.007990359696431906
0.1689828,0.010437003215810916,0.023670954422519902,0.21375916745697704,0.01905487636614902,0.1432656171082504,0.17131633197511997,0.20024981204637188,0.007999049474302891
0.1694483,0.010237640567054077,0.023739997450270476,0.21391912525277135,0.018890366694338724,0.1439372278936823,0.17100139377766924,0.20014685990501585,0.008007755076348612
0.1699138,0.010039600066894824,0.023810188025371715,0.21407350687733734,0.018725210215481694,0.14460368716880273,0.17067469229932739,0.20003472908550357,0.008016456435299248
0.1703793,0.009842907939351324,0.023881517396163062,0.214222271473541,0.018559449915820148,0.14526479647706528,0.17033632174188615,0.19991341640567753,0.008025133507786256
0.1708448,0.009647590243891984,0.023953976474612806,0.2143653783454438,0.01839312921859085,0.14592035840818335,0.1699863788702648,0.19978291984233976,0.008033766281009998
0.1713103,0.009453672876325174,0.024027555836391754,0.21450278695800323,0.018226291976198652,0.14657017667539973,0.16962496297247995,0.199643238535247,0.008042334779405302
0.1717759,0.009261181569741138,0.024102245720981103,0.21463445693708832,0.018058982462248095,0.14721405619225122,0.16925217581886498,0.19949437279060986,0.008050819071303734
0.1722414,0.00907014189550296,0.024178036031815425,0.21476034806982555,0.017891245363434678,0.14785180314877977,0.16886812162056156,0.19933632408409763,0.008059199275591311
0.1727069,0.00888057926428336,0.024254916336461943,0.21488042030528967,0.017723125771297317,0.14848322508714185,0.16847290698730435,0.19916909506335004,0.008067455568360356
0.1731724,0.008692518927144106,0.024332875866837245,0.21499463375555175,0.01755466917383377,0.14910813097656678,0.16806664088451895,0.19899268954999735,0.008075568189554164
0.1736379,0.008505985976654688,0.024411903519462663,0.2151029486970962,0.01738592144698084,0.14972633128761495,0.16764943458975237,0.19880711254118916,0.008083517449603147
0.1741034,0.008321005348046898,0.024491987855759352,0.2152053255726171,0.017216928845961384,0.15033763806568606,0.16722140164845448,0.19861237021063308,0.008091283736051105
0.174569,0.008137601820401866,0.024573117102384117,0.21530172499320355,0.017047737996500265,0.15094186500372855,0.16678265782912693,0.19840846990914393,0.00809884752017028
0.1750345,0.007955800017866096,0.024655279151606938,0.21539210774092285,0.016878395885911533,0.1515388275141013,0.16633332107785648,0.1981954201647039,0.008106189363563802
0.1755,0.007775624410892988,0.02473846156173101,0.21547643477180856,0.016708949854059296,0.1521283427995408,0.16587351147224788,0.1979732306820357,0.008113289924754167
0.1759655,0.007597099317506246,0.024822651557556023,0.2155546672192606,0.0165394475841948,0.15271022992318803,0.16540335117477323,0.19774191234169242,0.008120129965756276
0.176431,0.007420248904581629,0.02490783603088563,0.21562676639786282,0.016369937093672425,0.15328430987763228,0.1649229643855535,0.19750147719867095,0.00812669035863362
0.1768966,0.0072450971891434394,0.024994001541079856,0.21569269380762426,0.01620046672454745,0.1538504056529295,0.16443247729458868,0.19725193848055828,0.008132952092036128
0.1773621,0.00707166803967216,0.025081134315653546,0.21575241113864657,0.016031085134058445,0.15440834230355552,0.16393201803345342,0.1969933105852218,0.008138896277718197
0.1778276,0.00689998517741965,0.025169220250921866,0.21580588027622136,0.015861841284997506,0.15495794701425386,0.1634217166264743,0.19672560907805928,0.008144504157035413
0.1782931,0.00673007217772837,0.025258244912694218,0.21585306330635806,0.015692784435971403,0.1554990491647405,0.16290170494140566,0.196448850688826,0.008149757107418457
0.1787586,0.0065619524713511615,0.02534819353701806,0.21589392252174291,0.015523964131557,0.15603148039322515,0.16237211663962237,0.1961630533080601,0.008154636648822816
0.1792241,0.006395649345768167,0.025439051030974432,0.21592842042812802,0.015355430192354306,0.15655507465871052,0.1618330871258498,0.19586823598312922,0.008159124450152967
0.1796897,0.006231185946497597,0.025530801973527327,0.21595651975114802,0.015187232704940594,0.15706966830202856,0.16128475349745366,0.19556441891392182,0.0081632023356598
0.1801552,0.006068585278397092,0.025623430616429185,0.21597818344356115,0.015019422011729134,0.15757510010557255,0.1607272544933152,0.1952516234482062,0.00816685229131018
0.1806207,0.0059078702069525904,0.025716920885185013,0.21599337469290966,0.014852048700736104,0.1580712113516836,0.16016073044231913,0.19492987207668122,0.008170056471127573
0.1810862,0.0057490634595515865,0.025811256380077884,0.21600205692959423,0.014685163595259235,0.15855784587964997,0.1595853232114847,0.1945991884277422,0.008172797203502738
0.1815517,0.005592187626737837,0.025906420377258405,0.2160041938353548,0.014518817743471845,0.15903485014127647,0.15900117615377116,0.19425959726198522,0.008175056997473501
0.1820172,0.005437265163444581,0.026002395829900916,0.21599974935215063,0.014353062407935848,0.15950207325498156,0.15840843405558952,0.19391112446647185,0.008176818548972694
0.1824828,0.005284318390203437,0.02609916536942893,0.21598868769143104,0.01418794905503734,0.15995936705837946,0.1578072430840532,0.19355379704877634,0.0081780647470434
0.1829483,0.0051333694943261855,0.02619671130681228,0.2159709733437874,0.014023529344348345,0.16040658615930445,0.15719775073400127,0.19318764313083672,0.008178778680020735
0.1834138,0.00498444053105671,0.02629501563393844,0.2159465710889778,0.013859855117918275,0.16084358798523504,0.15658010577482695,0.19281269194262957,0.008178943641679422
0.1838793,0.0048375534246903424,0.02639406002506023,0.21591544600631468,0.013696978389498633,0.16127023283107736,0.1559544581971454,0.19242897381568788,0.008178543137346457
0.1843448,0.004692729969657886,0.02649382583832223,0.21587756348540688,0.01353495133370446,0.16168638390526907,0.15532095915933414,0.19203652017648015,0.008177560889978135
0.1848103,0.004549991831571536,0.026594294117368168,0.21583288923724864,0.013373826275115902,0.1620919073741682,0.15467976093397912,0.19163536353966723,0.008175980846200666
0.1852759,0.004409360548229936,0.026695445593031383,0.21578138930564797,0.013213655677323239,0.16248667240469494,0.15403101685425857,0.19122553750125312,0.008173787182313595
0.1857414,0.004270857530579533,0.026797260685110572,0.21572303007898752,0.013054492131918654,0.16287055120520005,0.15337488126029647,0.19080707673164318,0.00817096431025522
0.1862069,0.0041345040636294435,0.02689971950423292,0.21565777830231073,0.012896388347437972,0.1632434190645387,0.15271150944551592,0.19038001696862292,0.008167496883529184
0.1866724,0.004000321307316991,0.02700280185380674,0.21558560108972655,0.012739397138255509,0.16360515438933432,0.15204105760302306,0.18994439501026883,0.008163369803091337
0.1871379,0.003868330297321152,0.027106487232065934,0.21550646593712552,0.012583571413435087,0.16395563873942173,0.1513636827720505,0.18950024870780102,0.008158568223196041
0.1876034,0.003738551945821184,0.027210754834208508,0.21542034073519992,0.01242896416554027,0.16429475686146292,0.15067954278449022,0.18904761695838818,0.008153077557201021
0.188069,0.0036110070421977625,0.027315583554631713,0.2153271937827594,0.012275628459406647,0.1646223967207299,0.1499887962115444,0.18858653969791353,0.008146883483329925
0.1885345,0.003485716253674071,0.027420951989266584,0.21522699380033286,0.012123617420878943,0.16493844953105274,0.14929160231052221,0.18811705789371036,0.008139971950391713
0.189,0.0033627001258943454,0.02752683843801496,0.21511970994404464,0.011972984225515666,0.16524280978293274,0.14858812097180965,0.1876392135372737,0.008132329183456015
0.1894655,0.0032419790834374877,0.02763322090729222,0.2150053118197545,0.011823782087263887,0.16553537526982565,0.1478785126660388,0.18715304963695528,0.00812394168948357
0.189931,0.0031235734302635073,0.02774007711267919,0.2148837694974465,0.011676064247106686,0.1658160471126054,0.14716293839148228,0.18665861021064747,0.008114796262910855
0.1903966,0.0030075033500906565,0.02784738448168676,0.21475505352585242,0.01152988396168582,0.166084729782224,0.14644155962169772,0.18615594027846094,0.008104879991188077
0.1908621,0.0028937889067012783,0.027955120156636856,0.21461913494729304,0.011385294491902034,0.16634133112058974,0.14571453825344624,0.18564508585540127,0.008094180260269722
0.1913276,0.002782450044174452,0.028063260997663188,0.21447598531272027,0.011242349091495433,0.16658576235968986,0.14498203655490843,0.1851260939440486,0.008082684760056899
0.1917931,0.002673506587043603,0.02817178358583508,0.21432557669694255,0.011101100995608302,0.16681793813898652,0.1442442171142201,0.18459901252724537,0.008070381489790685
0.1922586,0.002566978240377276,0.028280664226407595,0.214167881714016,0.010961603409332658,0.16703777652111798,0.14350124278834958,0.18406389056079583,0.008057258763395692
0.1927241,0.0024628845897812974,0.028389878952201013,0.21400287353278452,0.01082390949624479,0.16724519900593737,0.14275327665233709,0.18352077796618152,0.008043305214772986
0.1931897,0.0023612451013205814,0.02849940352711266,0.21383052589255339,0.010688072366928923,0.16744013054292295,0.14200048194891704,0.18296972562329697,0.008028509803041517
0.1936552,0.0022620791213588828,0.028609213449763894,0.21365081311888046,0.010554145067492105,0.1676224995419953,0.14124302203854325,0.18241078536320948,0.008012861817727134
0.1941207,0.0021654058763148788,0.028719283957285124,0.2134637101394718,0.010422180568072289,0.16779223788277714,0.1404810603498363,0.18184400996094635,0.007996350883898275
0.1945862,0.0020712444723330263,0.02882959002924161,0.21326919250016818,0.010292231751341509,0.16794928092233172,0.13971476033047267,0.18126945312831183,0.007978966967247305
0.1950517,0.0019796138948677323,0.028940106391702775,0.21306723638100974,0.010164351401006015,0.16809356750141508,0.13894428539853498,0.18068716950673616,0.007960700379116515
0.1955172,0.00189053300817943,0.029050807521457483,0.21285781861236547,0.010038592190305081,0.16822503994927737,0.13816979889434178,0.18009721466015718,0.007941541781467725
0.1959828,0.001804020554741204,0.029161667650377723,0.2126409166911137,0.009915006670510172,0.168343644087047,0.13739146403277544,0.17949964506793417,0.007921482191794449
0.1964483,0.0017200951545546515,0.029272660769932807,0.21241650879685892,0.009793647259426035,0.16844932922973088,0.13660944385612542,0.1788945181177926,0.007900512987975575
0.1969138,0.0016387753043736867,0.029383760635856127,0.2121845738081689,0.009674566229895236,0.16854204818686405,0.1358239011874635,0.17828189209879677,0.007878625913069634
0.1973793,0.0015600793768350296,0.0294949407729663,0.21194509131881567,0.009557815698307544,0.16862175726184,0.1350349985845672,0.17766182619434642,0.007855813080048759
0.1978448,0.0014840256194941597,0.029606174480144513,0.2116980416540013,0.009443447613115536,0.1686884162499533,0.13424289829440536,0.1770343804751933,0.007832066976471586
0.1983103,0.0014106321537656092,0.029717434835469618,0.21144340588655047,0.009331513743357682,0.1687419884351835,0.13344776220820093,0.17639961589247127,0.00780738046909441
0.1987759,0.0013399169737665676,0.029828694701512393,0.21118116585304897,0.009222065667190171,0.16878244058574998,0.13264975181708347,0.17575759427073487,0.007781746808420026
0.1992414,0.0012718979450629178,0.029939926730790115,0.21091130416990972,0.009115154760428646,0.16880974294846393,0.13184902816834396,0.17510837830099835,0.007755159633183696
0.1997069,0.0012065928033169544,0.030051103371382466,0.21063380424934874,0.009010832185100964,0.16882386924190426,0.13104575182230357,0.17445203153376992,0.007727612974775663
0.2001724,0.001144019152836178,0.030162196872709553,0.2103486503152544,0.008909148878012078,0.1688247966484419,0.13024008280980695,0.1737886183720735,0.007699101261599641
0.2006379,0.001084194465022692,0.03027317929147269,0.21005582741893572,0.008810155539322044,0.16881250580513665,0.12943218059035064,0.173118204064452,0.007669619323366609
0.2011034,0.0010271360767228766,0.030384022497758487,0.20975532145473663,0.008713902621138138,0.1687869807935294,0.12862220401085644,0.17244085469794718,0.0076391623953232495
0.201569,0.0009728611884771529,0.03049469818130675,0.20944711917550585,0.008620440316121991,0.1687482091283521,0.1278103112650982,0.1717566371910489,0.007607726122414322
0.2020345,0.00092138686266977,0.030605177857942686,0.20913120820791234,0.00852981854611263,0.16869618174517648,0.12699665985379105,0.17106561928660788,0.007575306563378147
0.2025,0.0008727300215786517,0.030715432876173697,0.20880757706759784,0.008442086950766313,0.16863089298702388,0.12618140654535134,0.17036786954470337,0.007541900194774382
0.2029655,0.0008269074453254066,0.030825434423951196,0.20847621517415818,0.008357294876214016,0.16855234058995786,0.12536470733733593,0.16966345733545754,0.007507503914943155
0.203431,0.0007839357697256527,0.03093515353559748,0.208137112865944,0.008275491363737468,0.1684605256676838,0.1245467174185697,0.16895245283178628,0.007472115047894554
0.2038966,0.000743831484039855,0.031044561098897694,0.20779026141467186,0.008196725138464625,0.1683554526951809,0.12372759113197032,0.16823492700207543,0.007435731347127453
0.2043621,0.0007066109286249072,0.0311536278623568,0.207435653039836,0.008121044598085457,0.1682371294913932,0.12290748193807856,0.16751095160277144,0.007398350999376539
0.2048276,0.0006722902924867195,0.03126232444262137,0.2070732809229093,0.008048497801589016,0.1681055672010073,0.1220865423793019,0.16678059917087423,0.007359972628286385
0.2052931,0.0006408856107341009,0.0313706213320659,0.20670313922132166,0.007979132458022724,0.16796078027534642,0.12126492404487918,0.16604394301631978,0.007320595298011352
0.2057586,0.0006124127619342506,0.031478488906543214,0.20632522308220247,0.0079129959152749,0.16780278645240987,0.12044277753657262,0.16530105721423932,0.007280218516740092
0.2062241,0.0005868874653702041,0.0315858974332986,0.20593952865587364,0.007850135148881587,0.16763160673608998,0.11962025243509358,0.16455201659708166,0.0072388422401434135
0.2066897,0.000564325278200624,0.031692817079047,0.20554605310907745,0.007790596750858811,0.1674472653745971,0.11879749726726799,0.16379689674658354,0.007196466874744225
0.2071552,0.0005447415925223863,0.031799217918212844,0.20514479463792637,0.0077344269185614595,0.16724978983812386,0.11797465947394675,0.16303577398557526,0.007153093281208307
0.2076207,0.0005281516323364654,0.03190506994133202,0.2047357524805612,0.00768167144357003,0.16703921079578016,0.11715188537866562,0.16226872536960746,0.007108722777554571
0.2080862,0.0005145704504176683,0.03201034306361569,0.20431892692950682,0.007632375700606567,0.16681556209182785,0.11632932015705888,0.16149582867838855,0.0070633571422835445
0.2085517,0.0005040129250887962,0.03211500713367579,0.20389431934371544,0.007586584636481203,0.16657888072124435,0.11550710780703058,0.16071716240702202,0.007016998617422767
0.2090172,0.0004964937568998261,0.032219031942411956,0.2034619321602889,0.007544342759070796,0.16632920680464322,0.1146853911196868,0.15993280575703667,0.006969649911487855
0.2094828,0.0004920274652127143,0.03232238723205981,0.20302176890587326,0.0075056941263312495,0.1660665835625794,0.11386431165103218,0.15914283862720421,0.006921314202358001
0.2099483,0.0004906283846924296,0.03242504270540006,0.20257383420771732,0.0074706823353452275,0.16579105728926705,0.11304400969443303,0.15834734160414324,0.0068719951400646765
0.2104138,0.0004923106617048399,0.03252696803512822,0.2021181338043869,0.007439350511407056,0.1655026773257365,0.11222462425384877,0.15754639595270997,0.006821696849492321
0.2108793,0.0004970882506220892,0.032628132873384307,0.20165467455612598,0.007411741297146753,0.16520149603245657,0.11140629301783334,0.15674008360617886,0.0067704239329897595
0.2113448,0.0005049749100361331,0.032728506861441964,0.20118346445485613,0.007387896841695209,0.16488756876144775,0.1105891523343073,0.15592848715621568,0.006718181472891077
0.2118103,0.0005159841988811395,0.03282805963955643,0.20070451263380382,0.007367858789892705,0.16456095382791033,0.10977333718610194,0.15511168984264684,0.006664975033944679
0.2122759,0.0005301294724655071,0.032926760856970515,0.20021782937674557,0.0073516682715430645,0.16422171248139045,0.1089589811672758,0.15428977554302778,0.006610810665649285
0.2127414,0.0005474238784143163,0.03302458018207768,0.19972342612686037,0.007339365890715849,0.16386990887650596,0.10814621646020492,0.1534628287620141,0.006555694904495653
0.2132069,0.0005678803525230745,0.03312148731274085,0.19922131549517821,0.007330991715099116,0.16350561004325279,0.10733517381344775,0.15263093462053862,0.006499634776112897
0.2136724,0.0005915116145236607,0.03321745198676562,0.19871151126861322,0.007326585265405297,0.16312888585691146,0.10652598252038589,0.1517941788447984,0.006442637797318318
0.2141379,0.0006183301637634066,0.03331244399252613,0.19819402841757014,0.007326185504832763,0.16273980900757204,0.10571877039864093,0.1509526477550545,0.006384711978069753
0.2146034,0.0006483482747982832,0.0334064331797419,0.19766888310311373,0.007329830828585637,0.16233845496929475,0.10491366377026841,0.15010642825424778,0.006325865823319428
0.215069,0.0006815779929011849,0.03349938947040387,0.19713609268369126,0.007337559053454416,0.16192490196892262,0.1041107874427292,0.14925560781643507,0.006266108334768335
0.2155345,0.00071803112948634,0.033591282869847604,0.1965956757214002,0.007349407407459926,0.16149923095456165,0.10331026469063796,0.14840027447504864,0.0062054490125201395
0.216,0.0007577192574508942,0.0336820834779718,0.19604765198779595,0.007365412519563144,0.16106152556374378,0.10251221723828796,0.1475405168109837,0.006143897856633644
0.2164655,0.0008006537064347541,0.033771761500600024,0.1954920424692363,0.00738561040944338,0.16061187209128686,0.10171676524295134,0.14667642394051839,0.0060814653685728436
0.216931,0.0008468455579998074,0.03386028726098339,0.19492886937176226,0.007410036477347306,0.16015035945686557,0.10092402727895337,0.14580808550307015,0.006018162552553625
0.2173966,0.000896305640729671,0.03394763121144192,0.19435815612551632,0.007438725494011333,0.15967707917230603,0.10013412032251859,0.14493559164879363,0.005954000916786165
0.2178621,0.0009490445252511622,0.03403376394514197,0.19377992738869954,0.007471711590659747,0.15919212530861562,0.09934715973738627,0.14405903302602438,0.005888992474612081
0.2183276,0.0010050725191787073,0.03411865620800687,0.19319420905106918,0.007509028249081025,0.15869559446275788,0.09856325926119235,0.14317850076857272,0.005823149745535372
0.2187931,0.0010643996619829467,0.03420227891075753,0.1926010282369767,0.007550708291784723,0.15818758572418237,0.097782530992614,0.1422940864828718,0.0057564857561462094
0.2192586,0.0011270357197848385,0.034284603141079666,0.19200041330794734,0.0075967838722412785,0.1576682006411175,0.09700508537927333,0.14140588223498302,0.005689014040936611
0.2197241,0.0011929901800766432,0.03436560017591398,0.19139239386480317,0.007647286465207061,0.1571375431866341,0.09623103120639617,0.14051398053746186,0.005620748643007001
0.2201897,0.0012622722463712956,0.03444524149386513,0.19077700074933313,0.007702246857136997,0.15659571972448724,0.09546047558622171,0.13961847433608657,0.005551704114662706
0.2206552,0.0013348908327817952,0.034523498787725315,0.19015426604551683,0.007761695136687159,0.15604283897474464,0.09469352394815819,0.13871945699645113,0.005481895517899383
0.2211207,0.0014108545585323866,0.034600343977107956,0.18952422308031042,0.00782566068530973,0.15547901197920963,0.09393028002967987,0.1378170222904251,0.0054113384247764205
0.2215862,0.0014901717424034005,0.034675749221186575,0.18888690642400444,0.007894172167942786,0.15490435206664957,0.0931708458679596,0.13691126438248136,0.0053400489176773465
0.2220517,0.0015728503971117103,0.03474968693153389,0.18824235189016353,0.007967257523797379,0.15431897481784015,0.09241532179223086,0.13600227781589364,0.0052680435894562755
0.2225172,0.0016588982236288188,0.03482212978505589,0.18759059653515828,0.00804494395724447,0.1537229980304379,0.09166380641687334,0.13509015749880515,0.005195339543469427
0.2229828,0.0017483226054386446,0.03489305073701548,0.18693167865729918,0.00812725792880428,0.15311654168369254,0.09091639663521513,0.13417499869016858,0.0051219543934906955
0.2234483,0.0018411306027371508,0.03496242303414008,0.18626563779558264,0.008214225146240683,0.1524997279030107,0.09017318761404447,0.1332568969855577,0.005047906263510297
0.2239138,0.001937328946576036,0.035030220227807635,0.1855925147280578,0.008305870555763307,0.15187268092438191,0.0894342727888233,0.13233594830285034,0.004973213787415461
0.2243793,0.0020369240329527957,0.035096416187305114,0.18491235146982402,0.00840221833334006,0.15123552705867707,0.08869974385959421,0.13141224886778338,0.004897896108552158
0.2248448,0.002139921916849533,0.03516098511315388,0.18422519127066847,0.008503291876122835,0.15058839465582863,0.08796969078757227,0.13048589519938153,0.00482197287916681
0.2253103,0.002246328306222979,0.0352239015504961,0.1835310786123534,0.008609113793989128,0.14993141406890134,0.08724420179241178,0.1295569840952625,0.004745464259726885
0.2257759,0.0023561485559482408,0.03528514040253656,0.1828300592055634,0.008719705901202315,0.1492647176180623,0.08652336335013815,0.1286256126168225,0.004668390918119271
0.2262414,0.002469387661718841,0.03534467694403443,0.18212217998652197,0.008835089208193361,0.14858843955445772,0.08580726019173436,0.12769187807430699,0.00459077402872529
0.2267069,0.002586050253905662,0.035402486834839667,0.18140748911328777,0.008955283913466625,0.14790271602400387,0.0850959753023707,0.12675587801177401,0.004512635271371208
0.2271724,0.0027061405913774207,0.035458546133468855,0.1806860359617386,0.009080309395632515,0.14720768503109732,0.08438958992126641,0.12581771019195856,0.004433996830153126
0.2276379,0.0028296625552853114,0.03551283131071562,0.179957871121252,0.009210184205569651,0.14650348640225022,0.08368818354217164,0.12487747258104719,0.004354881392135152
0.2281034,0.002956619642814469,0.03556531926329062,0.1792230463900904,0.009344926058719227,0.14579026174965443,0.08299183391445748,0.12393526333337407,0.004275312145919813
0.228569,0.0030870149609049016,0.03561598732748628,0.17848161477050015,0.00948455182751422,0.14506815443467783,0.08230061704480213,0.12299118077604891,0.004195312780089721
0.2290345,0.0032208512199445633,0.03566481329286139,0.17773363046353427,0.00962907753394618,0.14433730953129553,0.08161460719946075,0.12204532339352821,0.004114907481519571
0.2295,0.00335813072743723,0.0357117754159405,0.17697914886360888,0.009778518342272365,0.14359787378945918,0.08093387690710752,0.12109778981214135,0.004034120933557624
0.2299655,0.003498855381647878,0.03575685243392286,0.17621822655280442,0.009932888551865957,0.1428499955984087,0.08025849696223851,0.12014867878458252,0.003952978314075852
0.230431,0.003643026665228246,0.035800023578395526,0.17545092129492174,0.010092201590212239,0.14209382494993222,0.07958853642912454,0.11919808917437899,0.003871505293387979
0.2308966,0.0037906456388253074,0.035841268589044975,0.17467729202930254,0.010256470006053606,0.1413295134015822,0.07892406264630299,0.11824611994034577,0.003789728032034646
0.2313621,0.003941712934675368,0.035880567727361715,0.17389739886442396,0.01042570546268635,0.14055721403985572,0.07826514123159767,0.11729287012103587,0.003707673178434939
0.2318276,0.004096228750186498,0.03591790179033208,0.1731113030712755,0.010599918731412191,0.13977708144334866,0.07761183608765534,0.11633843881919545,0.0036253678664035405
0.2322931,0.004254192841512014,0.035953252124111795,0.17231906707652656,0.010779119685147486,0.13898927164589253,0.07696420940798734,0.1153829251862337,0.003542839712532753
0.2327586,0.004415604517117708,0.035986600637675815,0.17152075445549175,0.010963317292193136,0.13819394209968278,0.07632232168350439,0.11442642840671714,0.0034601168134386685
0.2332241,0.004580462631345501,0.03601792981643919,0.1707164299248997,0.011152519610168134,0.1373912516384064,0.07568623170953269,0.11346904768289855,0.0033772277428707454
0.2336897,0.004748765577976184,0.036047222735843966,0.16990615933547054,0.011346733780109832,0.13658136044037664,0.07505599659329991,0.11251088221929152,0.00329420154868404
0.2341552,0.0049205112837939465,0.036074463074907144,0.16909000966430537,0.011545966020743936,0.13576442999168234,0.07443167176187968,0.11155203120730167,0.003211067749673322
0.2346207,0.005095697202155374,0.03609963512972514,0.16826804900708883,0.011750221622927286,0.13494062304935944,0.07381331097058377,0.11059259380992599,0.003127856332268297
0.2350862,0.005274320306565654,0.03612272382693001,0.16744034657010617,0.011959504944266472,0.13411010360459152,0.07320096631179088,0.10963266914653183,0.003044597747089164
0.2355517,0.005456377084264773,0.036143714737092845,0.16660697266207392,0.012173819403915329,0.1332730368459465,0.07259468822420105,0.10867235627772656,0.002961322905361732
0.2360172,0.005641863529826597,0.03616259408806939,0.1657679986857823,0.012393167477554309,0.13242958912265707,0.07199452550250496,0.10771175419032869,0.0028780631751913403
0.2364828,0.0058307751387738005,0.03617934877828307,0.16492349712954674,0.012617550692554673,0.13157992790795342,0.07140052530745646,0.10675096178245043,0.0027948503776948604
0.2369483,0.006023106901211811,0.036193966389939984,0.1640735415584643,0.012846969623330496,0.13072422176245788,0.07081273317633775,0.10579007784870118,0.0027117167829901344
0.2374138,0.006218853295485031,0.03620643520217045,0.16321820660547084,0.013081423886881422,0.1298626402976534,0.07023119303380572,0.10482920106552081,0.0026286951060423224
0.2378793,0.006418008281858762,0.03621674420409123,0.1623575679621929,0.013320912138529083,0.12899535413943986,0.06965594720310865,0.1038684299766509,0.0025458185023667684
0.2383448,0.006620565296230421,0.036224883107782664,0.16149170236958946,0.013565432067850075,0.12812253489179243,0.06908703641766215,0.10290786297875114,0.002463120563588179
0.2388103,0.006826517243873768,0.036230842361174416,0.16062068760837908,0.01381498039480842,0.12724435510053728,0.06852449983297318,0.10194759830716747,0.002380635312856057
0.2392759,0.007035856493220004,0.036234613160833616,0.1597446024892484,0.014069552866090317,0.12636098821725988,0.06796837503890174,0.10098773402185776,0.002298397200116494
0.2397414,0.007248574869679747,0.036236187464648725,0.15886352684284075,0.014329144251644048,0.1254726085633616,0.0674186980722498,0.10002836799347978,0.002216441097240521
0.2402069,0.007464663649510027,0.036235558004402334,0.1579775415095243,0.014593748341427827,0.12457939129427945,0.06687550342966825,0.09906959788964562,0.002134802293009313
0.2406724,0.007684113553730539,0.036232718298225816,0.15708672832894155,0.014863357942368354,0.12368151236388432,0.06633882408087245,0.09811152116134607,0.002053516487956571
0.2411379,0.007906914742093507,0.036227662662928505,0.15619117012934108,0.015137964875532777,0.12277914848907157,0.06580869148215822,0.09715423502954765,0.001972619789068504
0.2416034,0.008133056807111592,0.03622038622619381,0.15529095071669388,0.015417559973516785,0.12187247711455788,0.06528513559021028,0.09619783647196443,0.001892148704341841
0.242069,0.008362528768148313,0.03621088493863434,0.154386154863595,0.015702133078051465,0.12096167637789765,0.0647681848761957,0.09524242221000587,0.0018121401372003844
0.2425345,0.008595319065575544,0.03619915558569803,0.15347686829795057,0.01599167303783147,0.1200469250747311,0.06425786634013488,0.09428808869590075,0.001732631380770602
0.243,0.008831415555002674,0.036185195799416654,0.15256317769144903,0.01628616770656708,0.11912840262427664,0.06375420552554262,0.09333493209999752,0.0016536601120167968
0.2434655,0.00907080550158201,0.036169004069988284,0.1516451706478146,0.01658560394126252,0.11820628903507885,0.06325722653433218,0.09238304829823957,0.0015752643857363678
0.243931,0.009313475574394983,0.03615057975718449,0.15072293569084,0.01688996760072288,0.11728076487102314,0.0627669520419738,0.09143253285981398,0.0014974826284157086
0.2443966,0.009559411840923676,0.036129923101573196,0.14979656225219495,0.01719924354429181,0.11635201121762734,0.062283403312900186,0.0904834810349713,0.0014203536319472878
0.2448621,0.009808599761612113,0.03610703523554767,0.1488661406590061,0.017513415630822104,0.11542020964861925,0.06180660021615004,0.0895359877430131,0.0013439165472084737
0.2453276,0.010061024184521693,0.03608191819415232,0.1479317621212038,0.017832466717881065,0.11448554219280928,0.061336561241241046,0.08859014756044442,0.00126821087750269
0.2457931,0.010316669340085112,0.036054574925695915,0.14699351871863148,0.018156378661192536,0.11354819130126582,0.06087330351426278,0.08764605470928688,0.0011932764718634837
0.2462586,0.01057551883596304,0.03602500930214348,0.14605150338791328,0.018485132314317296,0.11260833981480123,0.06041684281417996,0.08670380304554914,0.0011191535182220986
0.2467241,0.01083755565200778,0.03599322612927864,0.14510580990907543,0.0188187075285735,0.1116661709317754,0.05996719358933599,0.08576348604785006,0.0010458825364391482
0.2471897,0.011102762135338118,0.03595923115662886,0.14415653289191735,0.019157083153198744,0.11072186817622366,0.05952436897414639,0.08482519680619051,0.0009735043712009963
0.2476552,0.011371119995529509,0.035923031087146416,0.14320376776212793,0.019500237035755243,0.10977561536631447,0.05908838080597141,0.08388902801086963,0.0009020601847814548
0.2481207,0.011642610299923785,0.035884633586638286,0.142247610747142,0.01984814602277968,0.10882759658314187,0.058659239642157045,0.08295507194154178,0.0008315914496694278
0.2485862,0.011917213469062585,0.03584404729293827,0.14128815886173313,0.020200785960679195,0.10787799613985662,0.05823695477723369,0.08202342045641005,0.000762139941063135
0.2490517,0.01219490927224872,0.03580128182481526,0.14032550989333795,0.020558131696875,0.10692699855113913,0.0578215342602616,0.081094164981553,0.0006937477292315592
0.2495172,0.01247567682323981,0.035756347790612056,0.13935976238710834,0.02092015708119515,0.10597478850301618,0.05741298491231216,0.08016739650038165,0.000626457171743767
0.2499828,0.012759494576078518,0.035709256796609586,0.13839101563068723,0.02128683496751799,0.10502155082302304,0.05701131234407412,0.07924320554322392,0.0005603109055667562
0.2504483,0.013046340321063794,0.03566002145511184,0.1374193696387038,0.02165813721566769,0.10406747045071174,0.056616520973573996,0.07832168217703385,0.0004953518390325103
0.2509138,0.013336191180867573,0.03560865539224729,0.13644492513698434,0.022034034693563315,0.10311273240850599,0.05622861404399988,0.0774029159952234,0.00043162314367495725
0.2513793,0.013629023606801365,0.03555517325548261,0.1354677835464744,0.02241449727962276,0.10215752177290212,0.055847593641618135,0.07648699610761425,0.0003691682459375686
0.2518448,0.013924813375237276,0.035499590720844555,0.1344880469668678,0.022799493865422685,0.1012020236460157,0.05547346071377234,0.07557401113050743,0.0003080308187523614
0.2523103,0.014223535584188008,0.0354419244998462,0.13350581815993695,0.023188992358615688,0.10024642312747342,0.05510621508695405,0.07466404917686853,0.00024825477299108726
0.2527759,0.014525164650050333,0.03538219234611355,0.13252120053255834,0.023582959686105652,0.09929090528664913,0.05474585548493461,0.07375719784662609,0.0001898842487894084
0.2532414,0.014829674304516609,0.035320413061708876,0.13153429811942635,0.023981361797482302,0.09833565513524278,0.0543923795469473,0.07285354421708112,0.0001329636067448687
0.2537069,0.015137037591658803,0.03525660650314722,0.13054521556544776,0.02438416366871583,0.09738085760020074,0.0540457838459087,0.07195317483342606,7.753741898947078e-05
0.2541724,0.015447226865189503,0.03519079358710269,0.12955405810781057,0.0247913293061125,0.09642669749697602,0.053706063906668156,0.07105617569937135,2.365046013767656e-05
0.2546379,0.015760213785904326,0.03512299629580102,0.12856093155772055,0.0252028217505321,0.0954733595031267,0.053373214224273734,0.07016263226787874,-2.8652301889347545e-05
0.2551034,0.016075969319310063,0.03505323768209522,0.12756594228179946,0.02561860308186801,0.09452102813225055,0.05304722828224292,0.06927262943199973,-7.932571516241215e-05
0.255569,0.016394463733442898,0.03498154187422076,0.12656919718313897,0.026038634423790834,0.0935698877082542,0.05272809857082599,0.06838625151581781,-0.00012832445316507838
0.2560345,0.016715666596880976,0.03490793408022658,0.12557080368200493,0.02646287594875634,0.09262012233995512,0.05241581660524973,0.06750358226549266,-0.0001756030243356813
0.2565,0.0170395467769555,0.03483244059207811,0.12457086969618598,0.026891286883278617,0.09167191589601432,0.052110372943929256,0.06662470484040486,-0.0002211157817297535
0.2569655,0.017366072438164508,0.03475508878942836,0.12356950362098185,0.027323825513469253,0.09072545198019705,0.051811757206636555,0.06574970180439983,-0.00026481693280198937
0.257431,0.017695211040793395,0.03467590714305282,0.12256681430882674,0.027760449190843296,0.08978091390695825,0.05151995809261455,0.06487865511712938,-0.00030666054930687494
0.2578966,0.018026929339746166,0.034594925217944314,0.12156291104854575,0.028201114338392723,0.08883848467734937,0.051234963398627056,0.06401164612549008,-0.0003466005773170779
0.2583621,0.018361193383591323,0.034512173676063976,0.1205579035442432,0.028645776456928042,0.08789834695524197,0.05095676003693546,0.06314875555515707,-0.00038459084735864346
0.2588276,0.018697968513826196,0.034427684278744576,0.11955190189382335,0.029094390131688512,0.08696068304386387,0.0506853340531936,0.062290063502212334,-0.00042058508466196777
0.2592931,0.019037219364363367,0.03434148988874267,0.11854501656714447,0.0295469090392212,0.08602567486264259,0.050420670644252694,0.061435649424866165,-0.0004545369195274259
0.2597586,0.019378909861242757,0.034253624471935924,0.11753735838380852,0.030003285954528974,0.08509350392435086,0.05016275417586875,0.06058559213527056,-0.00048639989780442763
0.2602241,0.019723003222572776,0.03416412309866166,0.11652903849058853,0.030463472758487264,0.08416435131254786,0.04991156820030571,0.0597399697914234,-0.00051612749148257
0.2606897,0.020069461958703853,0.03407302194469285,0.11552016833849627,0.030927420445529152,0.08323839765931028,0.04966709547382838,0.05889885988916215,-0.0005436731093934707
0.2611552,0.020418247872637418,0.0339803582918476,0.11451085965949409,0.031395079131598225,0.08231582312324656,0.04942931797407984,0.05806233925424607,-0.0005689901080217956
0.2616207,0.020769322060673424,0.03388617052822882,0.11350122444285604,0.03186639806236841,0.08139680736778744,0.049198216917338805,0.05723048403452575,-0.0005920318024239348
0.2620862,0.02112264491329922,0.033790498148091284,0.11249137491118526,0.032341325621729686,0.0804815295397458,0.04897377277565262,0.05640336969219847,-0.0006127514772527057
0.2625517,0.021478176116322464,0.033693381751334114,0.11148142349609624,0.032819809340538394,0.07957016824813894,0.048755965293841616,0.055581070996148334,-0.0006311023978863835
0.2630172,0.02183587465225068,0.03359486304261761,0.11047148281357207,0.033301795905630746,0.07866290154326604,0.04854477350637053,0.054763662014369545,-0.0006470378216602698
0.2634828,0.02219569880191985,0.03349498483010369,0.10946166563900679,0.0337872311690976,0.07775990689603429,0.048340175754082323,0.05395121610647162,-0.0006605110091989294
0.2639483,0.022557606146374243,0.03339379102381967,0.10845208488194392,0.034276060157818616,0.07686136117752718,0.04814214970078972,0.053143805916265545,-0.0006714752358471575
0.2644138,0.0229215535689996,0.03329132663364504,0.1074428535605219,0.03476822708325367,0.07596744063880882,0.04795067234971978,0.05234150336443007,-0.0006798838031976899
0.2648793,0.02328749725791167,0.03318763776692105,0.10643408477563727,0.03526367535148925,0.07507832089095841,0.0477657200598074,0.05154437964125755,-0.000685690050713631
0.2653448,0.023655392708601893,0.03308277162568278,0.10542589168483697,0.03576234757353785,0.07419417688532891,0.04758726856183405,0.05075250519947879,-0.0006888473674435503
0.2658103,0.024025194726841993,0.03297677650351386,0.10441838747595088,0.0362641855758884,0.07331518289402425,0.04741529297440878,0.04996594974716639,-0.0006893092038271844
0.2662759,0.024396857431849016,0.032869701782024106,0.10341168534047664,0.036769130411306146,0.07244151249058947,0.04724976781978906,0.04918478224071628,-0.0006870290835896644
0.2667414,0.024770334259712458,0.032761597926950575,0.10240589844672844,0.037277122369880525,0.0715733385309084,0.04709066703953908,0.04840907087790722,-0.0006819606157221827
0.2672069,0.02514557796708482,0.03265251648388283,0.10140113991276188,0.03778810099031959,0.07071083313430301,0.04693796401002436,0.047638883091038045,-0.0006740575065469984
0.2676724,0.025522540635136995,0.03254251007361349,0.100397522779087,0.03830200507148954,0.0698541676648285,0.046791631557741804,0.04687428554014266,-0.0006632735718646726
0.2681379,0.02590117367377975,0.03243163238711528,0.0993951599811815,0.03881877268419763,0.06900351271275766,0.046651641974485514,0.04611534410628297,-0.0006495627491814124
0.2686034,0.026281427826152573,0.03231993818014593,0.0983941643218167,0.039338341183216455,0.06815903807624814,0.046517967032349554,0.045362123884920426,-0.0006328791100143882
0.269069,0.02666325317338094,0.0322074832674824,0.09739464844320943,0.03986064721954732,0.0673209127431862,0.04639057799856905,0.04461468917936677,-0.0006131768722728531
0.2695345,0.027046599139603222,0.03209432451678597,0.0963967247990132,0.040385626752920296,0.06648930487320064,0.04626944565020138,0.043873103494314857,-0.0005904104127128377
0.27,0.027431414497268228,0.03198051984209972,0.09540050562616434,0.04091321506452812,0.06566438177984103,0.04615454028864865,0.04313742952945012,-0.0005645342794631012
0.2704655,0.02781764737270424,0.031866128196979704,0.0944061029165992,0.0414433467699909,0.06484630991291462,0.046045831754022534,0.04240772917314311,-0.0005355032046199194
0.270931,0.028205245251960543,0.031751209567261206,0.09341362838886143,0.04197595583254845,0.06403525484097579,0.045943289439352386,0.041684063496223334,-0.0005032721169081733
0.2713966,0.028594154986922044,0.03163582496346115,0.09242319345961846,0.04251097557647696,0.06323138123396255,0.045846882304636835,0.04096649274583446,-0.00046779615440610626
0.2718621,0.028984322801697642,0.03152003641281751,0.0914349092151072,0.043048338700726524,0.06243485284597403,0.04575657889073947,0.040255076339370824,-0.0004290306773310469
0.2723276,0.029375694299282752,0.03140390695096633,0.0904488863825294,0.04358797729277568,0.06164583249818311,0.045672347333128666,0.039549872858495254,-0.00038693128088333837
0.2727931,0.029768214468496253,0.0312875006132568,0.08946523530141644,0.04412982284269934,0.060864482061878,0.04559415537546193,0.038850940043238164,-0.0003414538081456712
0.2732586,0.030161827691191866,0.03117088242570451,0.08848406589498325,0.044673806257445915,0.06009096244162726,0.045521970383015135,0.038158334786177917,-0.00029255436303497116
0.2737241,0.03055647774974376,0.03105411839558263,0.08750548764149063,0.045219857875319625,0.05932543355856198,0.045455759355956776,0.037472113126702344,-0.00024018932330395438
0.2741897,0.030952107834805974,0.030937275501650815,0.0865296095456347,0.04576790748066392,0.05856805433376922,0.04539548894246741,0.03679233024535137,-0.00018431535358942033
0.2746552,0.031348660553345106,0.030820421684020983,0.08555654010998257,0.046317884318741495,0.05781898267179075,0.04534112545170428,0.036119040458240624,-0.0001248894185043169
0.2751207,0.03174607793694524,0.030703625833659293,0.0845863873064726,0.04686971711080657,0.05707837544422106,0.04529263486661126,0.03545229721156593,-6.186879577057485e-05
0.2755862,0.03214430145038417,0.030586957781523167,0.08361925854799698,0.04742333406936474,0.05634638847339895,0.04524998285657391,0.03479215307618869,4.788910610325695e-06
0.2760517,0.03254327200047965,0.030470488287332186,0.08265526066008425,0.047978662913616056,0.055623176516186874,0.04521313478991985,0.03413865974230205,7.512575715212754e-05
0.2765172,0.03294292994520435,0.030354289027971562,0.08169449985269907,0.048535630885076717,0.054908893247832574,0.04518205574626401,0.03349186801417825,0.00014918344764701955
0.2769828,0.03334321510306791,0.03023843258552685,0.08073708169217654,0.04909416476337477,0.054203691245906835,0.04515671052869855,0.03285182780499717,0.00022700331990047485
0.2774483,0.033744066762764584,0.0301229924349487,0.07978311107330785,0.04965419088221559,0.05350772197431144,0.0451370636758267,0.03221858813175656,0.00030862633244093274
0.2779138,0.034145423693084744,0.030008042931346835,0.07883269219159487,0.05021563514551282,0.052821135767350855,0.045123079473639464,0.03159219711026489,0.00039409305120762715
0.2783793,0.03454722415308842,0.02989365929691275,0.077885928515691,0.0507784230436803,0.05214408181386134,0.04511472196723458,0.030972701950218274,0.0004834436362199428
0.2788448,0.034949405902538984,0.029779917607471233,0.07694292276004568,0.0513424796700808,0.05147670814139089,0.045111954972376335,0.03036014895036364,0.0005767178282317612
0.2793103,0.03535190621259503,0.029666894778661412,0.07600377685776992,0.05190772973762668,0.050819161600423594,0.04511474208689586,0.029754583493750517,0.0006739549353743363
0.2797759,0.03575466187675843,0.02955466855174841,0.07506859193373977,0.05247409759552772,0.05017158784864194,0.04512304670193106,0.02915605004307433,0.0007751938197913255
0.2802414,0.03615760922207651,0.02944331747906715,0.0741374682779546,0.05304150724618095,0.04953413133522052,0.04513683201300552,0.028564592136114147,0.0008804728842696968
0.2807069,0.03656068412059603,0.02933292090910001,0.07321050531916631,0.05360988236219706,0.04890693528514442,0.04515606103094595,0.027980252381267938,0.0009898300588703428
0.2811724,0.036963822001067057,0.02922355897119001,0.07228780159879515,0.054179146303557475,0.04829014168354524,0.045180696592637896,0.027403072453188546,0.0011033027875623391
0.2816379,0.03736695786089456,0.029115312559891405,0.07136945474514723,0.054749222134896115,0.04768389126004783,0.045210701371619484,0.02683309308852347,0.0012209280148648756
0.2821034,0.037770026278335644,0.029008263318959334,0.07045556144794843,0.05532003264289955,0.04708832347312003,0.04524603788851347,0.026270354081761513,0.0013427421725009424
0.282569,0.038172961424940435,0.028902493624980152,0.06954621743320837,0.05589150035381949,0.04650357649441802,0.045286668521297965,0.025714894281189192,0.0014687811660668922
0.2830345,0.03857569707823483,0.02879808657064399,0.06864151743842822,0.056463547551091474,0.045929787193119305,0.04533255551541641,0.025166751584959637,0.0015990803617220064
0.2835,0.03897816663464349,0.028695125947661066,0.06774155518816478,0.057036096293053576,0.04536709112023522,0.04538366099372718,0.024625962937276584,0.0017336745729022072
0.2839655,0.039380303122651596,0.028593696229323257,0.06684642336996315,0.057609068430759094,0.044815622492894856,0.045439946966293304,0.02409256432469588,0.001872598047062064
0.284431,0.03978203921620399,0.028493882552712544,0.06595621361066963,0.058182385625877096,0.04427551417859197,0.045501375340012494,0.023566590772546667,0.0020158844524492707
0.2848966,0.040183307248340905,0.028395770700558057,0.06507101645313577,0.058755969368674624,0.043746897679386436,0.0455679079280875,0.023048076341474287,0.0021635668649157827
0.2853621,0.04058403922506934,0.028299447082743425,0.06419092133332416,0.05932974099607407,0.04322990311605151,0.045639506459336614,0.022537054124106806,0.002315677754769822
0.2858276,0.04098416683946947,0.028204998717466102,0.06331601655782568,0.059903621709779045,0.042724659212157734,0.04571613258734393,0.02203355624184672,0.002472248973672977
0.2862931,0.04138362148603552,0.02811251321205041,0.06244638928179767,0.06047753259446162,0.04223129327808442,0.04579774789944896,0.021537613841789496,0.00263331174158662
0.2867586,0.04178233427525068,0.02802207874341614,0.0615821254873317,0.06105139463600322,0.0417499311949491,0.04588431392557491,0.02104925709377028,0.002798896633771868
0.2872241,0.04218023604839544,0.027933784038204647,0.06072330996225916,0.0616251287397813,0.04128069739844549,0.04597579214689547,0.02056851518754003,0.002969033567847326
0.2876897,0.042577257392588906,0.02784771835256477,0.059870026279402355,0.062198655748993546,0.04082371486258016,0.0460721440043398,0.020095416330072103,0.0031437517909088507
0.2881552,0.0429733286560622,0.02776397145160117,0.05902235677627826,0.06277189646301065,0.040379105083298276,0.04617333090693661,0.0196299877430002,0.003323079866715611
0.2886207,0.04336837996366325,0.02768263358848828,0.0581803825352617,0.063344771655749,0.03994698806198882,0.04627931423999818,0.019172255660188504,0.0035070456629467503
0.2890862,0.04376234123259157,0.027603795483253438,0.05734418336421409,0.06391720209405456,0.03952748228885971,0.0463900553731461,0.01872224532543459,0.0036956763385330555
0.2895517,0.04415514218836169,0.027527548301233412,0.05651383777758361,0.06448910855608944,0.03912070472617366,0.046505515668180196,0.018279980990305776,0.0038889983310680994
0.2900172,0.04454671238099336,0.02745398363120906,0.055689422977982336,0.06506041184971344,0.0387267707913359,0.04662565648679281,0.01784548591210932,0.00408703734430345
0.2904828,0.04493698120142619,0.027383193463223526,0.054871014838245524,0.06563103283085336,0.03834579433982519,0.04675043919812999,0.017418782351996877,0.004289818335732647
0.2909483,0.0453258778981564,0.02731527016609,0.054058687883978135,0.06620089242185359,0.03797788764796027,0.04687982518620189,0.016999891573203467,0.004497365504268741
0.2914138,0.04571333159409262,0.02725030646459557,0.05325251527659322,0.06676991162980168,0.03762316139549398,0.04701377585714423,0.01658883383942114,0.004709702278020279
0.2918793,0.0460992713036275,0.027188395416408436,0.052452568796846656,0.0673380115648232,0.03728172464802803,0.0471522526463333,0.01618562841330746,0.004926851302170725
0.2923448,0.04648362594992167,0.027129630388696053,0.051658918828872524,0.06790511345834017,0.036953684839241635,0.047295217025356655,0.015790293555128995,0.0051488344269663465
0.2928103,0.04686632438239605,0.027074105034462358,0.05087163434472313,0.06847113868128811,0.03663914775292803,0.04744263050884222,0.015402846521539943,0.005375672695817628
0.2932759,0.04724729539442852,0.027021913268612408,0.05009078288941739,0.069036008762287,0.0363382175048336,0.04759445466114798,0.015023303564495959,0.0056073863335193335
0.2937414,0.04762646774125039,0.02697314924375299,0.049316430566501084,0.0695996454057615,0.03605099652429548,0.047750651102914515,0.014651679930303174,0.005843994734594381
0.2942069,0.048003770158038216,0.026927907325737827,0.04854864202412224,0.07016197051000575,0.03577758553567465,0.04791118151748251,0.014287989858802223,0.006085516451766764
0.2946724,0.04837913137819577,0.026886282068966105,0.047787480441624494,0.070722906185188,0.035518083539581975,0.04807600765717721,0.013932246582687081,0.006331969184568831
0.2951379,0.048752480151821265,0.02684836819144285,0.047033007516661104,0.07128237477128974,0.03527258779389525,0.048245091349461706,0.013584462326958322,0.006583369768088281
0.2956034,0.04912374526435403,0.026814260549609798,0.04628528345283201,0.07184029885597362,0.0350411937945653,0.0484183945029606,0.013244648308510333,0.006839734161860262
0.296069,0.04949285555539512,0.02678405411295543,0.045544366947846075,0.07239660129237432,0.034823995256209495,0.0485958791133559,0.012912814735851982,0.007101077438909971
0.2965345,0.04985973993769588,0.026757843938412674,0.04481031518221013,0.07295120521680548,0.0346210840924913,0.048777507269156695,0.012588970808960097,0.007367413774951082
0.297,0.050224327416308,0.026735725144552903,0.044083183808446495,0.07350403406637614,0.03443255039628545,0.048963241157344524,0.01227312471926521,0.007638756437745365
0.2974655,0.05058654710788855,0.02671779288558471,0.0433630269408399,0.07405501159650936,0.03425848241962871,0.04915304306889625,0.011965283649768827,0.007915117776628742
0.297931,0.05094632826015281,0.026704142325165856,0.04264989714571461,0.07460406189835585,0.03409896655345733,0.049346875404186204,0.01166545377529149,0.00819650921220906
0.2983966,0.051303600271467895,0.026694868610036768,0.041943845432242256,0.075151109416095,0.03395408730713285,0.049544700678269195,0.0113736402628508,0.008482941226240773
0.2988621,0.05165829271057914,0.02669006684348404,0.04124492124378018,0.07569607896411577,0.03382392728775898,0.0497464815260457,0.011089847272168501,0.008774423351681673
0.2993276,0.05201033533646132,0.02668983205864254,0.04055317244974031,0.07623889574406945,0.03370856717929347,0.04995218070731052,0.010814077956305642,0.009070964162936764
0.2997931,0.05235965811828634,0.026694259191644865,0.03986864533798757,0.07677948536178598,0.033608085721460006,0.05016176111168568,0.010546334462424731,0.009372571266294373
0.3002586,0.05270619125549866,0.02670344305462731,0.03919138460776695,0.07731777384404497,0.033522559688466125,0.05037518576343847,0.010286617932677771,0.009679251290559592
0.3007241,0.05304986519798955,0.026717478308601463,0.038521433363158,0.07785368765519184,0.03345206386753367,0.05059241782618543,0.010034928505219006,0.009991009877890153
0.3011897,0.053390610666361006,0.026736459436201038,0.03785883310705504,0.07838715371358976,0.0333966710372485,0.050813420607483034,0.009791265315341208,0.010307851674839939
0.3016552,0.05372835867227025,0.02676048071431365,0.03720362373567136,0.07891809940789705,0.03335645194573661,0.05103815756330534,0.009555626496734334,0.010629780323615367
0.3021207,0.054063040538845385,0.026789636186607357,0.036555843533565155,0.07944645261316056,0.033331475288673834,0.0512665923024092,0.009328009182865422,0.010956798453549882
0.3025862,0.05439458792116311,0.026824019635961944,0.035915529169184925,0.07997214170671457,0.03332180768713721,0.05149868859058718,0.009108409508478712,0.011288907672801834
0.3030517,0.054722932826779196,0.02686372455681513,0.035282715690931804,0.08049509558387566,0.03332751366530659,0.0517344103548083,0.00889682261121503,0.011626108560281002
0.3035172,0.05504800763630272,0.02690884412743385,0.03465743652373592,0.08101524367342325,0.03334865562802569,0.05197372168724677,0.00869324263334961,0.011968400657808962
0.3039828,0.05536974512400516,0.026959471182120828,0.03403972346614383,0.08153251595285582,0.03338529383823208,0.05221658684919832,0.008497662723647553,0.01231578246251854
0.3044483,0.05568807847845549,0.027015698183366806,0.03342960668791389,0.08204684296341266,0.033437486394265845,0.052462970274884155,0.008310075039336264,0.012668251419497616
0.3049138,0.056002941323172795,0.027077617193958542,0.03282711472811619,0.08255815582485022,0.03350528920706672,0.05271283657514168,0.008130470748194205,0.013025803914682473
0.3053793,0.05631426773728789,0.02714531984905281,0.03223227449373361,0.08306638624996229,0.03358875597726941,0.052966150541001226,0.007958840030755414,0.013388435268005977
0.3058448,0.056621992276205936,0.027218897328226344,0.03164511125876045,0.08357146655883287,0.03368793817220713,0.05322287714714753,0.007795172082629169,0.013756139726805767
0.3063103,0.056926049992261925,0.027298440327511615,0.031065648663794878,0.08407332969281063,0.033802885002833453,0.053482981555264396,0.007639455116934286,0.01412891045949754
0.3067759,0.05722637645536129,0.027384039031427956,0.030493908716121478,0.08457190922819509,0.03393364340057272,0.0537464291172604,0.007491676366847467,0.014506739549518508
0.3072414,0.05752290777359817,0.027475783085017514,0.029929911790279973,0.0850671393896251,0.034080257994109124,0.05401318537837365,0.007351822088265134,0.014889617989545951
0.3077069,0.0578155806138439,0.0275737615658952,0.0293736766291162,0.08555895506316223,0.03424277108612468,0.05428321608015294,0.007219877562578122,0.01527753567599578
0.3081724,0.05810433222229853,0.02767806295632169,0.028825220345311372,0.08604729180906322,0.034421222629996626,0.054556487163312524,0.0070958270995586286,0.015670481403806003
0.3086379,0.05838910044499833,0.027788775115308216,0.02828455842338555,0.08653208587423677,0.034615650206465176,0.054832964770457654,0.006979654040358746,0.016068442861509907
0.3091034,0.05866982374827228,0.027905985250761912,0.027751704722171266,0.08701327420438143,0.03482608900028355,0.05511261524867756,0.0068713407606199,0.016471406626603874
0.309569,0.05894644123914058,0.02802977989167994,0.027226671477753078,0.08749079445580266,0.03505257177686311,0.05539540515200236,0.006770868673692521,0.016879358161214678
0.3100345,0.059218892685648415,0.028160244860400762,0.02670946930686875,0.08796458500690832,0.035295128858927445,0.05568130124371977,0.00667821823396528,0.017292281808071158
0.3105,0.059487118537128174,0.028297465244920682,0.026200107210767674,0.08843458496938253,0.03555378810318972,0.05597027049854758,0.006593368940303213,0.017710160786785046
0.3109655,0.059751059944383164,0.028441525371283638,0.02569859257952207,0.08890073419903911,0.03582857487706893,0.056262280104657066,0.006516299339594054,0.01813297719044573
0.311431,0.06001065877978614,0.028592508776052097,0.025204931196786143,0.08936297330635598,0.03611951203546168,0.056557297465542396,0.00644698703040206,0.01856071198253362
0.3118966,0.06026585765728555,0.028750498178866764,0.024719127244998446,0.08982124366669225,0.03642661989758698,0.05685529020173073,0.006385408666728616,0.018993344994156672
0.3123621,0.0605165999523125,0.028915575455102538,0.024241183311022263,0.09027548743018986,0.03674991622392276,0.0571562261523274,0.006331539961878859,0.019430854921614546
0.3128276,0.0607628298215812,0.029087821608628,0.023771100392218834,0.09072564753136145,0.037089416193252914,0.057460073376390836,0.006285355692433546,0.019873219324294752
0.3132931,0.06100449222277531,0.029267316744675382,0.023308877902947965,0.09117166769836625,0.037445132379843774,0.05776680015413196,0.006246829702325438,0.02032041462290507
0.3137586,0.06124153293411232,0.02945414004282789,0.022854513681490378,0.09161349246197681,0.037817074730769035,0.058076374987933437,0.006215934907019491,0.020772416098046382
0.3142241,0.06147389857377782,0.02964836973013087,0.022408003997386086,0.09205106716423984,0.03820525054340182,0.05838876660318512,0.006192643297796154,0.021229197889129994
0.3146897,0.06170153661922113,0.029850083054333267,0.02196934355918293,0.09248433796683556,0.038609664443092384,0.05870394394893223,0.006176925946137184,0.02169073299364337
0.3151552,0.06192439542630286,0.030059356257265683,0.02153852552258925,0.09291325185913968,0.039030318361049914,0.05902187619833371,0.006168753008213449,0.02215699326676812
0.3156207,0.062142424248285213,0.030276264548361187,0.021115541499024688,0.09333775666599378,0.039467211512446775,0.05934253274892807,0.006168093729474277,0.022627949421354
0.3160862,0.062355573254654746,0.030500882078325194,0.02070038156456315,0.09375780105518917,0.03992034037476332,0.059665883222704226,0.006174916449338015,0.02310357102825269
0.3165517,0.06256379354976761,0.030733281912960674,0.02029303426926178,0.09417333454467082,0.0403896986663917,0.059991897465974664,0.0061891886059835585,0.023583826517015016
0.3170172,0.06276703719130652,0.030973536007154988,0.019893486646869896,0.09458430750946849,0.040875277325516816,0.06032054554904827,0.006210876741242717,0.024068683176955274
0.3174828,0.06296525720853875,0.031221715179034673,0.019501724224911823,0.09499067118836288,0.04137706448929304,0.06065179776569992,0.006239946505593333,0.02455810715858636
0.3179483,0.06315840762036444,0.03147788908429438,0.019117731035137572,0.0953923776902951,0.0418950454733353,0.06098562463243373,0.006276362663253168,0.025052063475429247
0.3184138,0.06334644345314387,0.031742126190706085,0.01874148962433526,0.0957893800005283,0.042429202751543424,0.061321996887536784,0.00632008909737461,0.02555051600620038
0.3188793,0.06352932075829287,0.03201449375281462,0.018372981065499203,0.09618163198657091,0.042979515936278696,0.06166088548992061,0.006371088815340301,0.026053427497380394
0.3193448,0.06370699662963512,0.032295057786825475,0.018012184969347495,0.0965690884038713,0.04354596175891162,0.062002261617748404,0.00642932395415978,0.02656075956616754
0.3198103,0.06387942922050022,0.03258388304569084,0.01765907949618283,0.09695170490129429,0.0441285140507597,0.06234609666684737,0.006494755785967211,0.027072472703819
0.3202759,0.06404657776055667,0.032881032994399914,0.017313641368090132,0.09732943802638974,0.04472714372443438,0.06269236224890679,0.006567344723620272,0.027588526279383192
0.3207414,0.06420840257236878,0.03318656978547949,0.016975845881464554,0.09770224523046293,0.045341818755615874,0.06304103018946342,0.006647050326400258,0.02810887854382585
0.3212069,0.06436486508766702,0.03350055423471098,0.016645666919863106,0.09807008487345642,0.04597250416527509,0.06339207252567673,0.006733831305813414,0.028633486634552566
0.3216724,0.0645159278633212,0.03382304579706967,0.016323076967173222,0.09843291622865254,0.046619162002361526,0.06374546150389622,0.006827645531493503,0.029162306580330238
0.3221379,0.06466155459700645,0.03415410254289224,0.01600804712109136,0.09879069948720501,0.047281751326976526,0.06410116957702323,0.006928450037205599,0.02969529330660955
0.3226034,0.06480171014255166,0.034493781134278166,0.015700547106904786,0.09914339576250783,0.04796022819405104,0.06445916940166946,0.0070362010269511,0.030232400641250483
0.323069,0.06493636052496107,0.03484213680173087,0.01540054529156965,0.09949096709440888,0.04865454563754703,0.06481943383511343,0.007150853881174019,0.030773581320652593
0.3235345,0.06506547295509912,0.035199223321044255,0.01510800869807853,0.09983337645327549,0.049364653655201506,0.06518193593205648,0.0072723631630685695,0.03131878699629149
0.324,0.06518901584402959,0.03556509299044043,0.014822903020110639,0.10017058774391847,0.05009049919383173,0.06554664894117897,0.007400682624988107,0.031867968241662735
0.3244655,0.0653069588170001,0.035939796607964467,0.014545192636957993,0.10050256580938059,0.05083202613521996,0.06591354630149789,0.007535765214955384,0.03242107455963424
0.324931,0.06541927272706347,0.03632338344914192,0.014274840628720859,0.10082927643459481,0.051589175282595455,0.06628260163852633,0.0076775630832741195,0.032978054390207824
0.3253966,0.06552592966832751,0.03671590124490487,0.014011808791765867,0.10115068634991738,0.052361884347731376,0.06665378876023596,0.007826027589241797,0.033538855118690473
0.3258621,0.06562690298882619,0.037117396159792204,0.013756057654440256,0.10146676323453989,0.053150087938673624,0.06702708165282341,0.007981109307963634,0.03410342308427558
0.3263276,0.06572216730300426,0.037527912770429786,0.013507546493035703,0.10177747571978361,0.053953717548118695,0.06740245447628121,0.00814275803726761,0.034671703589034056
0.3267931,0.06581169850380929,0.03794749404429601,0.013266233347995251,0.10208279339227931,0.054772701542457114,0.06777988155977409,0.008310922804720497,0.03524364090731517
0.3272586,0.06589547377438447,0.038376181318778055,0.01303207504035679,0.10238268679703487,0.05560696515149919,0.06815933739682095,0.008485551874744772,0.03581917829555648
0.3277241,0.06597347159935645,0.03881401428052406,0.012805027188426611,0.10267712744039219,0.05645643045889955,0.06854079664028269,0.008666592755836408,0.036398258002502265
0.3281897,0.06604567177571274,0.03926103094509646,0.012585044224676495,0.10296608779287497,0.05732101639329694,0.06892423409715569,0.008853992207883436,0.03698082127982937
0.3286552,0.06611205542326398,0.03971726763693131,0.012372079412857668,0.10324954129192805,0.0582006387201853,0.06930962472317079,0.009047696249585298,0.037566808393179475
0.3291207,0.06617260499468612,0.04018275896960884,0.012166084865324963,0.10352746234454945,0.05909521003453244,0.06969694361719737,0.009247650165972909,0.03815615863359626
0.3295862,0.06622730428513875,0.04065753782644027,0.011967011560564407,0.10379982632981612,0.06000463975416229,0.07008616601545209,0.009453798516029401,0.038748810329366036
0.3300517,0.06627613844145612,0.041141635341375916,0.011774809360917364,0.10406660960130482,0.06092883411391673,0.0704772672855121,0.009666085140411458,0.03934470085825991
0.3305172,0.0663190939709075,0.04163508088023946,0.011589427030494372,0.10432778948940992,0.06186769616061283,0.07087022292013326,0.009884453169271187,0.03994376666017538
0.3309828,0.06635615874952443,0.042137902022293436,0.011410812253271788,0.10458334430356037,0.06282112574881105,0.07126500853087474,0.010108845030178459,0.04054594325017495
0.3314483,0.06638732202999269,0.0426501245421408,0.011238911651364439,0.10483325333433721,0.06378901953741,0.0716615998415314,0.01033920245614364,0.04115116523191912
0.3319138,0.06641257444910716,0.04317177239196801,0.011073670803467524,0.10507749685549284,0.06477127098708312,0.07205997268137652,0.010575466493740592,0.04175936631149064
0.3323793,0.06643190803478788,0.04370286768413469,0.010915034263461224,0.10531605612587208,0.06576777035857265,0.07246010297821698,0.01081757751132979,0.04237047931160699
0.3328448,0.06644531621265587,0.044243430674115625,0.010762945579171559,0.1055489133912349,0.06677840471185599,0.07286196675126333,0.011065475207381412,0.04298443618621766
0.3333103,0.06645279381216697,0.044793479743800414,0.010617347311281253,0.1057760518859792,0.06780305790619978,0.07326554010381642,0.011319098618898241,0.043601168035482515
0.3337759,0.06645433707230164,0.045353031385156346,0.010478181052384542,0.10599745583476233,0.06884161060111679,0.07367079921577245,0.011578386129938207,0.044220605121127535
0.3342414,0.06644994364680827,0.04592210018425955,0.01034538744618007,0.10621311045401882,0.06989394025824096,0.07407772033594884,0.011843275480236505,0.04484267688217378
0.3347069,0.0664396126089972,0.04650069880569968,0.010218906206796177,0.10642300195337157,0.07095992114413562,0.07448627977423321,0.012113703773927186,0.04546731195103529
0.3351724,0.06642334445608215,0.04708883797736264,0.01009867613824315,0.10662711753693385,0.07203942433404982,0.07489645389355823,0.012389607488364115,0.046094438169981024
0.3356379,0.06640114111306576,0.04768652647559599,0.009984635153987124,0.10682544540449872,0.0731323177166369,0.07530821910170547,0.012670922483041195,0.046723982607956085
0.3361034,0.06637300593616527,0.0482937711107614,0.009876720296640629,0.1070179747526116,0.07423846599964913,0.075721551842941,0.012957584008611625,0.04735587157775661
0.336569,0.06633894371577526,0.04891057671317794,0.009774867757764923,0.10720469577552205,0.07535773071662161,0.07613642858948635,0.013249526716005973,0.04799003065355263
0.3370345,0.06629896067896347,0.04953694611946016,0.009679012897779388,0.10738559966600898,0.07648997023455843,0.07655282583282866,0.013546684665648782,0.04862638468875322
0.3375,0.06625306449149651,0.05017288015925427,0.009589090265973474,0.1075606786160733,0.07763503976263311,0.07697072007487407,0.013848991336773296,0.04926485783420711
0.3379655,0.06620126425939238,0.0508183776423757,0.009505033620616745,0.10772992581749116,0.07879279136191515,0.07739008781894939,0.01415637963683382,0.0499053735567324
0.338431,0.0661435705299978,0.05147343534635091,0.009426775949162688,0.10789333546222041,0.07996307395613399,0.07781090556065728,0.01446878191101514,0.050547854657968294
0.3388966,0.06607999529258873,0.052138048004366104,0.009354249488541938,0.10805090274265251,0.08114573334349091,0.07823314977859137,0.014786129951838365,0.05119222329354113
0.3393621,0.06601055197849388,0.05281220829362528,0.009287385745540623,0.10820262385170204,0.08234061220952957,0.07865679692491746,0.015108355008862477,0.05183840099253713
0.3398276,0.06593525546074157,0.05349590682411981,0.00922611551725947,0.1083484959827261,0.0835475501410749,0.0790818234158281,0.015435387798480825,0.05248630867727339
0.3402931,0.06585412205323207,0.054189132127811256,0.009170368911649298,0.10848851732926701,0.08476638364125046,0.07950820562187706,0.01576715851381179,0.053135866683358735
0.3407586,0.06576716950943802,0.05489187064822917,0.009120075368118477,0.10862268708461272,0.08599694614558329,0.07993591985820078,0.016103596834682866,0.05378699478003521
0.3412241,0.06567441702063652,0.05560410673048485,0.009075163678207975,0.10875100544117075,0.08723906803920543,0.08036494237463333,0.016444631937707368,0.05443961219079127
0.3416897,0.06557588521367784,0.05632582261170225,0.009035562006329592,0.10887347358965278,0.08849257667516058,0.08079524934572177,0.01679019250645307,0.0550936376142371
0.3421552,0.06547159614829597,0.057056998411866504,0.009001197910563044,0.10899009371806707,0.0897572963938239,0.08122681686064837,0.017140206741701972,0.05574898924523231
0.3426207,0.06536157331396716,0.0577976121250902,0.00897199836350765,0.10910086901051633,0.09103304854344288,0.08165962091306715,0.017494602371800512,0.05640558479625588
0.3430862,0.06524584162632335,0.05854763961129727,0.008947889773184416,0.10920580364579854,0.09231965150180678,0.08209363739086135,0.01785330666309955,0.057063341519007965
0.3435517,0.0651244274231277,0.05930705458832374,0.008928798003984481,0.10930490279580919,0.09361692069905235,0.08252884206582918,0.018216246430483533,0.057722176226232866
0.3440172,0.06499735845982,0.0600758286244344,0.008914648397659876,0.1093981726237428,0.09492466864161339,0.08296521058330505,0.018583348047988234,0.05838200531375228
0.3444828,0.06486466390464031,0.06085393113125381,0.008905365794352834,0.10948562028209308,0.09624270493732075,0.08340271845172371,0.01895453745950645,0.05904274478269772
0.3449483,0.06472637433333886,0.06164132935710978,0.008900874553659881,0.109567253910451,0.09757083632166025,0.083841341032135,0.01932974018958102,0.05970431026193142
0.3454138,0.06458252172348124,0.062437988380786937,0.008901098575727144,0.10964308263310024,0.09890886668519486,0.08428105352767672,0.01970888135428437,0.060366617030644824
0.3458793,0.0644331394483569,0.06324387110568773,0.00890596132237338,0.10971311655640933,0.10025659710215776,0.08472183097301311,0.02009188567218379,0.06102958004112424
0.3463448,0.06427826227050015,0.0640589382543978,0.008915385838237378,0.10977736676601926,0.10161382586022209,0.08516364822374604,0.02047867747539155,0.061693113941673386
0.3468103,0.06411792633483215,0.06488314836365243,0.008929294771946464,0.1098358453238248,0.10298034849145277,0.08560647994580534,0.020869180720698852,0.062357133099682764
0.3472759,0.06395216916143232,0.06571645777970059,0.008947610397302979,0.1098885652647472,0.10435595780444577,0.08605030060482488,0.02126331900079261,0.06302155162483601
0.3477414,0.06378102963794793,0.06655882065406342,0.00897025463448572,0.10993554059329547,0.10574044391765952,0.08649508445550978,0.021661015555553848,0.06368628339244328
0.3482069,0.06360454801165015,0.0674101889396842,0.008997149071263429,0.1099767862799133,0.1071335942939426,0.0869408055310001,0.022062193283436636,0.06435124206689156
0.3486724,0.06342276588114443,0.06827051238746727,0.009028214984217506,0.1100123182571092,0.10853519377626195,0.08738743763223657,0.022466774752926185,0.06501634112520195
0.3491379,0.06323572618774348,0.06913973854320382,0.009063373359971202,0.11004215341536742,0.1099450246246344,0.08783495431733332,0.022874682214074765,0.06568149388068402
0.3496034,0.06304347320651006,0.07001781274488282,0.009102544916422563,0.11006630959883769,0.11136286655426506,0.08828332889096381,0.02328583761011388,0.06634661350667746
0.350069,0.06284605253697717,0.0709046781203852,0.009145650123978454,0.11008480560080196,0.11278849677489453,0.08873253439376569,0.023700162589141045,0.06701161306037141
0.3505345,0.06264351109355246,0.07180027558555964,0.009192609226786873,0.11009766115891598,0.11422169003135729,0.08918254359177039,0.02411757851587946,0.06767640550669185
0.351,0.062435897095613674,0.07270454384267819,0.009243342263964815,0.11010489695022321,0.11566221864535209,0.08963332896586286,0.024538006483508578,0.06834090374224717
0.3514655,0.06222326005730133,0.07361741937927027,0.009297769090818827,0.11010653458593839,0.11710985255842497,0.09008486270127665,0.02496136732556355,0.06900502061932176
0.351931,0.06200565077701426,0.07453883646733417,0.009355809400055419,0.110102596605998,0.11856435937616512,0.09053711667712909,0.025387581627901404,0.06966866896990685
0.3523966,0.06178312132661364,0.07546872716292574,0.009417382742978427,0.11009310647337475,0.12002550441361201,0.09099006245600126,0.02581656974073159,0.07033176162975821
0.3528621,0.0615557250403404,0.07640702130612476,0.009482408550670373,0.11007808856815328,0.12149305074187328,0.09144367127356749,0.02624825179070835,0.07099421146246981
0.3533276,0.061323516503450866,0.07735364652138008,0.009550806155154898,0.11005756818136503,0.12296675923594985,0.09189791402827929,0.02668254769308217,0.07165593138355274
0.3537931,0.06108655154057513,0.07830852821823513,0.009622494810537244,0.11003157150858234,0.1244463886237658,0.09235276127110799,0.027119377163907495,0.07231683438450838
0.3542586,0.06084488720380241,0.0792715895924353,0.009697393714119788,0.1100001256432725,0.12593169553639805,0.09280818319535018,0.027558659732303654,0.07297683355688517
0.3547241,0.06059858176049774,0.08024275162741883,0.0097754220274896,0.10996325856991476,0.1274224345595012,0.09326414962649933,0.028000314752765834,0.07363584211630747
0.3551897,0.06034769468085389,0.08122193309619273,0.009856498897574966,0.10992099915688315,0.12891835828592096,0.09372063001218627,0.0284442614175227,0.07429377342646576
0.3556552,0.06009228662518233,0.08220905056359513,0.009940543477667851,0.10987337714909859,0.13041921736948964,0.09417759341219088,0.02889041876893728,0.07495054102305672
0.3561207,0.059832419430946984,0.08320401838894577,0.010027474948409228,0.10982042316045337,0.13192476057999508,0.09463500848852656,0.029338705711947737,0.07560605863766193
0.3565862,0.05956815609954423,0.08420674872908689,0.010117212538734276,0.109762168666011,0.13343473485931484,0.09509284349559931,0.02978904102654473,0.07626024022155273
0.3570517,0.059299560782832904,0.0852171515418178,0.010209675546774521,0.10969864599398346,0.1349488853787056,0.09555106627044299,0.030241343380282424,0.07691299996940917
0.3575172,0.05902669876941766,0.08623513458972742,0.010304783360713887,0.10962988831748814,0.13646695559723765,0.09600964422303283,0.03069553134082032,0.0775642523429401
0.3579828,0.05874963647068931,0.08726060344442974,0.010402455479595778,0.10955592964608664,0.13798868732136313,0.09646854432667944,0.031151523388493415,0.07821391209439113
0.3584483,0.0584684414066258,0.0882934614912087,0.010502611534078152,0.10947680481710652,0.13951382076560628,0.09692773310850612,0.03160923792890834,0.07886189428992708
0.3589138,0.05818318219135742,0.08933360993408011,0.010605171307133562,0.10939254948674773,0.14104209461436307,0.09738717664001269,0.032068593305563504,0.07950811433287447
0.3593793,0.0578939285185001,0.09038094780127834,0.010710054754691008,0.10930320012097508,0.14257324608479655,0.09784684052772848,0.032529507812491455,0.08015248798681013
0.3598448,0.057600751146260454,0.09143537195117657,0.01081718202621643,0.10920879398619829,0.1441070109908136,0.09830668990395743,0.03299189970692168,0.0807949313984813
0.3603103,0.05730372188231648,0.09249677707864956,0.010926473485228601,0.10910936913974154,0.14564312380810723,0.09876668941761763,0.03345568722196203,0.08143536112054252
0.3607759,0.05700291356847778,0.09356505572188804,0.011037849729747142,0.10900496442010504,0.14718131774024873,0.09922680322517748,0.03392078857929671,0.08207369413409508
0.3612414,0.05669840006512939,0.0946400982696737,0.01115123161266938,0.10889561943702138,0.14872132478581238,0.09968699498169027,0.03438712200189874,0.08270984787101451
0.3617069,0.05639025623546322,0.0957217929691235,0.011266540262072803,0.10878137456130946,0.1502628758065151,0.10014722783192864,0.034854605726754286,0.08334374023605194
0.3621724,0.056078557929501116,0.09681002593391097,0.011383697101439803,0.10866227091453048,0.15180570059635323,0.10060746440161965,0.03532315801759627,0.08397528962869562
0.3626379,0.05576338196791387,0.09790468115297263,0.01150262386980141,0.10853835035845057,0.15334952795171786,0.10106766678878171,0.03579269717764429,0.08460441496477825
0.3631034,0.055444806125640254,0.09900564049970656,0.01162324264179679,0.10840965548431615,0.15489408574246957,0.10152779655516452,0.03626314156234773,0.08523103569781641
0.363569,0.05512290911531051,0.10011278374167032,0.01174547584764529,0.10827622960194994,0.15643910098395294,0.10198781471779368,0.03673440959212871,0.08585507184006809
0.3640345,0.05479777057047897,0.1012259885507849,0.011869246293027783,0.10813811672867586,0.1579842999099302,0.10244768174062328,0.03720641976512142,0.08647644398329457
0.3645,0.05446947102867063,0.1023451305140519,0.011994477178874115,0.10799536157808153,0.15952940804641344,0.10290735752630033,0.03767909066990396,0.08709507331921351
0.3649655,0.0541380919142468,0.10347008314478995,0.01212109212105354,0.10784800954862626,0.16107415028637329,0.1033668014080472,0.038152340998218896,0.0877108816596301
0.365431,0.053803715521095426,0.10460071789439698,0.01224901516996481,0.10769610671210286,0.16261825096530236,0.10382597214166889,0.03862608955767869,0.08832379145623336
0.3658966,0.05346642499515158,0.10573690416464428,0.012378170830022708,0.10753969980195985,0.1641614339376104,0.1042848278976937,0.03910025528445218,0.08893372582004504
0.3663621,0.053126304316754205,0.10687850932050814,0.012508484079037693,0.10737883620149159,0.16570342265382812,0.10474332625365694,0.03957475725592895,0.08954060854050948
0.3668276,0.052783438282845034,0.10802539870354512,0.012639880387485246,0.1072135639319025,0.16724394023859535,0.1052014241865373,0.040049514703358505,0.09014436410421355
0.3672931,0.05243791248901577,0.10917743564581651,0.01277228573766149,0.10704393164025207,0.1687827095694083,0.10565907806535674,0.040524447024461584,0.0907449177132273
0.3677586,0.05208981331140957,0.11033448148436806,0.012905626642721631,0.10686998858728679,0.17031945335610008,0.10611624364395568,0.04099947379601114,0.09134219530305727
0.3682241,0.05173922788848268,0.11149639557627075,0.01303983016559773,0.10669178463516557,0.17185389422102754,0.10657287605395778,0.04147451478638084,0.09193612356020482
0.3686897,0.051386244102632025,0.11266303531422937,0.0131748239377924,0.10650937023508474,0.17338575477993665,0.10702892979794026,0.04194948996805915,0.09252662993932302
0.3691552,0.051030950561694245,0.11383425614276632,0.013310536178044959,0.10632279641480787,0.1749147577234774,0.10748435874282831,0.04242431953012745,0.09311364267996518
0.3696207,0.050673436580321606,0.11500991157498897,0.013446895710866652,0.10613211476610575,0.17644062589933923,0.10793911611353312,0.04289892389070053,0.0936970908229185
0.3700862,0.050313792161239615,0.11618985320994944,0.013583831984941485,0.10593737743211058,0.17796308239497594,0.10839315448685415,0.04337322370932812,0.09427690422611705
0.3705517,0.04995210797639139,0.11737393075060593,0.013721275091389297,0.1057386370945876,0.17948185062088787,0.10884642578566618,0.04384713989935542,0.09485301358012774
0.3710172,0.04958847534797307,0.11856199202239436,0.013859155781887787,0.10553594696112704,0.18099665439442858,0.10929888127341147,0.04432059364024102,0.09542535042320296
0.3714828,0.04922298622936435,0.11975388299241918,0.013997405486650362,0.10532936075225846,0.18250721802410094,0.10975047154891701,0.04479350638982998,0.09599384715589383
0.3719483,0.04885573318595798,0.12094944778927165,0.014135956332256897,0.10511893268848882,0.18401326639430757,0.11020114654155648,0.04526579989657997,0.09655843705521673
0.3724138,0.04848680937589183,0.1221485287234839,0.014274741159334706,0.10490471747726589,0.1855145250505182,0.11065085550677613,0.045737396211738474,0.0971190542883662
0.3728793,0.0481163085306871,0.12335096630862652,0.01441369354008724,0.1046867702998685,0.1870107202848159,0.1110995470220033,0.04620821770146891,0.0976756339259663
0.3733448,0.04774432493579605,0.12455659928305722,0.014552747795668201,0.1044651467982265,0.1885015792217829,0.11154716898295614,0.04667818705892415,0.09822811195485238
0.3738103,0.04737095341106257,0.125765264632327,0.014691839013398869,0.10423990306167283,0.18998682990468482,0.11199366860037292,0.04714722731626571,0.09877642529037464
0.3742759,0.046996289291099204,0.12697679761225003,0.014830903063826511,0.10401109561363191,0.19146620138191153,0.11243899239717836,0.04761526185662729,0.09932051178821479
0.3747414,0.046620428405583884,0.12819103177264232,0.014969876617621738,0.10377878139824727,0.19293942379363174,0.11288308620610457,0.04808221442602144,0.0998603102557074
0.3752069,0.04624346705947998,0.1294077989817343,0.01510869716231266,0.10354301776695288,0.19440622845861674,0.11332589516778369,0.0485480091451877,0.1003957604626576
0.3756724,0.045865502013182916,0.1306269294512611,0.015247303018853612,0.10330386246499065,0.1958663479611884,0.11376736372932889,0.04901257052138095,0.10092680315164766
0.3761379,0.0454866304625967,0.1318482517622338,0.01538563335802616,0.1030613736178774,0.1973195162382448,0.11420743564342109,0.04947582346009845,0.1014533800478256
0.3766034,0.0451069500191434,0.13307159289139464,0.015523628216670134,0.10281560971782366,0.19876546866631675,0.11464605396791806,0.04993769327674446,0.1019754338681697
0.377069,0.04472655868970852,0.13429677823835728,0.015661228513742322,0.10256662961010675,0.2002039421486044,0.11508316106600251,0.05039810570823155,0.10249290833022341
0.3775345,0.044345554856524624,0.13552363165343378,0.015798376066200583,0.10231449247939964,0.2016346752019446,0.11551869860688573,0.05085698692451751,0.10300574816029574
0.378,0.043964037256995825,0.1367519754661481,0.01593501360471119,0.10205925783605767,0.20305740804365682,0.11595260756708248,0.05131426354007685,0.10351389910112188
0.3784655,0.04358210496346486,0.1379816305144355,0.016071084789177254,0.10180098550236419,0.2044718826782145,0.11638482823227254,0.05176986262530536,0.10401730791897972
0.378931,0.04319985736292478,0.1392124161745266,0.016206534224086255,0.1015397355987363,0.2058778429836894,0.11681530019976316,0.05222371171785613,0.10451592241025773
0.3793966,0.04281739413667654,0.1404441503915134,0.016341307473674675,0.10127556852989116,0.20727503479791462,0.11724396238156626,0.05267573883390486,0.10500969140747099
0.3798621,0.04243481523993391,0.14167664971059407,0.016475351076908,0.10100854497097338,0.20866320600431285,0.11767075300810302,0.05312587247934264,0.10549856478472222
0.3803276,0.04205222088137648,0.14290972930899246,0.0166086125622743,0.10073872585364378,0.21004210661733752,0.11809560963254759,0.05357404166089359,0.10598249346260576
0.3807931,0.041669711502651356,0.14414320302854702,0.01674104046238973,0.10046617235212953,0.21141148886747227,0.11851846913582154,0.054020175897155354,0.10646142941255218
0.3812586,0.04128738775782386,0.14537688340896324,0.016872584328414368,0.10019094586923565,0.21277110728573598,0.11893926773224911,0.054464205229560365,0.10693532566061109
0.3817241,0.04090535049277764,0.14661058172172212,0.017003194744276768,0.09991310802231806,0.21412071878764014,0.11935794097588312,0.054906060233255755,0.10740413629066906
0.3821897,0.040523700724564335,0.14784410800463735,0.017132823340705688,0.09963272062921892,0.21546008275654532,0.11977442376751045,0.05534567202789956,0.10786781644709972
0.3826552,0.04014253962070321,0.14907727109705196,0.017261422809067384,0.09934984569416574,0.2167889611263642,0.1201886503623457,0.055782972288371216,0.10832632233684267
0.3831207,0.03976196847843125,0.1503098786756655,0.017388946915006805,0.09906454539363653,0.2181071184635579,0.12060055437842024,0.056217893255393454,0.10877961123090764
0.3835862,0.03938208870390442,0.15154173729098203,0.01751535051189099,0.09877688206219365,0.21941432204837266,0.12101006880567262,0.056650367746063135,0.1092276414653009
0.3840517,0.03900300179135067,0.15277265240437005,0.0176405895540528,0.09848691817828924,0.22071034195526318,0.12141712601574668,0.05708032916428751,0.10967037244137058
0.3845172,0.03862480930217521,0.15400242842572504,0.01776462110983309,0.09819471635004558,0.2219949511324485,0.12182165777250185,0.0575077115111227,0.11010776462556882
0.3849828,0.038247612844018834,0.15523086875172507,0.017887403374419297,0.09790033930101313,0.2232679254805454,0.12222359524324011,0.05793244939501035,0.11053977954862941
0.3854483,0.037871514049769385,0.1564577758046704,0.01800889568247825,0.09760384985590975,0.2245290439302244,0.12262286901065297,0.05835447804190817,0.11096637980416191
0.3859138,0.03749661455652698,0.15768295107189712,0.018129058520581078,0.09730531092634352,0.22577808851883305,0.12301940908549162,0.058773733305309765,0.11138752904666292
0.3863793,0.03712301598452323,0.15890619514575383,0.01824785353941789,0.09700478549652256,0.22701484446593218,0.1234131449199621,0.05919015167614856,0.11180319198894655
0.3868448,0.0367508199159949,0.16012730776412962,0.018365243565800073,0.09670233660895498,0.22823910024769173,0.12380400542184672,0.0596036702925805,0.1122133343989953
0.3873103,0.036380127874012826,0.16134608785152105,0.018481192614447865,0.09639802735014184,0.22945064767009338,0.1241919189693527,0.060014226949639975,0.11261792309623304
0.3877759,0.03601104130126687,0.16256233356062522,0.01859566589956092,0.09609192083626579,0.23064928194088724,0.12457681342668744,0.060421760108763115,0.11301692594722078
0.3882414,0.03564366153880823,0.16377584231444628,0.018708629846169486,0.09578408019887774,0.23183480174025406,0.12495861616035984,0.060826208907173565,0.11341031186077703
0.3887069,0.03527808980475036,0.1649864108489026,0.01882005210126366,0.09547456857058371,0.23300700929012352,0.12533725405620605,0.06122751316712628,0.11379805078252608
0.3891724,0.0349144271729303,0.1661938352559221,0.018929901544698053,0.09516344907073351,0.23416571042210446,0.12571265353713756,0.06162561340500606,0.11418011368887983
0.3896379,0.034552774551532224,0.16739791102701454,0.01903814829986915,0.09485078479111289,0.23531071464398362,0.12608474058160885,0.062020450840278366,0.11455647258046378
0.3901034,0.034193232661675656,0.1685984330973088,0.019144763744162522,0.09453663878164098,0.23644183520475284,0.12645344074280068,0.062411967404291585,0.11492710047500165
0.390569,0.03383590201597063,0.16979519589004413,0.019249720519166753,0.09422107403607506,0.23755888915812495,0.1268186791685151,0.06280010574893095,0.11529197139967727
0.3910345,0.033480882897042576,0.17098799336150344,0.01935299254065097,0.09390415347772454,0.23866169742450022,0.12718038062177617,0.06318480925512641,0.11565106038299391
0.3915,0.033128275336029765,0.1721766190463767,0.019454555008302628,0.09358593994517601,0.239750084851345,0.12753846950213024,0.06356602204121761,0.1160043434461528
0.3919655,0.032778179091056056,0.17336086610354187,0.01955438441522204,0.0932664961780308,0.24082388027194598,0.12789286986763876,0.0639436889711801,0.11635179759397171
0.392431,0.03243069362568169,0.1745405273622502,0.019652458557170165,0.0929458848026561,0.2418829165625051,0.12824350545755417,0.06431775566271716,0.11669340080536422
0.3928966,0.032085918087334825,0.17571539536870476,0.019748756541566014,0.09262416831795023,0.24292703069754262,0.12859029971566993,0.06468816849522205,0.11702913202340025
0.3933621,0.031743951285726095,0.17688526243301864,0.01984325879623006,0.09230140908112174,0.24395606380357726,0.12893317581433406,0.06505487461761499,0.11735897114496824
0.3938276,0.03140489167124846,0.17804992067654138,0.019935947077870074,0.0919776692934818,0.24496986121105543,0.12927205667911434,0.06541782195605977,0.11768289901005918
0.3942931,0.031068837313364468,0.17920916207954052,0.020026804480305693,0.09165301098624876,0.24596827250450357,0.12960686501410337,0.06577695922156412,0.11800089739069303
0.3947586,0.030735885878982943,0.18036277852922714,0.020115815442428218,0.09132749600636224,0.2469511515708799,0.1299375233278499,0.06613223591746754,0.1183129489795081
0.3952241,0.030406134610826994,0.18151056186811435,0.020202965755892078,0.091001186002305,0.24791835664610287,0.13026395395990317,0.06648360234682035,0.1186190373780341
0.3956897,0.03007968030579548,0.18265230394269957,0.020288242572534438,0.0906741424099285,0.24886975035973424,0.13058607910795564,0.06683100961965713,0.11891914708466925
0.3961552,0.029756619293319856,0.1837877966524626,0.02037163441151949,0.09034642643827878,0.24980519977779533,0.13090382085556931,0.0671744096601671,0.11921326348238165
0.3966207,0.029437047413718595,0.18491683199917294,0.02045313116620403,0.09001809905541888,0.25072457644369195,0.13121710120046995,0.06751375521376397,0.11950137282615497
0.3970862,0.029121059996551513,0.1860392021365001,0.02053272411072079,0.08968922097424378,0.25162775641722424,0.13152584208339316,0.0678489998540567,0.11978346223019773
0.3975517,0.028808751838976573,0.18715469941992058,0.020610405906276087,0.08935985263828551,0.25251462031165545,0.13182996541746525,0.06818009798972266,0.12005951965493511
0.3980172,0.028500217184112032,0.1882631164569141,0.02068617060715813,0.08903005420750518,0.253385053328815,0.1321293931181011,0.06850700487128425,0.1203295338938016
0.3984828,0.02819554969940708,0.18936424615744127,0.020760013666452328,0.0886998855440701,0.25423894529221047,0.13242404713340142,0.06882967659778909,0.12059349455985212
0.3989483,0.02789484245502454,0.19045788178469295,0.02083193194145982,0.08836940619811502,0.2550761906781246,0.1327138494750309,0.06914807012339402,0.12085139207220857
0.3994138,0.02759818790223941,0.19154381700610087,0.020901923698815272,0.08803867539348784,0.2558966886446755,0.13299872224955847,0.06946214326385286,0.12110321764235883
0.3998793,0.027305677851857443,0.19262184594459733,0.020969988619299974,0.08770775201348165,0.2567003430588198,0.13327858769024067,0.06977185470290748,0.12134896326032399
0.4003448,0.027017403452658083,0.19369176323011011,0.02103612780234612,0.08737669458655595,0.2574870625212793,0.1335533681892287,0.07007716399858165,0.12158862168070993
0.4008103,0.026733455169866534,0.19475336405127872,0.02110034377022818,0.08704556127205094,0.2582567603893754,0.13382298633017994,0.07037803158937732,0.12182218640865852
0.4012759,0.0264539227636599,0.1958064442073751,0.021162640471937378,0.08671440984589902,0.259009354797756,0.1340873649212544,0.07067441880037313,0.12204965168571384
0.4017414,0.026178895267712683,0.19685080016041315,0.021223023286735188,0.08638329768633794,0.259744768677004,0.13434642702847596,0.07096628784922553,0.12227101247561817
0.4022069,0.02590846096778702,0.19788622908743034,0.021281499027382068,0.08605228175963063,0.2604629297701185,0.13460009600943915,0.07125360185207327,0.1224862644500524
0.4026724,0.025642707380373386,0.19891252893292705,0.02133807594303754,0.08572141860579616,0.2611637706468623,0.1348482955473397,0.07153632482934678,0.12269540397433462
0.4031379,0.025381721231387527,0.1999294984614472,0.02139276372182784,0.08539076432435715,0.2618472287159739,0.13509094968530747,0.07181442171148365,0.12289842809309015
0.4036034,0.025125588434929447,0.2009369373102853,0.021445573493077304,0.08506037456010906,0.262513246235239,0.13532798286101852,0.07208785834455206,0.12309533451590551
0.404069,0.02487439407211037,0.2019346460423031,0.021496517829199625,0.08473030448891779,0.2631617703194216,0.13555931994156264,0.07235660149578349,0.12328612160297885
0.4045345,0.02462822236995333,0.20292242619883963,0.021545610747244988,0.08440060880355277,0.2637927529460513,0.13578488625854082,0.07262061885901656,0.12347078835077831
0.405,0.024387156680373126,0.20390008035269508,0.021592867710099026,0.08407134169956428,0.2644061509590659,0.1360046076433667,0.07287987906005265,0.12364933437772088
0.4054655,0.024151279459241042,0.20486741216116885,0.021638305627329504,0.0837425568612128,0.26500192607030876,0.1362184104627454,0.07313435166192402,0.12382175990988348
0.405931,0.02392067224553967,0.20582422641913073,0.021681942855676626,0.08341430744745965,0.26558004485888237,0.13642622165430315,0.07338400717007455,0.12398806576675951
0.4063966,0.023695415640612914,0.2067703291121034,0.02172379919918286,0.08308664607802665,0.2661404787683608,0.13662796876233912,0.07362881703745276,0.12414825334707431
0.4068621,0.02347558928751621,0.20770552746933327,0.021763895908958185,0.08275962481953335,0.26668320410186797,0.13682357997367225,0.07386875366951642,0.12430232461467353
0.4073276,0.023261271850471683,0.20862963001682627,0.021802255682576703,0.0824332951717188,0.2672082020150336,0.13701298415355406,0.07410379042914826,0.12445028208449961
0.4077931,0.02305254099443293,0.20954244663032695,0.021838902663100908,0.08210770805375608,0.2677154585068401,0.1371961108816177,0.07433390164148175,0.12459212880867102
0.4082586,0.022849473364764075,0.2104437885882208,0.021873862437730048,0.08178291379066692,0.2682049644083808,0.13737289048783316,0.07455906259863637,0.12472786836267882
0.4087241,0.022652144567037527,0.21133346862434127,0.0219071620360694,0.08145896209984409,0.268676715369552,0.1375432540884367,0.07477924956436174,0.12485750483171575
0.4091897,0.02246062914695494,0.2122113009806664,0.021938829928017455,0.08113590207768927,0.2691307118437032,0.13770713362180295,0.07499443977858995,0.12498104279715162
0.4096552,0.02227500057039571,0.21307710145989026,0.02196889602126836,0.08081378218637325,0.2695669590702733,0.1378644618842262,0.07520461146189535,0.12509848732316928
0.4101207,0.02209533120359738,0.21393068747785493,0.021997391658426974,0.08049265024072519,0.2699854670554401,0.13801517256557763,0.07540974381986099,0.12520984394357368
0.4105862,0.021921692293472284,0.21477187811582926,0.022024349613734052,0.08017255339525685,0.27038625055081095,0.13815920028480397,0.07560981704735101,0.12531511864878658
0.4110517,0.021754153948064615,0.21560049417262023,0.022049804089398963,0.07985353813132752,0.27076932903018286,0.1382964806252332,0.07580481233268781,0.12541431787303872
0.4115172,0.021592785117152267,0.21641635821650254,0.022073790711537433,0.07953565024445433,0.27113472666439886,0.1384269501696509,0.07599471186173301,0.12550744848177092
0.4119828,0.021437653572997574,0.21721929463695208,0.02209634652571181,0.079218934831773,0.2714824722943304,0.13855054653511106,0.07617949882187086,0.12559451775925573
0.4124483,0.021288825891251282,0.21800912969616715,0.02211750999207102,0.07890343627965313,0.2718125994020165,0.13866720840744365,0.07635915740589237,0.125675533396451
0.4129138,0.02114636743201402,0.21878569158036115,0.022137320980087565,0.07858919825147243,0.27212514607999416,0.138776875575421,0.07653367281577776,0.12575050347909708
0.4133793,0.021010342321059628,0.21954881045081023,0.02215582076288881,0.07827626367555379,0.272420154998856,0.1388794889645455,0.0767030312663745,0.12581943647606966
0.4138448,0.020880813431224807,0.22029831849463843,0.022173052011179667,0.07796467473326951,0.2726976733730742,0.1389749906704204,0.07686721998896781,0.1258823412279994
0.4143103,0.02075784236396978,0.22103404997532444,0.022189058786753837,0.0776544728473168,0.2729577529251287,0.13906332399166715,0.0770262272347398,0.12593922693617035
0.4147759,0.020641489431114685,0.22175584128291304,0.022203886535590803,0.07734569867017001,0.27320044984797964,0.13914443346235145,0.07718004227811293,0.1259901031517078
0.4152414,0.020531813636756657,0.222463530983916,0.022217582080535588,0.0770383920727148,0.2734258247659216,0.13921826488388261,0.07732865541997307,0.12603497976506664
0.4157069,0.02042887265937247,0.22315695987088588,0.022230193613558165,0.07673259213307007,0.2736339426938559,0.1392847653563508,0.07747205799076676,0.12607386699583065
0.4161724,0.02033272283411164,0.22383597101164654,0.022241770687589344,0.07642833712560312,0.2738248729950182,0.13934388330926833,0.07761024235346664,0.12610677538283283
0.4166379,0.02024341913528473,0.22450040979816382,0.022252364207929663,0.07612566451014426,0.27399868933719856,0.1393955685316831,0.0777432019063985,0.1261337157746065
0.4171034,0.02016101515905157,0.22515012399504095,0.02226202642322779,0.0758246109214062,0.2741554696474901,0.1394397722016334,0.07787093108592304,0.12615469932017684
0.417569,0.020085563106313913,0.22578496378762192,0.022270810916024866,0.07552521215861466,0.2742952960656049,0.13947644691491629,0.07799342536896472,0.1261697374602026
0.4180345,0.02001711376581692,0.2264047818296879,0.022278772592861096,0.0752275031753563,0.27441825489579363,0.13950554671314297,0.07811068127537994,0.12617884191847806
0.4185,0.019955716497463895,0.22700943329073062,0.022285967673940907,0.07493151806965156,0.27452443655740627,0.1395270271110556,0.07822269637015625,0.1261820246938056
0.4189655,0.019901419215848603,0.2275987759027879,0.0222924536823532,0.0746372900742595,0.2746139355341295,0.13954084512308276,0.07832946926543377,0.126179298052249
0.419431,0.019854268374009554,0.2281726700068262,0.022298289432843198,0.07434485154722235,0.27468685032193746,0.1395469592891105,0.07843099962233953,0.1261706745197768
0.4198966,0.019814308947410552,0.2287309785986541,0.022303535020132673,0.07405423396265783,0.27474328337579024,0.13954532969944813,0.0785272881526249,0.12615616687530382
0.4203621,0.019781584418151962,0.22927356737435067,0.022308251806785577,0.07376546790180695,0.27478334105511515,0.13953591801896692,0.07861833662009601,0.1261357881441387
0.4208276,0.019756136759417096,0.22980030477519303,0.022312502410616407,0.07347858304434607,0.2748071335681044,0.1395186875103906,0.07870414784182585,0.12610955159184348
0.4212931,0.01973800642015815,0.2303110620320674,0.022316350691639036,0.07319360815997196,0.27481477491486134,0.1394936030567168,0.07878472568913678,0.12607747071851058
0.4217586,0.019727232310026203,0.2308057132093477,0.022319861738554124,0.07291057110026945,0.27480638282942743,0.13946063118274887,0.07886007508834164,0.12603955925346177
0.4222241,0.019723851784549756,0.23128413524822541,0.02232310185477362,0.07262949879087124,0.27478207872071886,0.1394197400757181,0.07893020202123142,0.12599583115037238
0.4226897,0.019727900630566328,0.23174620800947385,0.022326138543981154,0.0723504172239197,0.2747419876124015,0.1393708996049783,0.07899511352529776,0.12594630058282388
0.4231552,0.019739413051911694,0.23219181431563005,0.022329040495227513,0.0720733514508402,0.2746862380817303,0.13931408134075557,0.07905481769367956,0.12589098194028686
0.4236207,0.019758421655371287,0.23262083999257474,0.022331877567560745,0.07179832557543532,0.27461496219737985,0.1392492585719389,0.07910932367482466,0.12582988982453577
0.4240862,0.019784957436898364,0.23303317391049155,0.022334720774190683,0.07152536274730929,0.2745282954562889,0.1391764063228975,0.07915864167185889,0.12576303904649644
0.4245517,0.01981904976810359,0.23342870802418403,0.02233764226618797,0.07125448515563207,0.27442637671954506,0.13909550136931365,0.07920278294165714,0.125690444623527
0.4250172,0.019860726383020662,0.23380733741273022,0.02234071531571794,0.07098571402325253,0.2743093481473337,0.1390065222530215,0.07924175979361323,0.1256121217771327
0.4254828,0.019910013365152728,0.2341689603184535,0.022344014298809983,0.07071906960117019,0.2741773551329763,0.13890944929584467,0.0792755855881078,0.12552808593111484
0.4259483,0.019966935134804343,0.2345134781851888,0.0223476146776632,0.07045457116337518,0.27403054623608564,0.13880426461242817,0.0793042747346762,0.12543835271015402
0.4264138,0.020031514436703708,0.23484079569582447,0.02235159298248938,0.07019223700206556,0.2738690731148658,0.13869095212206173,0.07932784268988018,0.12534293793882814
0.4268793,0.02010377232791982,0.23515082080910163,0.022356026792894623,0.06993208442325091,0.2736930904575891,0.13856949755949458,0.07934630595488774,0.1252418576410646
0.4273448,0.02018372816607913,0.2354434647956553,0.02236099471880127,0.06967412974275056,0.2735027559132847,0.1384398884847438,0.07935968207276616,0.12513512804002686
0.4278103,0.02027139959788629,0.23571864227328201,0.022366576380912075,0.06941838828259429,0.27329823002167575,0.13830211429190056,0.07936798962549263,0.12502276555843472
0.4282759,0.020366802547953523,0.23597627124142012,0.022372852390718855,0.0691648743678328,0.2730796761424061,0.13815616621694055,0.07937124823068738,0.12490478681931791
0.4287414,0.02046995120794333,0.2362162731148287,0.02237990433005819,0.06891360132376499,0.2728472603835977,0.1380020373445471,0.07936947853807316,0.12478120864720155
0.4292069,0.020580858026029495,0.2364385727564503,0.02238781473021702,0.06866458147358884,0.2726011515297794,0.13783972261395727,0.07936270222566534,0.12465204806972217
0.4296724,0.020699533696681423,0.23664309850944165,0.02239666705059119,0.06841782613648192,0.27234152096922737,0.13766921882384248,0.07935094199569558,0.12451732231967154
0.4301379,0.020825987150777315,0.23682978222835602,0.022406545656900145,0.06817334562611825,0.2720685426207561,0.13749052463623687,0.0793342215702721,0.12437704883746507
0.4306034,0.02096022554605182,0.23699855930946115,0.022417535798961056,0.06793114924962707,0.2717823928599962,0.13730364057952646,0.0793125656867792,0.12423124527403073
0.431069,0.021102254257883934,0.23714936872017647,0.0224297235880256,0.06769124530699952,0.2714832504451942,0.13710856905051402,0.07928600009301844,0.12407992949411346
0.4315345,0.02125207687043103,0.23728215302761255,0.022443195973682564,0.06745364109094895,0.27117129644256815,0.13690531431557385,0.07925455154209424,0.12392311957998971
0.432,0.021409695168114962,0.23739685842619593,0.022458040720329413,0.06721834288723023,0.27084671415125167,0.13669388251091077,0.07921824778704689,0.12376083383558589
0.4324655,0.021575109127465943,0.23749343476436327,0.022474346383215972,0.0669853559754232,0.2705096890278577,0.13647428164193715,0.07917711757523557,0.12359309079099458
0.432931,0.021748316909329928,0.2375718355703085,0.022492202284063297,0.06675468463018515,0.2701604086106919,0.1362465215817807,0.07913119064247463,0.12341990920738094
0.4333966,0.021929314851445003,0.23763201807676762,0.022511698486260737,0.06652633212297669,0.2697990624436452,0.13601061406893536,0.0790804977069255,0.12324130808227161
0.4338621,0.02211809746139219,0.23767394324482943,0.022532925769644226,0.0663003007242647,0.269425841999792,0.13576657270406708,0.07902507046274639,0.12305730665521708
0.4343276,0.022314657409925887,0.2376975757867634,0.022555975604858555,0.0660765917062058,0.26904094060472067,0.13551441294598535,0.07896494157350108,0.12286792441381837
0.4347931,0.022518985524689207,0.2377028841878585,0.02258094012730637,0.06585520534581323,0.2686445533596204,0.13525415210679217,0.07890014466532826,0.12267318110010762
0.4352586,0.022731070784319223,0.23768984072726881,0.022607912110686388,0.06563614092860909,0.26823687706414884,0.13498580934621981,0.07883071431987161,0.12247309671727158
0.4357241,0.022950900312947154,0.23765842149786243,0.022636984940123072,0.06541939675276441,0.26781811013910234,0.1347094056651689,0.07875668606697107,0.12226769153670686
0.4361897,0.023178459375098655,0.23760860642507042,0.022668252584890018,0.0652049701337277,0.2673884525489106,0.1344249638984596,0.07867809637711495,0.12205698610539581
0.4366552,0.023413731370999367,0.23754037928473024,0.022701809570729082,0.06499285740934299,0.2669481057239773,0.13413250870680862,0.07859498265365235,0.12184100125359165
0.4371207,0.0236566978322911,0.23745372771992032,0.022737750951767256,0.0647830539454579,0.2664972724828882,0.13383206656804564,0.07850738322476467,0.12161975810280089
0.4375862,0.02390733841816415,0.2373486432567804,0.022776172282033328,0.06457555414202117,0.26603615695450794,0.13352366576758332,0.07841533733519492,0.12139327807405069
0.4380517,0.02416563091191112,0.23722512131931192,0.02281716958657642,0.0643703514396694,0.26556496449999106,0.13320733638815638,0.07831888513773272,0.12116158289642863
0.4385172,0.024431551217907757,0.23708316124315304,0.022860839332188767,0.06416743832680208,0.26508390163473083,0.13288311029884506,0.07821806768445276,0.12092469461588089
0.4389828,0.024705073359025966,0.23692276628832037,0.022907278397735216,0.0639668063471435,0.26459317595027504,0.1325510211433991,0.07811292691770395,0.1206826356042548
0.4394483,0.024986169474484177,0.23674394365090873,0.022956584044092378,0.06376844610779027,0.26409299603623787,0.1322111043278791,0.07800350566084607,0.12043542856857092
0.4399138,0.025274809818140002,0.23654670447373916,0.02300885388370054,0.06357234728774214,0.2635835714022416,0.1318633970076323,0.07788984760873004,0.12018309656050985
0.4403793,0.02557096275723003,0.23633106385594457,0.023064185849732032,0.06337849864691374,0.2630651123999211,0.13150793807361988,0.07777199731791787,0.11992566298609728
0.4408448,0.025874594771561364,0.23609704086148067,0.0231226781648802,0.06318688803562451,0.2625378301450282,0.13114476813811335,0.07765000019663751,0.11966315161557144
0.4413103,0.026185670453159445,0.2358446585265478,0.023184429309773446,0.06299750240456345,0.26200193643967196,0.13077392951977712,0.07752390249446732,0.11939558659341569
0.4417759,0.026504152506376534,0.2355739438659089,0.0232495379910195,0.06281032781522525,0.2614576436947318,0.13039546622815446,0.07739375129174524,0.11912299244853825
0.4422414,0.026830001748465195,0.2352849278780864,0.02331810310888543,0.06262534945081398,0.26090516485247994,0.1300094239475737,0.07725959448869713,0.11884539410458113
0.4427069,0.027163177110621075,0.23497764554941955,0.023390223724619488,0.062442551627609665,0.26034471330944925,0.12961585002049075,0.07712148079427911,0.11856281689034016
0.4431724,0.027503635639499188,0.23465213585696337,0.023465999027421254,0.06226191780679318,0.25977650283958115,0.12921479343028366,0.07697945971472832,0.1182752865502774
0.4436379,0.027851332499208063,0.23430844177020851,0.02354552830106724,0.06208343060672423,0.25920074751769007,0.12880630478351407,0.0768335815418165,0.11798282925510734
0.4441034,0.02820622097378595,0.2339466102516005,0.023628910890199407,0.06190707181566692,0.258617661643279,0.12839043629166969,0.0766838973408008,0.11768547161243824
0.444569,0.02856825247016335,0.23356669225583684,0.023716246166284653,0.06173282240495701,0.2580274596647406,0.12796724175240196,0.07653045893806583,0.11738324067744933
0.4450345,0.028937376521616,0.23316874272791902,0.023807633493253634,0.061560662542604574,0.2574303561039774,0.12753677653027176,0.07637331890845069,0.11707616396358445
0.4455,0.0293135407917123,0.23275282059993735,0.023903172192827806,0.06139057160732523,0.25682656548147176,0.12709909753701606,0.07621253056225474,0.11676426945324196
0.4459655,0.029696691078759174,0.23231898878656784,0.024002961509543726,0.061222528202993044,0.2562163022418368,0.12665426321134793,0.07604814793191568,0.11644758560844132
0.446431,0.03008677132074995,0.23186731417925965,0.02410710057548401,0.06105651017350749,0.2555997806798762,0.12620233349830248,0.07588022575835374,0.11612614138144615
0.4468966,0.030483723600817733,0.23139786763909498,0.024215688374724438,0.06089249461806652,0.25497721486718045,0.12574336982814108,0.07570881947697754,0.11579996622532404
0.4473621,0.030887488153197588,0.2309107239883044,0.024328823707507084,0.060730457906837516,0.2543488185792857,0.12527743509482603,0.0755339852033479,0.1154690901044223
0.4478276,0.03129800336970038,0.23040596200042315,0.024446605154149363,0.060570375697017405,0.2537148052234209,0.1248045936340782,0.0753557797184979,0.11513354350473919
0.4482931,0.031715205806701154,0.22988366438907568,0.024569131038699236,0.060412222949272794,0.25307538776686633,0.12432491120102948,0.07517426045390885,0.11479335744416935
0.4487586,0.03213903019264468,0.229343917795379,0.024696499392346975,0.0602559739445509,0.2524307786659463,0.1238384549474822,0.07498948547614404,0.11444856348260161
0.4492241,0.032569409436070666,0.22878681277395613,0.02482880791660425,0.060101602301251555,0.2517811897956747,0.12334529339878765,0.0748015134711432,0.11409919373184785
0.4496897,0.03300627463416115,0.22821244377755334,0.02496615394626141,0.05994908099275062,0.2511268323800735,0.1228454964303561,0.07461040372818258,0.11374528086538119
0.4501552,0.03344955508181238,0.22762090914025426,0.025108634412134304,0.05979838236526523,0.2504679169231822,0.12233913524381038,0.07441621612350602,0.11338685812786163
0.4506207,0.033899178281233476,0.22701231105928452,0.02525634580361216,0.059649478156051046,0.2498046531407753,0.1218262823427961,0.07421901110363276,0.11302395934442674
0.4510862,0.034355069952074,0.22638675557540072,0.025409384131018398,0.05950233951192177,0.2491372498928053,0.12130701150846165,0.07401884966834704,0.11265661892972541
0.4515517,0.0348171540420824,0.22574435255185726,0.025567844887796325,0.05935693700808098,0.24846591511658883,0.12078139777462142,0.07381579335337472,0.11228487189667187
0.4520172,0.03528535273829721,0.22508521565194448,0.025731823012531872,0.05921324066725593,0.2477908557607527,0.12024951740261593,0.07360990421275096,0.11190875386489813
0.4524828,0.03575958647877237,0.22440946231509298,0.025901412850825357,0.059071219979122576,0.2471122777199573,0.11971144785588204,0.07340124480088345,0.11152830106888281
0.4529483,0.03623977396483826,0.22371721373154033,0.026076708117024474,0.058930843920010585,0.24643038577041454,0.11916726777424655,0.07318987815431523,0.11114355036573616
0.4534138,0.03672583217389946,0.22300859481555607,0.026257801855830428,0.058792080972876776,0.24574538350621597,0.11861705694795513,0.07297586777319108,0.1107545392426208
0.4538793,0.03721767637277042,0.22228373417722253,0.026444786403789097,0.0586548991475346,0.24505747327648858,0.1180608962914487,0.07275927760243227,0.11036130582378863
0.4543448,0.03771522013155008,0.2215427640927669,0.026637753350679364,0.05851926600112718,0.24436685612339368,0.11749886781689761,0.0725401720126248,0.10996388887721442
0.4548103,0.03821837533803636,0.22078582047344153,0.026836793500810734,0.05838514865883085,0.2436737317209857,0.1169310546075042,0.07231861578062712,0.10956232782080653
0.4552759,0.03872705221268163,0.2200130428329486,0.027041996834242726,0.058252513834775754,0.2429782983149469,0.11635754079058311,0.07209467406990318,0.10915666272817505
0.4557414,0.0392411593240898,0.21922457425340763,0.02725345246793868,0.058121327853169716,0.24228075266321322,0.11577841151042802,0.07186841241058756,0.10874693433393774
0.4562069,0.0397606036050558,0.21842056134986315,0.02747124861686706,0.05799155666961119,0.24158128997750758,0.11519375290097342,0.07163989667928923,0.10833318403854363
0.4566724,0.04028529036914755,0.21760115423333054,0.027695472555063633,0.05786316589257663,0.24088010386579503,0.11460365205825841,0.0714091930786408,0.10791545391259434
0.4571379,0.040815123327830674,0.2167665064723787,0.027926210576668116,0.05773612080506719,0.24017738627567375,0.11400819701270025,0.0711763681166002,0.10749378670064356
0.4576034,0.04135000460813573,0.21591677505324744,0.028163547956949437,0.057610386386399495,0.23947332743871497,0.11340747670118459,0.07094148858551245,0.10706822582445494
0.458069,0.04188983477086738,0.21505212033850024,0.02840756891333375,0.05748592733412457,0.23876811581576374,0.11280158093897993,0.07070462154093911,0.10663881538570084
0.4585345,0.042434512829354856,0.21417270602421315,0.028658356566449817,0.05736270808605902,0.2380619380432106,0.11219060039148404,0.07046583428026414,0.10620560016808425
0.459,0.04298393626874276,0.21327869909570482,0.028915992901206285,0.0572406928424123,0.2373549788802427,0.11157462654581167,0.07022519432108462,0.10576862563886778
0.4594655,0.043538001065820904,0.21237026978181556,0.029180558727915643,0.05711984558799373,0.23664742115708073,0.11095375168223325,0.06998276937939614,0.10532793794979435
0.459931,0.044096601709391864,0.21144759150774722,0.029452133643479653,0.057000130114482565,0.23593944572420575,0.11032806884547548,0.06973862734758252,0.104883583937384
0.4603966,0.04465963122117457,0.21051084084647897,0.0297307959926512,0.056881510042744624,0.2352312314025793,0.10969767181589618,0.06949283627222118,0.10443561112259216
0.4608621,0.045226981177242435,0.20956019746877735,0.030016622829387527,0.056763948845178436,0.23452295493485745,0.1090626550805461,0.06924546433171543,0.1039840677098149
0.4613276,0.04579854172999417,0.2085958440918226,0.03030968987830992,0.05664740986807397,0.2338147909375991,0.10842311380413144,0.06899657981376602,0.1035290025852276
0.4617931,0.04637420163065566,0.20761796642647512,0.03061007149628511,0.056531856353967055,0.23310691185446655,0.10777914379989134,0.06874625109269464,0.10307046531444493
0.4622586,0.046953848252311164,0.20662675312320816,0.030917840634143743,0.05641725146397222,0.2323994879104154,0.10713084150040518,0.06849454660663214,0.10260850613949354
0.4627241,0.04753736761346215,0.20562239571673477,0.031233068798551394,0.056303558300076786,0.2316926870668686,0.10647830392834479,0.0682415348345854,0.10214317597509082
0.4631897,0.04812464440211243,0.20460508856935822,0.031555826014047834,0.05619073992737922,0.2309866749778684,0.1058216286671873,0.06798728427339668,0.10167452640422754
0.4636552,0.04871556200037783,0.20357502881307435,0.03188618078527026,0.05607875939625465,0.2302816149472001,0.10516091383190458,0.06773186341460902,0.10120260967305533
0.4641207,0.049310002509618804,0.20253241629045446,0.0322242000593765,0.05596757976443055,0.22957766788648093,0.10449625803964536,0.06747534072125105,0.10072747868508254
0.4645862,0.049907846776094146,0.20147745349433774,0.03256994918868415,0.05585716411895538,0.22887499227420757,0.1038277603804271,0.06721778460455442,0.10024918699468396
0.4650517,0.0505089744171336,0.20041034550636216,0.032923491893541976,0.05574747559804308,0.22817374411575542,0.10315552038785389,0.06695926340061616,0.09976778879993058
0.4655172,0.05111326384782674,0.19933129993436516,0.033284890225449844,0.05563847741277581,0.22747407690432342,0.10247963800987761,0.06669984534701862,0.09928333893474708
0.4659828,0.0517205923082254,0.19824052684868584,0.033654204530443876,0.05553013286864754,0.2267761415828166,0.1018002135796185,0.06643959855941925,0.09879589286040734
0.4664483,0.052330835891056283,0.1971382387174023,0.03403149341276335,0.05542240538693093,0.22608008650665892,0.1011173477862616,0.06617859100812257,0.09830550665638066
0.4669138,0.052943869569940245,0.19602465034053843,0.03441681369881616,0.05531525852584997,0.22538605740752915,0.10043114164604415,0.06591689049464695,0.09781223701054614
0.4673793,0.05355956722811439,0.19489997878327603,0.03481022040145979,0.05520865600154071,0.22469419735801313,0.09974169647334975,0.06565456462829913,0.09731614120879424
0.4678448,0.05417780168765273,0.193764443308209,0.03521176668461442,0.05510256170878282,0.22400464673716744,0.09904911385192333,0.0653916808027692,0.09681727712403769
0.4683103,0.05479844473918094,0.19261826530667953,0.035621503828225196,0.054996939741484376,0.22331754319699054,0.09835349560622156,0.06512830617275857,0.09631570320465369
0.4687759,0.05542136717208036,0.19146166822923802,0.03603948119359065,0.054891754412902914,0.2226330216298001,0.09765494377291249,0.06486450763065328,0.09581147846237999
0.4692414,0.056046438805175985,0.19029487751527052,0.03646574618907405,0.05478697027558549,0.22195121413651717,0.09695356057253768,0.06460035178325482,0.09530466245968698
0.4697069,0.05667352851790314,0.18911812052183927,0.03690034423621454,0.05468255214101054,0.22127224999586223,0.09624944838134906,0.0643359049285803,0.09479531529664736
0.4701724,0.05730250428194681,0.18793162645178219,0.03734331873625491,0.05457846509891427,0.22059625563446822,0.09554270970333274,0.06407123303274373,0.09428349759732493
0.4706379,0.05793323319334743,0.18673562628111945,0.03779471103710254,0.05447467453628402,0.21992335459792023,0.09483344714243039,0.06380640170693032,0.09376927049570394
0.4711034,0.058565581505066175,0.1855303526858145,0.03825456040074019,0.05437114615600112,0.2192536675227323,0.09412176337496886,0.06354147618447539,0.09325269562118023
0.471569,0.05919941466000271,0.18431603996793744,0.038722903971103145,0.05426784599511572,0.2185873121092738,0.09340776112230824,0.06327652129805972,0.09273383508363485
0.4720345,0.05983459732445757,0.1830929239812796,0.03919977674243888,0.05416474044273666,0.21792440309565975,0.09269154312371827,0.06301160145703262,0.0922127514581108
0.4725,0.060470993422030786,0.1818612420564666,0.039685211528165544,0.05406179625752019,0.2172650522326194,0.09197321210949362,0.06274678062487402,0.09168950776911265
0.4729655,0.06110846616794823,0.1806212329256172,0.04017923893024506,0.05395898058474235,0.21660936825935764,0.09125287077431803,0.06248212229680619,0.0911641674745485
0.473431,0.061746878103806475,0.1793731366465942,0.04068188730908641,0.05385626097294158,0.21595745688042198,0.09053062175088815,0.0622176894775656,0.09063679444933352
0.4738966,0.06238609113272649,0.1781171945268935,0.041193182753994605,0.053753605390119474,0.2153094207435876,0.08980656758380759,0.061953544659344786,0.09010745296867452
0.4743621,0.0630259665549062,0.17685364904721537,0.04171314905418054,0.05365098223948944,0.21466535941877063,0.08908081070376153,0.06168974979991438,0.08957620769105416
0.4748276,0.06366636510356133,0.17558274378476335,0.04224180767034672,0.05354836037476484,0.21402536937797803,0.08835345340198199,0.0614263663009348,0.08904312364093445
0.4752931,0.06430714698124347,0.1743047233363146,0.042779177706863826,0.05344570911497937,0.21338954397630233,0.08762459780501336,0.061163454986467455,0.08850826619119824
0.4757586,0.06494817189652376,0.17301983324110554,0.04332527588455267,0.05334299825883381,0.21275797343396693,0.08689434584978804,0.06090107608169529,0.08797170104534831
0.4762241,0.06558929910103004,0.17172831990357648,0.04388011651408612,0.05324019809856394,0.21213074481942729,0.08616279925902158,0.06063928919186311,0.08743349421948214
0.4766897,0.06623038742682487,0.1704304305160195,0.044443711470025044,0.053137279433325114,0.21150794203353215,0.08543005951693682,0.0603781532814484,0.0868937120240615
0.4771552,0.06687129532411111,0.1691264129811721,0.04501607016550224,0.05303421358208957,0.21088964579474814,0.08469622784532584,0.060117726653573414,0.08635242104549488
0.4776207,0.06751188089925125,0.1678165158347998,0.0455971995275678,0.05293097239605294,0.2102759336254486,0.083961405179958,0.05985806692966915,0.08580968812755088
0.4780862,0.06815200195308617,0.16650098816830922,0.04618710397320948,0.052827528270547895,0.20966687983926804,0.08322569214734216,0.059599231029401664,0.08526558035261983
0.4785517,0.06879151601953838,0.1651800795514318,0.046785785386061055,0.0527238541564641,0.2090625555295198,0.08248918904185074,0.05934127515087078,0.08472016502284087
0.4790172,0.06943028040448435,0.1638540399550178,0.047393243093811814,0.05261992357117526,0.2084630285586751,0.08175199580321249,0.05908425475109116,0.08417350964111103
0.4794828,0.07006815222487987,0.16252311967397784,0.04800947384633029,0.052515710608975405,0.20786836354889923,0.081014211994381,0.05882822452676538,0.08362568189199272
0.4799483,0.07070498844812226,0.16118756925040814,0.048634471794515306,0.05241118995102764,0.20727862187363894,0.08027593677978494,0.05857323839535828,0.08307674962253539
0.4804138,0.07134064593163225,0.15984763939693414,0.0492682284698875,0.052306336874828815,0.20669386165025505,0.07953726890396629,0.058319349476481555,0.08252678082302654
0.4808793,0.07197498146263873,0.15850358092030592,0.04991073276493414,0.05220112726319387,0.20611413773369347,0.07879830667061141,0.05806661007359733,0.08197584360768678
0.4813448,0.07260785179814856,0.15715564464527762,0.050561970914220135,0.05209553761276323,0.2055395017111888,0.07805914792198014,0.057815071656049107,0.08142400619532267
0.4818103,0.07323911370508411,0.15580408133880158,0.05122192647627768,0.051989545042036595,0.20497000189799583,0.07731989001873701,0.05756478484142793,0.08087133688995068
0.4822759,0.07386862400057048,0.1544491416345673,0.05189058031628721,0.051883127298935995,0.20440568333414647,0.07658062982018865,0.05731579937828169,0.08031790406140488
0.4827414,0.07449623959235485,0.15309107595791338,0.05256791058956168,0.05177626276790112,0.2038465877822332,0.07584146366493046,0.057068164129174974,0.07976377612594002
0.4832069,0.07512181751933977,0.1517301344511411,0.0532538927258467,0.051668930476519756,0.20329275372622382,0.07510248735190542,0.05682192705410663,0.0792090215268417
0.4836724,0.07574521499221326,0.1503665668992557,0.05394849941444869,0.0515611101016961,0.2027442163713149,0.07436379612187746,0.056577135194292416,0.07865370871505437
0.4841379,0.0763662894341575,0.1490006226561616,0.054651700590203,0.05145278197535986,0.20220100764483387,0.07362548463932138,0.05633383465631975,0.07809790612983754
0.4846034,0.07698489852161891,0.14763255057133653,0.05536346342029413,0.051343927089719105,0.20166315619820205,0.07288764697473107,0.056092070596681635,0.07754168217946024
0.485069,0.07760090022512195,0.14626259891700788,0.05608375229193963,0.05123452710205995,0.20113068740997073,0.07215037658734762,0.05585188720669667,0.0769851052219429
0.4855345,0.07821415285010981,0.144891015315854,0.05681252880094949,0.05112456433909606,0.20060362338994253,0.07141376630830816,0.055613327697821915,0.07642824354585633
0.486,0.07882451507779514,0.1435180466692526,0.05754975174117214,0.0510140218008712,0.2000819829843906,0.07067790832421646,0.05537643428736537,0.07587116535118628
0.4864655,0.07943184600600439,0.14214393908609707,0.05829537709483852,0.05090288316421803,0.19956578178238768,0.06994289416113564,0.055141248184604454,0.0753139387302727
0.486931,0.08003600519000001,0.14076893781220182,0.05904935802381484,0.05079113278577607,0.19905503212325723,0.06920881466900344,0.0549078095773169,0.07475663164883152
0.4873966,0.08063685268326495,0.13939328716031732,0.05981164486177514,0.0506787557045722,0.19854974310515944,0.06847576000647,0.054676157618730306,0.07419931192706762
0.4878621,0.081234249078234,0.13801723044077627,0.06058218510730394,0.05056573764416637,0.19804992059482446,0.06774381962615829,0.05444633041489666,0.07364204722088674
0.4883276,0.0818280555469568,0.1366410098927921,0.06136092341793951,0.050452065014366027,0.197555567238444,0.06701308226034708,0.05421836501249798,0.07308490500321412
0.4887931,0.08241813388167711,0.1352648666164323,0.06214780160516796,0.05033772491251242,0.1970666824737327,0.0662836359070765,0.0539922973870893,0.07252795254542704
0.4892586,0.08300434653531247,0.1338890405052886,0.06294275863037832,0.05022270512434248,0.19658326254316974,0.06555556781667601,0.05376816243178496,0.07197125689890865
0.4897241,0.08358655666181786,0.13251377017986626,0.0637457306017883,0.05010699412442958,0.1961053005084298,0.06482896447871485,0.05354599394639363,0.0714148848767294
0.4901897,0.08416462815641697,0.13113929292171425,0.0645566507723505,0.04999058107620664,0.19563278626601296,0.06410391160937486,0.053325824627007454,0.07085890303546263
0.4906552,0.08473842569568373,0.12976584460831794,0.06537544953864868,0.04987345583157492,0.19516570656408067,0.0633804941392452,0.053107686056050235,0.07030337765714015
0.4911207,0.08530781477745716,0.12839365964877555,0.06620205444079348,0.0497556089301017,0.19470404502050512,0.06265879620153826,0.05289160869278891,0.06974837473135335
0.4915862,0.08587266176057261,0.1270229709202801,0.06703639016332656,0.04963703159780993,0.19424778214213848,0.06193890112072643,0.05267762186431261,0.06919395993750573
0.4920517,0.08643283390439233,0.12565400970542792,0.06787837853714226,0.04951771574556316,0.1937968953453076,0.06122089140159855,0.05246575375698359,0.06864019862722198
0.4925172,0.08698819940811944,0.12428700563037554,0.06872793854243549,0.04939765396704876,0.193351358977539,0.060504848718735224,0.05225603140836396,0.06808715580691961
0.4929828,0.08753862744987946,0.1229221866038656,0.06958498631268427,0.04927683953636326,0.1929111443405159,0.05979085390640183,0.05204848069962252,0.06753489612054808
0.4934483,0.08808398822555431,0.12155977875714341,0.07044943513967541,0.04915526640520381,0.19247621971427056,0.05907898694885791,0.05184312634842584,0.06698348383250141
0.4939138,0.0886241529873553,0.12020000638478469,0.071321195479581,0.04903292919967067,0.19204655038261145,0.05836932697108155,0.05163999190231752,0.06643298281070915
0.4943793,0.08915899408212234,0.11884309188645574,0.07220017496009344,0.04890982321668646,0.19162209865978513,0.05766195222990694,0.05143909973258933,0.06588345650991087
0.4948448,0.08968838498933773,0.11748925570962696,0.07308627838862654,0.04878594442003874,0.19120282391837085,0.05695694010557308,0.05124047102864743,0.06533496795511863
0.4953103,0.09021220035884446,0.11613871629326056,0.07397940776158922,0.04866128943605337,0.19078868261840556,0.05625436709368113,0.05104412579287703,0.06478757972527197
0.4957759,0.09073031604825968,0.11479169001249326,0.07487946227473836,0.0485358555489065,0.19037962833773656,0.05555430879755763,0.05085008283600833,0.06424135393708984
0.4962414,0.09124260916007544,0.11344839112433398,0.07578633833461669,0.04840964069558393,0.1899756118035975,0.0548568399210201,0.05065835977298648,0.06369635222912476
0.4967069,0.09174895807843947,0.11210903171439604,0.07669992957108086,0.048282643460496655,0.18957658092540475,0.0541620342615414,0.05046897301934824,0.06315263574602487
0.4971724,0.09224924250560951,0.11077382164468272,0.07762012685092458,0.04815486306976144,0.189182480828769,0.0534699647038087,0.05028193778810763,0.0626102651230101
0.4976379,0.0927433434980754,0.10944296850244462,0.07854681829260095,0.048026299385155014,0.18879325389071705,0.05278070321367284,0.05009726808715267,0.062069300470569244
0.4981034,0.09323114350234339,0.10811667755012612,0.07947988928204763,0.047896952897750235,0.18840883977611728,0.05209432083248345,0.04991497671715509,0.06152980135938438
0.498569,0.09371252639037703,0.10679515167641751,0.08041922248961798,0.04776682472124249,0.18802917547530199,0.051410887671805246,0.04973507526999474,0.06099182680548943
0.4990345,0.09418737749468926,0.10547859134842869,0.08136469788812055,0.04763591658497473,0.18765419534287794,0.05073047290851102,0.04955757412769985,0.06045543525566907
0.4995,0.09465558364307937,0.10416719456499966,0.08231619277196892,0.04750423082666989,0.18728383113771507,0.0500531447802469,0.04938248246190454,0.05992068457310415
0.4999655,0.09511703319300846,0.10286115681116202,0.08327358177744319,0.0473717703848803,0.1869180120641026,0.049378970581265405,0.04920980823382414,0.059387632023269805
0.500431,0.09557161606560644,0.1015606710137648,0.08423673690406361,0.04723853879116487,0.18655666481406064,0.04870801665862196,0.04903955819474934,0.058856334260092166
0.5008966,0.09601922377930225,0.1002659274982772,0.08520552753707637,0.04710454016200567,0.18619971361079413,0.04804034840873042,0.04887173788705952,0.0583268473123693
0.5013621,0.09645974948306955,0.09897711394677987,0.08617982047105095,0.04696977919047623,0.18584708025327634,0.04737603027427295,0.048706351645755756,0.057799226570461715
0.5018276,0.09689308798927872,0.0976944153571555,0.0871594799345874,0.046834261137674124,0.1854986841619467,0.04671512574145958,0.048543402600513444,0.057273526773257415
0.5022931,0.09731913580614587,0.09641801400348893,0.08814436761613192,0.04669799182393048,0.18515444242550827,0.04605769733763287,0.04838289267825458,0.05674980199541611
0.5027586,0.0977377911697698,0.09514808939768571,0.08913434269089786,0.04656097761980903,0.18481426984880886,0.04540380662921365,0.04822482260623899,0.056228105634896657
0.5032241,0.09814895407574697,0.09388481825231818,0.0901292618488888,0.046423225436907536,0.1844780790017896,0.04475351421998428,0.048069191915673784,0.0557084904007714
0.5036897,0.09855252631035501,0.09262837444470627,0.09112897932401999,0.046284742718474305,0.18414578026948394,0.04410687974970646,0.04791599894583981,0.05519100830133084
0.5041552,0.09894841148129413,0.09137892898224036,0.09213334692433348,0.046145537429852265,0.18381728190305038,0.043463961893071106,0.04776524084873339,0.054675710632481764
0.5046207,0.09933651504797694,0.0901366499689525,0.09314221406330177,0.046005618048763255,0.183492490071822,0.04282481835897807,0.04761691359422134,0.05416264796644157
0.5050862,0.09971674435135568,0.08890170257334207,0.0941554277922137,0.04586499355544473,0.18317130891635516,0.04218950589014337,0.04747101197570685,0.05365187014073141
0.5055517,0.10008900864327615,0.0876742489974602,0.0951728328336359,0.0457236734226509,0.18285364060246034,0.04155808026303182,0.04732752961630343,0.05314342624747089
0.5060172,0.10045321911534709,0.08645444844725753,0.09619427161594235,0.045581667605530035,0.1825393853761971,0.04093059628811284,0.04718645897551372,0.052637364622976496
0.5064828,0.10080928892731332,0.08524245710419892,0.09721958430890355,0.04543898653138909,0.1822284416198155,0.04030710781043732,0.04704779135640974,0.05213373283766626
0.5069483,0.10115713323492007,0.08403842809814749,0.09824860886032619,0.045295641089356874,0.18192070590862588,0.03968766771053359,0.046911516913310795,0.05163257768627297
0.5074138,0.10149666921725514,0.0828425114815202,0.09928118103373366,0.04515164261995613,0.18161607306877767,0.03907232790562034,0.04677762465995484,0.05113394517836824
0.5078793,0.10182781610355514,0.08165485420471638,0.10031713444707702,0.04500700290459488,0.18131443623592805,0.038461139351134675,0.04664610247815921,0.0506378805291997
0.5083448,0.10215049519946097,0.0804756000928196,0.10135630061246495,0.04486173415498689,0.1810156869147802,0.037854152042573246,0.04651693712696602,0.05014442815084382
0.5088103,0.10246462991270702,0.07930488982357299,0.10239850897690135,0.044715849002510764,0.18071971503946968,0.0372514150176444,0.046390114252267634,0.04965363164367667
0.5092759,0.10277014577822773,0.07814286090662702,0.10344358696401758,0.04456936048751698,0.18042640903477716,0.03665297635872941,0.046265618396907175,0.04916553378816522
0.5097414,0.1030669704826648,0.07698964766405794,0.1044913600167865,0.04442228204859161,0.1801356558781443,0.03605888319565078,0.046143433011249145,0.04868017653698168
0.5102069,0.10335503388825769,0.075845381212155,0.10554165164120388,0.04427462751178521,0.17984734116246892,0.03546918170874583,0.04602354046421493,0.0481976010074436
0.5106724,0.10363426805609952,0.07471018944447329,0.10659428345092249,0.04412641107981501,0.17956134915965363,0.03488391713224345,0.04590592205477803,0.04771784747428246
0.5111379,0.10390460726874129,0.07358419701614864,0.10764907521282313,0.04397764732124815,0.17927756288488184,0.03430313375794189,0.045790558023913575,0.047240955362743406
0.5116034,0.10416598805212603,0.07246752532947061,0.10870584489350615,0.04382835115967311,0.17899586416159297,0.03372687493918508,0.045677427566996616,0.046766963242018976
0.512069,0.10441834919683543,0.07136029252070833,0.10976440870668648,0.04367853786286669,0.17871613368712866,0.033155183095135016,0.04556650884664351,0.04629590881901959
0.5125345,0.10466163177863107,0.07026261344818414,0.11082458116147399,0.04352822303196289,0.17843825109901984,0.03258809971533736,0.045457779005990365,0.04582782893248357
0.513,0.10489577917827225,0.06917459968158896,0.11188617511152109,0.04337742259063004,0.1781620950418845,0.032025665364577405,0.04535121418240231,0.04536275954742938
0.5134655,0.10512073710059251,0.0680963594925327,0.11294900180501831,0.04322615277426226,0.17788754323490422,0.03146791968802322,0.04524678952160753,0.044900735749952736
0.513931,0.10533645359281628,0.06702799784632323,0.11401287093551858,0.043074430119191084,0.17761447253984675,0.030914901416652943,0.04514447919224958,0.04444179174237113
0.5143966,0.1055428790620978,0.06596961639496592,0.1150775906935695,0.04292227145192283,0.17734275902960017,0.03036664837296304,0.04504425640085138,0.04398596083871839
0.5148621,0.10573996629226419,0.06492131347137643,0.11614296781913279,0.04276969387840743,0.1770722780571835,0.029823197476954253,0.044946093407184196,0.043533275460591256
0.5153276,0.1059276704597451,0.06388318408479816,0.11720880765476949,0.0426167147733441,0.17680290432519585,0.029284584752392293,0.044849961540034955,0.043083767133350624
0.5157931,0.10610594914867233,0.06285531991741553,0.11827491419956797,0.042463351769528965,0.17653451195566616,0.028750845333340186,0.044755831213364856,0.042637466482679194
0.5162586,0.1062747623651334,0.0618378093221538,0.11934109016379134,0.042309622747249635,0.17626697456026283,0.02822201347095908,0.044663671942852215,0.0421944032314974
0.5167241,0.10643407255056435,0.06083073732165574,0.12040713702422012,0.04215554582373123,0.1760001653108224,0.027698122540574244,0.04457345236281235,0.041754606197239134
0.5171897,0.10658384459426795,0.05983418560842457,0.12147285508016467,0.042001139342638334,0.1757339570101542,0.027179205049002713,0.04448514024348692,0.04131810328948833
0.5176552,0.10672404584504537,0.05884823254612264,0.12253804351012147,0.04184642186363711,0.17546822216307628,0.026665292642138922,0.04439870250869491,0.040884921507977394
0.5181207,0.10685464612192955,0.05787295317201454,0.12360250042904636,0.04169141215202184,0.17520283304763812,0.02615641611279436,0.0443141052538373,0.04045508694094788
0.5185862,0.10697561772401024,0.05690841920054322,0.12466602294621712,0.041536129168409826,0.17493766178648443,0.025652605408787207,0.044231313764246924,0.040028624763873755
0.5190517,0.1070869354393416,0.05595469902802739,0.1257284072236584,0.04138059205850888,0.17467258041831377,0.02515388964127782,0.04415029253387521,0.03960555923854707
0.5195172,0.10718857655292385,0.05501185773846799,0.12678944853510157,0.041224820142961395,0.17440746096938564,0.024660297093345572,0.044071005284306915,0.03918591371252579
0.5199828,0.10728052085375114,0.05407995711045173,0.127848941325453,0.041068832907269426,0.1741421755250298,0.024171855228802656,0.04399341498409431,0.0387697106189431
0.5204483,0.1073627506409181,0.05315905562513878,0.12890667927074528,0.04091264999180485,0.17387659630111152,0.023688590701240138,0.04391748386840207,0.03835697147667729
0.5209138,0.10743525072877758,0.05224920847532222,0.12996245533854617,0.04075629118190918,0.17361059571540582,0.023210529363301258,0.043843173458954304,0.03794771689088135
0.5213793,0.10749800845114248,0.05135046757554581,0.13101606184879971,0.040599776398087255,0.17334404645883286,0.022737696276176965,0.043770444584274835,0.03754196655387067
0.5218448,0.1075510136645239,0.05046288157326716,0.1320672905350754,0.04044312568629927,0.17307682156650606,0.022270115719318407,0.04369925740021257,0.037139739246367515
0.5223103,0.10759425875039742,0.04958649586105266,0.13311593260620005,0.04028635920835577,0.1728087944885435,0.021807811200360943,0.043629571410743626,0.03674105283910049
0.5227759,0.10762773861648907,0.048721352589790407,0.1341617788082473,0.04012949723241995,0.1725398391605919,0.021350805465254127,0.04356134548904243,0.03634592429475696
0.5232414,0.1076514506970708,0.0478674906829071,0.13520461948685986,0.03997256012362184,0.17226983007401167,0.02089912050859197,0.043494537898814016,0.03595436967028646
0.5237069,0.10766539495225594,0.04702494585157473,0.13624424464987878,0.03981556833478891,0.17199864234567136,0.0204527775841377,0.043429106315879984,0.03556640411955252
0.5241724,0.1076695738662835,0.04619375061089227,0.13728044403025474,0.03965854239729747,0.17172615178730052,0.020011797215537083,0.0433650078500103,0.035182041896330445
0.5246379,0.10766399244478045,0.04537393429702731,0.13831300714921527,0.03950150291204927,0.17145223497435033,0.019576199207214137,0.04330219906699319,0.034801296357648295
0.5251034,0.1076486582109909,0.04456552308530252,0.13934172337966153,0.03934447054057748,0.1711767693143141,0.019146002655442963,0.04324063601093494,0.03442417996746803
0.525569,0.10762358120096079,0.043768540009210995,0.14036638200976737,0.03918746599628612,0.17089963311446013,0.01872122595958929,0.043180274226781355,0.03405070430070383
0.5260345,0.1075887739576677,0.042983004980344554,0.14138677230675292,0.039030510035826825,0.17062070564893167,0.01830188683351513,0.0431210687830523,0.03368088004757427
0.5265,0.1075442515240858,0.04220893480921863,0.14240268358080305,0.03887362345061626,0.17033986722516917,0.017888002317139832,0.0430629742947806,0.03331471701828466
0.5269655,0.1074900314351768,0.04144634322697714,0.143413905249102,0.038716827058497695,0.17005699924960965,0.01747958878815083,0.043005944946646404,0.032952224148036106
0.527431,0.10742613370880025,0.04069524090796053,0.1444202268999542,0.038560141695549464,0.16977198429261905,0.017076661973857245,0.04294993451629775,0.03259340950235717
0.5278966,0.10735258083553881,0.0399556354931202,0.14542143835696236,0.03840358820804327,0.16948470615261363,0.016679236963179588,0.04289489639784775,0.03223828028275409
0.5283621,0.10726939776743767,0.03922753161426234,0.14641732974323546,0.0382471874445547,0.16919504991932804,0.016287328218768767,0.04284078362553885,0.03188684283267518
0.5288276,0.10717661190566184,0.03851093091910384,0.14740769154560127,0.03809096024822807,0.16890290203618896,0.015900949589247596,0.04278754889756399,0.031539102643784525
0.5292931,0.10707425308707867,0.03780583209712339,0.14839231467879943,0.037934927449197776,0.16860815036175597,0.015520114321568093,0.042735144600034525,0.0311950643625403
0.5297586,0.10696235356977711,0.037112230906190286,0.14937099054963304,0.037779109857167884,0.1683106842301931,0.015144835073477875,0.0426835228310844,0.030854731797072196
0.5302241,0.10684094801753821,0.036430120199953724,0.15034351112105818,0.037623528254151474,0.16801039451073654,0.014775123926089012,0.042632635425099645,0.03051810792435252
0.5306897,0.10671007348327403,0.035759489955975214,0.1513096689761922,0.03746820338737121,0.16770717366612622,0.014410992396542732,0.042582433977062434,0.030185194897655258
0.5311552,0.10656976939145375,0.03510032730458665,0.15226925738222277,0.03731315596232236,0.16740091580997019,0.014052451450763503,0.04253286986699836,0.029855994054296883
0.5316207,0.1064200775195373,0.03445261655845657,0.1532220703542013,0.037158406635999265,0.1670915167630115,0.01369951151629605,0.04248389428451618,0.029530505923652653
0.5320862,0.10626104197843764,0.033816339242847014,0.15416790271870526,0.03700397601028594,0.16677887410826864,0.01335218249521892,0.042435458253429044,0.02920873023544177
0.5325517,0.10609270919203337,0.03319147412654319,0.1551065501773554,0.0368498846255115,0.16646288724502062,0.013010473777128296,0.042387512656446684,0.028890665928274602
0.5330172,0.10591512787575369,0.032577997253438296,0.15603780937017347,0.036696152954170724,0.16614345744160874,0.012674394252185748,0.0423400082599284,0.028576311158454833
0.5334828,0.10572834901425755,0.03197588197475538,0.15696147793876733,0.036542801394809796,0.1658204878870269,0.012343952324223756,0.042292895738686734,0.028265663309029295
0.5339483,0.10553242583822861,0.0313850989818883,0.15787735458932803,0.0363898502660771,0.16549388374127272,0.012019155923902751,0.04224612570083229,0.027958718999078123
0.5344138,0.1053274138003066,0.030805616339843505,0.15878523915542425,0.036237319800938604,0.16516355218443082,0.01170001252191352,0.04219964871264998,0.02765547409323765
0.5348793,0.10511337055017568,0.03023739952126407,0.1596849326605775,0.03608523014105713,0.1648294024644602,0.011386529142218771,0.04215341532349745,0.027355923711448495
0.5353448,0.10489035590882845,0.029680411441017393,0.16057623738060056,0.03593360133133458,0.164491345943655,0.011078712375327673,0.04210737609071619,0.027060062238921014
0.5358103,0.10465843184202395,0.029134612491327483,0.16145895690568113,0.035782453314616124,0.16414929614374857,0.010776568391597076,0.042061481604546154,0.026767883336310444
0.5362759,0.10441766243295761,0.02859996057743297,0.16233289620219182,0.035631805926554905,0.16380316878963017,0.010480102954553134,0.04201568251303444,0.026479379950093765
0.5367414,0.10416811385415992,0.028076411153751535,0.16319786167420605,0.03548167889063607,0.16345288185164283,0.010189321434226949,0.04196992954692868,0.026194544323140324
0.5372069,0.10390985433864094,0.02756391726053167,0.16405366122469814,0.03533209181335844,0.16309835558643188,0.00990422882049787,0.04192417354454556,0.025913368005468052
0.5376724,0.10364295415029733,0.027062429560972497,0.16490010431640542,0.03518306417957231,0.16273951257631417,0.00962482973643803,0.04187836547660481,0.02563584186517712
0.5381379,0.10336748555359916,0.02657189637879248,0.16573700203232847,0.03503461534797158,0.16237627776714036,0.009351128451651694,0.04183245647101873,0.0253619560995527
0.5386034,0.10308352278257428,0.026092263736227757,0.16656416713584507,0.034886764546738495,0.1620085785046254,0.00908312889560312,0.04178639783762692,0.02509170024632835
0.539069,0.10279114200910769,0.025623475392440916,0.16738141413041313,0.034739530869339064,0.16163634456912482,0.00882083467092661,0.041740141092865925,0.024825063195101586
0.5395345,0.1024904213105744,0.025165472882321068,0.1681885593188379,0.03459293327046725,0.16125950820883814,0.008564249066712548,0.04169363798436282,0.02456203319889297
0.54,0.10218144063682438,0.024718195555656228,0.16898542086207893,0.034446990562135966,0.160878004171424,0.008313375071763296,0.04164684051544191,0.024302597885840063
0.5404655,0.10186428177653858,0.024281580616659013,0.16977181883757297,0.03430172140991284,0.16049176973401386,0.008068215387812909,0.041599700969533165,0.02404674427101738
0.540931,0.10153902832297558,0.023855563163827018,0.17054757529704864,0.034157144329298963,0.16010074473161484,0.007828772442704668,0.04155217193447118,0.023794458768373317
0.5413966,0.10120576563912914,0.02344007623011929,0.17131251432381026,0.03401327768224875,0.15970487158389582,0.007595048403520575,0.041504206326673246,0.02354572720277485
0.5418621,0.1008645808223177,0.023035050823430752,0.1720664620894684,0.03387013967382913,0.15930409532035286,0.007367045189656956,0.041455757415185146,0.023300534822150616
0.5423276,0.10051556266822705,0.022640415967346485,0.17280924691009594,0.033727748349016325,0.1588983636038532,0.007144764485840412,0.04140677884558312,0.023058866309722793
0.5427931,0.10015880163442856,0.02225609874215807,0.17354069930178836,0.03358612158962871,0.158487626752557,0.006928207755078372,0.04135722466372036,0.022820705796318137
0.5432586,0.09979438980339571,0.02188202432612431,0.17426065203560934,0.03344527711139421,0.1580718377602185,0.006717376251538533,0.041307049339306116,0.022586036872748207
0.5437241,0.09942242084504273,0.021518116036958676,0.17496894019190357,0.03330523246115067,0.1576509523148678,0.00651227103335146,0.041256207789305464,0.022354842602248837
0.5441897,0.099042989978809,0.021164295373525887,0.17566540121395907,0.03316600501417795,0.15722492881587646,0.006312892975330597,0.04120465540114745,0.02212710553296864
0.5446552,0.09865619393531395,0.02082048205772995,0.17634987496100318,0.033027611971660334,0.1567937283894101,0.006119242781603958,0.04115234805572939,0.02190280771049637
0.5451207,0.09826213091760745,0.020486594076575885,0.17702220376051675,0.03289007035827803,0.15635731490227392,0.005931320998151707,0.04109924215020515,0.021681930690416934
0.5455862,0.09786090056204097,0.0201625477243873,0.17768223245985135,0.03275339701992661,0.15591565497415524,0.005749128025243872,0.041045294620545104,0.0214644555508861
0.5460517,0.09745260389878571,0.01984825764516191,0.1783298084771361,0.03261760862156321,0.15546871798826958,0.0055726641297724495,0.04099046296385612,0.021250362905214152
0.5465172,0.09703734331202371,0.01954363687504714,0.17896478185145911,0.0324827216451785,0.15501647610041566,0.005401929457472158,0.0409347052604497,0.021039632914448846
0.5469828,0.09661522249983834,0.019248596884918062,0.17958700529231086,0.032348752387893615,0.15455890424644728,0.005236924045024176,0.040877980195647215,0.020832245299948534
0.5474483,0.09618634643383088,0.01896304762304028,0.18019633422827455,0.032215716960180996,0.1540959801481705,0.005077647832037184,0.04082024708131107,0.02062817935593626
0.5479138,0.09575082131849007,0.018686897557800418,0.1807926268549507,0.03208363128420834,0.15362768431767726,0.0049241006729001694,0.04076146587709137,0.020427413962025874
0.5483793,0.09530875455034084,0.018420053720487387,0.18137574418210145,0.0319525110923047,0.15315400006012933,0.0047762823485014965,0.04070159721137787,0.020229927595711135
0.5488448,0.0948602546768993,0.0181624217481077,0.18194555007999844,0.03182237192554772,0.15267491347500883,0.00463419257780889,0.04064060240194751,0.020035698344808808
0.5493103,0.0944054313554597,0.01791390592621833,0.18250191132495908,0.03169322913247082,0.15219041345585463,0.0044978310293050045,0.04057844347629773,0.01984470391984676
0.5497759,0.09394439531173958,0.01767440923176075,0.18304469764405334,0.03156509786788925,0.1517004916885052,0.004367197332273311,0.0405150831916564,0.019656921666388213
0.5502414,0.09347725829840853,0.01744383337587981,0.18357378175896275,0.03143799309184324,0.15120514264786925,0.004242291087929056,0.04045048505465897,0.019472328577283413
0.5507069,0.09300413305352508,0.017222078846711068,0.18408903942897142,0.031311929568656804,0.1507043635932457,0.0041231118803900435,0.04038461334068405,0.019290901304840378
0.5511724,0.0925251332589063,0.01700904495212031,0.18459034949306977,0.031186921866110162,0.15019815456221453,0.004009659287481983,0.040317433112838384,0.01911261617290693
0.5516379,0.09204037349845377,0.016804629862378833,0.18507759391114817,0.031062984354723672,0.14968651836311844,0.0039019328913731527,0.040248910240582664,0.018937449188856807
0.5521034,0.0915499692164585,0.01660873065275831,0.1855506578042583,0.03094013120715084,0.14916946056615474,0.0037999322890330967,0.040179011417989456,0.0187653760554734
0.552569,0.09105403667590714,0.016421243346029152,0.18600942949391788,0.030818376397677753,0.14864698949309485,0.0037036571025100885,0.04010770418162481,0.01859637218272543
0.5530345,0.09055269291681102,0.016242062954846426,0.1864538005404339,0.03069773370182602,0.14811911620564952,0.0036131069890220505,0.04003495692804513,0.018430412699429386
0.5535,0.09004605571457851,0.016071083524007886,0.1868836657802184,0.03057821669605607,0.1475858544924952,0.0035282816508556505,0.039960738930900734,0.018267472464794196
0.5539655,0.08953424353845102,0.015908198172568958,0.18729892336207113,0.03045983875756746,0.14704722085497732,0.003449180845068327,0.039885020357637926,0.018107526079843818
0.554431,0.08901737551002191,0.015753299135800123,0.18769947478240218,0.030342613064192503,0.14650323449150635,0.0033758043929880835,0.03980777228579118,0.01795054789871392
0.5548966,0.0884955713618578,0.015606277806972447,0.18808522491936916,0.03022655259437935,0.14595391728066187,0.0033081521895060033,0.03972896671885735,0.01779651203981872
0.5553621,0.0879689513962407,0.015467024778957538,0.1884560820659046,0.03011167012726064,0.1453992937630209,0.003246224212156579,0.03964857660174407,0.0176453923968844
0.5558276,0.08743763644404957,0.01533542988562835,0.1888119579616105,0.029997978242803376,0.144839391121728,0.0031900205299810708,0.03956657583578471,0.017497162649845396
0.5562931,0.0869017478238001,0.01521138224304755,0.18915276782349863,0.02988548932203588,0.1442742391618266,0.003139541312169214,0.039482939293312674,0.01735179627560017
0.5567586,0.08636140730085994,0.015094770290430222,0.18947843037555792,0.029774215547347313,0.14370387028837356,0.0030947868364747163,0.039397642831787955,0.0172092665586232
0.5572241,0.08581673704685759,0.01498548183086774,0.18978886787713173,0.029664168902855385,0.14312831948335963,0.0030557574974001134,0.03931066330746942,0.017069546601430244
0.5576897,0.08526785959930247,0.014883404071799621,0.19008400615009016,0.029555361174837716,0.14254762428146173,0.003022453814146712,0.03922197858862644,0.016932609334894013
0.5581552,0.08471489782143302,0.014788423665220206,0.19036377460478277,0.029447803952222434,0.1419618247446518,0.0029948764383255166,0.03913156756828376,0.01679842752840772
0.5586207,0.08415797486231033,0.014700426747606958,0.19062810626475765,0.029341508627133573,0.14137096343568836,0.0029730261614251846,0.039039410176493886,0.016666973799893955
0.5590862,0.08359721411717416,0.014619298979557495,0.19087693779023368,0.029236486395486695,0.1407750853905153,0.0029569039220332088,0.038945487392131314,0.016538220625656453
0.5595517,0.08303273918807783,0.014544925585122765,0.19111020950031202,0.02913274825763048,0.1401742380895931,0.0029465108128066374,0.03884978125420354,0.016412140350072428
0.5600172,0.08246467384481837,0.01447719139082441,0.1913278653939133,0.029030305019029812,0.1395684714281865,0.002941848087188751,0.0387522748726736,0.016288705195123078
0.5604828,0.08189314198617818,0.01441598086434524,0.1915298531694278,0.028929167290986157,0.13895783768563397,0.002942917165868198,0.03865295243878934,0.016167887269760216
0.5609483,0.08131826760149337,0.014361178152882728,0.19171612424306678,0.028829345491391097,0.13834239149362332,0.0029497196429771645,0.038551799234914516,0.016049658579107118
0.5614138,0.08074017473256363,0.014312667121156596,0.19188663376590367,0.028730849845508888,0.1377221898035006,0.0029622572920252757,0.03844880164385695,0.015933991033492044
0.5618793,0.08015898743591839,0.01427033138906256,0.1920413406395968,0.02863369038678421,0.1370972918526384,0.0029805320715660753,0.03834394715768861,0.015820856457313178
0.5623448,0.07957482974545264,0.014234054368965215,0.19218020753078519,0.028537876957671376,0.13646775912989229,0.003004546130593099,0.03823722438605254,0.01571022659773391
0.5628103,0.0789878256354461,0.014203719302623543,0.19230320088415118,0.028443419210481574,0.13583365534017464,0.003034301813662749,0.038128623063951636,0.01560207313320765
0.5632759,0.07839809898397844,0.014179209297743028,0.19241029093414405,0.02835032660824478,0.13519504636817567,0.003069801665741322,0.03801813405901437,0.015496367681831718
0.5637414,0.07780577353675322,0.01416040736414858,0.19250145171536018,0.02825860842558337,0.13455200024126374,0.0031110484367736866,0.03790574937823293,0.015393081809530328
0.5642069,0.0772109728713421,0.014147196449572772,0.19257666107157462,0.028168273749594745,0.1339045870915958,0.003158045085971211,0.03779146217416981,0.015292187038067164
0.5646724,0.07661382036186087,0.014139459475054128,0.19263590066342026,0.028079331480740388,0.13325287911747058,0.0032107947858166907,0.037675266750629835,0.015193654852888521
0.5651379,0.0760144391440882,0.014137079369940353,0.1926791559747087,0.02799179033373922,0.13259695054395662,0.003269300925784166,0.03755715856779492,0.015097456710798107
0.5656034,0.0754129520810373,0.014139939106491558,0.1927064163173878,0.027905658838463257,0.1319368775828276,0.0033335671157716912,0.037437134246820186,0.015003564047464672
0.566069,0.07480948172899064,0.014147921734078644,0.19271767483512964,0.027820945340833843,0.13127273839183656,0.0034035971892453338,0.037315191573890606,0.014911948284763618
0.5665345,0.07420415030400675,0.014160910412971971,0.1927129285055401,0.0277376580037169,0.13060461303336024,0.003479395206092934,0.03719132950373837,0.014822580837953816
0.567,0.07359707964890778,0.014178788447715356,0.19269217814098272,0.02765580480781587,0.12993258343244363,0.003560965455186397,0.03706554816262192,0.01473543312269091
0.5674655,0.07298839120075647,0.014201439320080512,0.1926554283880077,0.027575393552561132,0.12925673333427465,0.0036483124566515303,0.03693784885076849,0.014650476561878564
0.567931,0.07237820595882982,0.01422874672159698,0.19260268772537897,0.027496431856994706,0.12857714826111868,0.0037414409638446807,0.036808234044282774,0.014567682592359223
0.5683966,0.0717666444530968,0.01426059458565261,0.1925339684606928,0.027418927160649226,0.12789391546874165,0.003840355965035577,0.03667670739652497,0.014487022671446192
0.5688621,0.07115382671320633,0.014296867119159768,0.19244928672558417,0.027342886724420215,0.1272071239023516,0.003945062684795949,0.03654327373896249,0.014408468283298736
0.5693276,0.07053987223799162,0.014337448833782516,0.1923486624695189,0.02726831763143068,0.12651686415208752,0.0040555665850935734,0.03640793908150006,0.014331990945142148
0.5697931,0.06992489996549615,0.01438222457672002,0.19223211945217303,0.027195226787886915,0.1258232284080854,0.004171873366091498,0.03627071061229372,0.014257562213334707
0.5702586,0.06930902824352654,0.014431079561041605,0.19209968523440274,0.02712362092392436,0.1251263104151502,0.004293988966652308,0.0361315966970551,0.01418515368928366
0.5707241,0.06869237480073652,0.01448389939556884,0.19195139116781001,0.02705350659444217,0.1244262054270638,0.0044219195645474755,0.035990606877852646,0.01411473702521244
0.5711897,0.06807505671824647,0.014540570114300117,0.19178727238291257,0.026984890179924954,0.12372301016055864,0.004555671576372024,0.03584775187141715,0.014046283929781486
0.5716552,0.06745719040180201,0.014600978205373242,0.19160736777592702,0.026917777887249996,0.12301682274898723,0.00469525165716502,0.03570304356695925,0.01397976617356511
0.5721207,0.06683889155447484,0.014665010639561524,0.1914117199941776,0.02685217575047813,0.12230774269571802,0.00484066669973668,0.03555649502350662,0.013915155594386807
0.5725862,0.06622027514990857,0.01473255489829893,0.1912003754201452,0.02678808963162631,0.12159587082728807,0.004991923833703192,0.03540812046676894,0.013852424102515536
0.5730517,0.06560145540611173,0.014803499001229826,0.19097338415417395,0.026725525221419764,0.12088130924634401,0.005149030424230717,0.0352579352855385,0.01379154368572536
0.5735172,0.06498254575979963,0.01487773153327882,0.19073079999585468,0.02666448804002148,0.12016416128440231,0.005311994070490226,0.03510595602763461,0.01373248641422092
0.5739828,0.06436365884128649,0.014955141671236159,0.19047268042410678,0.026604983437736814,0.11944453145446035,0.005480822603825106,0.03495220039539934,0.013675224445431138
0.5744483,0.0637449064499291,0.015035619209854151,0.19019908657598114,0.026547016595690753,0.11872252540348983,0.005655524085633558,0.034796687240752265,0.013619730028673562
0.5749138,0.06312639953012283,0.015119054587450075,0.1899100832242057,0.0264905925264753,0.11799824986484413,0.0058361068049679245,0.034639436559811616,0.013565975509691729
0.5753793,0.06250824814785115,0.015205338911011036,0.1896057387534953,0.026435716074764384,0.11727181261061054,0.006022579275853131,0.03448046948708906,0.01351393333506782
0.5758448,0.06189056146778972,0.015294363980796564,0.18928612513564694,0.026382391917893523,0.11654332240393875,0.00621495023432644,0.034319808289265195,0.013463576056512928
0.5763103,0.06127344773096635,0.015386022314434936,0.1889513179034384,0.0263306245664013,0.11581288895137569,0.006413228635200728,0.03415747635855275,0.013414876335037141
0.5767759,0.06065701423297801,0.01548020717050971,0.1886013961233479,0.026280418364529618,0.11508062285523706,0.006617423648553493,0.0339934982056546,0.01336780694500156
0.5772414,0.0600413673027663,0.015576812571633333,0.1882364423671121,0.026231777490679408,0.11434663556604455,0.00682754465594377,0.033827899452323715,0.013322340778054442
0.5777069,0.05942661228195251,0.015675733327005226,0.18785654268213803,0.026184705957818525,0.11361103933505716,0.007043601246359187,0.03366070682353211,0.01327845084695352
0.5781724,0.058812853504733004,0.015776865054452312,0.18746178656078588,0.02613920761383818,0.11287394716692409,0.007265603211895355,0.03349194813925629,0.013236110289276678
0.5786379,0.05820019427833592,0.01588010420195047,0.18705226690853935,0.026095286141854333,0.11213547277248577,0.007493560543169892,0.033321652305886316,0.013195292371023126
0.5791034,0.05758873686403903,0.015985348068625966,0.1866280800110802,0.026052945060450403,0.11139573052174823,0.007727483424473401,0.033149849307266104,0.013155970490107317
0.579569,0.05697858245874874,0.016092494825236465,0.18618932550028325,0.02601218772385778,0.11065483539705562,0.007967382228659881,0.03297657019537222,0.0131181181797479
0.5800345,0.05636983117713953,0.01620144353413177,0.1857361063191474,0.02597301732207066,0.1099129029464847,0.00821326751177911,0.032801847080638706,0.013081709111754075
0.5805,0.05576258203435286,0.016312094168694977,0.18526852868567725,0.025935436880892077,0.10917004923748391,0.008465150007453749,0.032625713121935,0.013046717099711634
0.5809655,0.055156932929254186,0.01642434763226516,0.18478670205572956,0.025899449261908136,0.10842639081077934,0.008723040621003979,0.03244820251620423,0.013013116102070971
0.581431,0.05455298062824626,0.016538105776543154,0.18429073908483734,0.025865057162387982,0.10768204463456994,0.00898695042332263,0.03226935048776878,0.01298088022513925
0.5818966,0.053950820749637196,0.01665327141948231,0.18378075558902499,0.02583226311510729,0.1069371280590331,0.009256890644503848,0.03208919327730994,0.012949983725978862
0.5823621,0.05335054774856125,0.016769748362666273,0.18325687050462572,0.02580106948809348,0.10619175877116173,0.009532872667228381,0.03190776813052833,0.012920401015214253
0.5828276,0.05275225490245013,0.016887441408175954,0.1827192058471127,0.025771478484291406,0.1054460547499538,0.009814908019908593,0.03172511328649172,0.012892106659749145
0.5832931,0.052156034297052865,0.017006256374947983,0.182167886668955,0.025743492141148776,0.10470013422197454,0.010103008369596347,0.031541267965676856,0.012865075385396184
0.5837586,0.05156197681300203,0.01712610011462687,0.18160304101651012,0.02571711233012104,0.10395411561731133,0.010397185514656892,0.03135627235771172,0.012839282079421019
0.5842241,0.05097017211292402,0.017246880526913092,0.1810247998859657,0.025692340756096076,0.10320811752594089,0.010697451377211864,0.031170167608824722,0.012814701793002705
0.5846897,0.05038070862909153,0.017368506574409238,0.18043329717834442,0.025669178956739567,0.10246225865452796,0.01100381799535454,0.030982995809007166,0.01279130974361229
0.5851552,0.0497936735516161,0.017490888296966153,0.17982866965358782,0.025647628301762333,0.10171665778367468,0.01131629751514037,0.030794799978895303,0.012769081317311415
0.5856207,0.04920915281717878,0.017613936825531074,0.17921105688373495,0.025627689992111527,0.10097143372563917,0.01163490218235585,0.030605624056378233,0.012747992070972604
0.5860862,0.04862723109829735,0.017737564395499603,0.17858060120521285,0.025609365059087764,0.10022670528254166,0.011959644334068665,0.030415512882937833,0.012728017734423105
0.5865517,0.048047991793128436,0.017861684359573304,0.17793744767025663,0.025592654363390657,0.09948259120507558,0.012290536389962086,0.030224512189726972,0.01270913421251402
0.5870172,0.04747151701580327,0.017986211200124846,0.17728174399747662,0.025577558594095457,0.09873921015174053,0.012627590843456476,0.030032668583392222,0.012691317587116618
0.5874828,0.046897887587295586,0.018111060541072668,0.17661364052158968,0.02556407826756374,0.09799668064861308,0.012970820252620781,0.02984002953164723,0.012674544119047752
0.5879483,0.046327183026820366,0.018236149159267172,0.17593329014233108,0.025552213726290966,0.09725512104967053,0.01332023723087692,0.029646643348602966,0.012658790249926347
0.5884138,0.04575948154376183,0.018361394995390842,0.17524084827256342,0.02554196513769392,0.09651464949768226,0.013675854437499958,0.029452559179860907,0.012644032603962903
0.5888793,0.04519486003012909,0.01848671716437483,0.17453647278559772,0.025533332492840843,0.09577538388568217,0.014037684567916943,0.02925782698737515,0.01263024798968404
0.5893448,0.04463339405353756,0.018612035965335,0.1738203239617424,0.025526315605127005,0.09503744181903517,0.014405740343807349,0.029062497534089578,0.01261741340159403
0.5898103,0.04407515785071383,0.0187372728910307,0.17309256443409654,0.025520914108898157,0.09430094057811024,0.014780034503007944,0.02886662236835606,0.012605506021775363
0.5902759,0.04352022432152134,0.018862350636849982,0.17235335913360528,0.02551712745802432,0.09356599708157112,0.015160579789224955,0.028670253808139968,0.012594503221430244
0.5907414,0.04296866502350422,0.018987193109325274,0.1716028752333979,0.025514954924426094,0.09283272785029541,0.015547388941556283,0.02847344492501937,0.012584382562365071
0.5912069,0.04242055016694565,0.019111725434183914,0.17084128209243032,0.025514395596555633,0.0921012489719319,0.01594047468382653,0.028276249527984472,0.012575121798419896
0.5916724,0.04187594861043723,0.019235873963938263,0.1700687511984578,0.025515448377834347,0.09137167606610584,0.016339849713737604,0.028078722147044082,0.0125666988768448
0.5921379,0.04133492785695527,0.019359566285020315,0.1692854561103635,0.025518111985049285,0.09064412425027993,0.01674552669183772,0.027880918016645904,0.01255909193962512
0.5926034,0.04079755405043966,0.019482731224466043,0.16849157239987128,0.02552238494671029,0.08991870810627918,0.01715751823031156,0.027682893058917486,0.012552279324757347
0.593069,0.04026389197287048,0.019605298856154793,0.16768727759267135,0.025528265601369803,0.08919554164748623,0.017575836881594458,0.027484703866734617,0.012546239567477363
0.5935345,0.039734005041837474,0.019727200506609248,0.166872751108987,0.02553575209590749,0.08847473828671353,0.018000495126813256,0.02728640768662389,0.012540951401442695
0.594,0.03920795530859698,0.019848368760361428,0.16604817420360987,0.02554484238378171,0.08775641080475749,0.018431505364056647,0.027088062401505946,0.012536393759870269
0.5944655,0.038685803456610796,0.01996873746489031,0.16521372990543107,0.02555553422325007,0.08704067131963995,0.01886887989647752,0.026889726513285975,0.012532545776631139
0.594931,0.03816760880056115,0.020088241735136597,0.16436960295649375,0.02556782517556129,0.08632763125654072,0.019312630920229862,0.026691459125297762,0.012529386787303549
0.5953966,0.03765342928583562,0.020206817957600105,0.16351597975059332,0.02558171260312092,0.08561740131842485,0.01976277051224249,0.026493319924607572,0.012526896330185675
0.5958621,0.03714332148847586,0.020324403794025177,0.1626530482714508,0.025597193667633415,0.08491009145736764,0.020219310617831904,0.026295369164183804,0.012525054147269317
0.5963276,0.03663734061558344,0.020440938184679437,0.16178099803048546,0.025614265328223473,0.08420581084658006,0.02068226303815637,0.026097667644938375,0.012523840185175822
0.5967931,0.03613554050617628,0.020556361351230994,0.16090002000421352,0.025632924339539634,0.08350466785313627,0.021151639417513274,0.025900276697645455,0.012523234596055451
0.5972586,0.03563797363248854,0.0206706147992291,0.16001030657129983,0.02565316724984339,0.08280677001140462,0.021627451230481744,0.025703258164743146,0.012523217738451333
0.5977241,0.035144691101706975,0.020783641320193103,0.15911205144929158,0.025674990399087376,0.08211222399718314,0.022109709768912453,0.02550667438202347,0.012523770178129157
0.5981897,0.03465574265813627,0.0208953849933144,0.1582054496310642,0.025698389916986388,0.08142113560253991,0.022598426128766516,0.025310588160215773,0.01252487268887364
0.5986552,0.0341711766857857,0.021005791186775997,0.15729069732101011,0.025723361721085185,0.0807336097113579,0.02309361119680548,0.025115062766468604,0.012526506253252764
0.5991207,0.03369104021136919,0.02111480655869425,0.15636799187100373,0.02574990151482732,0.08004975027558381,0.023595275637134237,0.024920161905734876,0.012528652063350819
0.5995862,0.03321537890771075,0.021222379057687285,0.15543753171617622,0.025778004785629513,0.07936966029218005,0.024103429877598954,0.024725949702064886,0.01253129152147121
0.6000517,0.032744237097546675,0.021328457923074702,0.15449951631053538,0.025807666802966176,0.07869344178077846,0.024618084096042152,0.024532490679811645,0.012534406240810026
0.6005172,0.03227765775771615,0.021432993684713117,0.15355414606246498,0.02583888261646902,0.07802119576203438,0.025139248206416963,0.02433984974475267,0.01253797804610138
0.6009828,0.031815682523731244,0.02153593816247221,0.15260162227013935,0.025871647054046685,0.07735302223667954,0.025666931844762843,0.024148092165132248,0.01254198897423552
0.6014483,0.03135835169471736,0.02163724446535598,0.15164214705688783,0.025905954720029656,0.07668902016527175,0.026201144355044902,0.023957283552628,0.01254642127485068
0.6019138,0.03090570423871485,0.02173686699027397,0.15067592330654403,0.025941799993345588,0.07602928744863947,0.026741894774859193,0.023767489843245275,0.012551257410899682
0.6023793,0.030457777798332353,0.021834761420467332,0.14970315459881403,0.025979177025730407,0.07537392090901952,0.02728919182100622,0.023578777278142928,0.012556480059192361
0.6028448,0.030014608696742093,0.021930884723594515,0.14872404514469717,0.026018079739980465,0.07472301627188543,0.02784304387493493,0.023391212384393845,0.012562072110914797
0.6033103,0.029576231944007263,0.022025195149481556,0.14773879972199258,0.026058501828251153,0.07407666814846464,0.028403458968059497,0.023204861955683484,0.012568016672126352
0.6037759,0.029142681243731393,0.022117652227541758,0.14674762361092325,0.026100436750407185,0.07343497001894203,0.028970444766951042,0.023019793032949615,0.012574297064235566
0.6042414,0.02871398900001927,0.022208216763869495,0.14575072252990887,0.026143877732429766,0.07279801421634707,0.029544008558406557,0.02283607288496633,0.012580896824455947
0.6047069,0.028290186324739168,0.0222968508380129,0.14474830257151783,0.02618881776488584,0.07216589191112145,0.030124157234396966,0.022653768988875195,0.012587799706242594
0.6051724,0.027871303045075804,0.022383517799429965,0.14374057013862765,0.02623524960146434,0.07153869309636329,0.030710897276896347,0.022472949010666498,0.012594989679710724
0.6056379,0.027457367711363694,0.022468182263632487,0.14272773188082255,0.026283165757584277,0.07091650657374382,0.031304234742594,0.02229368078561312,0.012602450932037039
0.6061034,0.02704840760519026,0.02255081010802213,0.1417099946310556,0.026332558509079403,0.0702994199400916,0.03190417524749103,0.022116032298659744,0.012610167867844873
0.606569,0.02664444874775812,0.02263136846742279,0.1406875653426025,0.02638341989096391,0.0696875195746392,0.03251072395138285,0.02194007166476992,0.012618125109574014
0.6070345,0.02624551590849592,0.022709825729313262,0.13966065102633216,0.026435741696283453,0.06908089062692674,0.03312388554222893,0.021765867109233464,0.012626307497836038
0.6075,0.02585163261390709,0.02278615152876417,0.1386294586883192,0.026489515475055535,0.06847961700535693,0.03374366422041079,0.021593486947936644,0.01263470009175591
0.6079655,0.02546282115664601,0.022860316743083087,0.1375941952678217,0.026544732533303087,0.067883781366396,0.03437006368287964,0.021422999567597686,0.01264328816930064
0.608431,0.02507910260481139,0.022932293486171883,0.13655506757564725,0.02660138393218488,0.06729346510441489,0.035003087107194554,0.021254473405970056,0.012652057227595612
0.6088966,0.024700496811446843,0.02300205510260031,0.1355122822329295,0.026659460487226182,0.06670874834216509,0.03564273713545309,0.02108797693201602,0.012660992983229202
0.6093621,0.02432702242423899,0.023069576161399933,0.13446604561033745,0.02671895276765285,0.06612970992188358,0.03628901585811631,0.020923578626052947,0.012670081372546304
0.6098276,0.023958696895404,0.023134832449582685,0.1334165637677396,0.02677985109583186,0.06555642739702129,0.0369419247977311,0.020761346959874923,0.01267930855193126
0.6102931,0.023595536491753763,0.02319780096538832,0.1323640423943451,0.026842145546821083,0.06498897702458939,0.0376014648925533,0.020601350376852075,0.012688660898080748
0.6107586,0.023237556304933488,0.023258459911265066,0.13130868674934423,0.026905825948030915,0.06442743375811782,0.038267636480076014,0.02044365727201004,0.012698125008267117
0.6112241,0.022884770261823,0.023316788686587906,0.13025070160307145,0.026970881879000038,0.06387187124122042,0.03894043928046817,0.020288335972091877,0.012707687700592602
0.6116897,0.022537191135094642,0.023372767880118973,0.12919029117871292,0.02703730267128753,0.06332236180176062,0.039619872379929255,0.020135454715604656,0.012717336014234814
0.6121552,0.022194830553921012,0.023426379262214556,0.12812765909458193,0.0271050774084832,0.06277897644661229,0.04030593421396647,0.01998508163285283,0.012727057209683904
0.6126207,0.0218576990148263,0.023477605776783133,0.12706300830698386,0.02717419492633784,0.062241784857009506,0.040998622550601146,0.019837284725960528,0.012736838768971654
0.6130862,0.021525805892675113,0.023526431532998927,0.1259965410536931,0.027244643813014956,0.061710855384479825,0.04169793447351151,0.01969213184888474,0.01274666839589275
0.6135517,0.021199159451793226,0.02357284179677537,0.1249284587980638,0.027316412409465297,0.06118625504735494,0.04240386636511893,0.019549690687421534,0.01275653401621846
0.6140172,0.02087776685721479,0.02361682298200289,0.12385896217379556,0.027389488809925335,0.06066804952785326,0.04311641388962456,0.01941002873920734,0.012766423777902861
0.6144828,0.0205616341860506,0.023658362641555266,0.12278825093037478,0.027463860862540816,0.0601563031697286,0.04383557197600314,0.019273213293717326,0.012776326051281726
0.6149483,0.020250766438972334,0.023697449458068724,0.12171652387921213,0.027539516170116175,0.059651078976479636,0.044561334800960646,0.019139311412262966,0.012786229429264157
0.6154138,0.01994516755180764,0.023734073234497877,0.12064397884049544,0.027616442090990744,0.05915243861011429,0.04529369577186211,0.01900838990799068,0.012796122727516962
0.6158793,0.01964484040724102,0.023768224884452335,0.11957081259077616,0.02769462574004241,0.058660442390463384,0.04603264750963579,0.0188805153258835,0.01280599498464175
0.6163448,0.01934978684661532,0.023799896422317807,0.11849722081130734,0.027774053989819338,0.05817514929503762,0.04677818183165965,0.018755753922767775,0.012815835462344627
0.6168103,0.019060007681828625,0.023829080953165216,0.11742339803714981,0.02785471347180052,0.057696616959421396,0.047530289734636064,0.018634171647327058,0.012825633645598257
0.6172759,0.01877550270732111,0.023855772662451258,0.11634953760706278,0.02793659057778559,0.05722490167819676,0.0482889613774601,0.01851583412012566,0.01283537924279608
0.6177414,0.018496270712146573,0.023879966805513783,0.11527583161419482,0.02801967146141463,0.05676005840639022,0.049054186064086985,0.01840080661364468,0.012845062185898275
0.6182069,0.018222309492123223,0.023901659696865266,0.11420247085758996,0.028103942039818513,0.056302140761434714,0.04982595222640371,0.01828915403233385,0.01285467263056905
0.6186724,0.017953615862058427,0.02392084869928769,0.1131296447945246,0.028189387995400456,0.055851201025638515,0.05060424740711013,0.018180940892682976,0.012864200956304707
0.6191379,0.017690185668042188,0.023937532212732326,0.1120575414936896,0.028275994777749405,0.05540729014915274,0.051389058242614145,0.0180762313033172,0.012873637766551883
0.6196034,0.017432013799804278,0.02395170966302801,0.1109863475892318,0.028363747605685944,0.0549704577534285,0.05218037044594582,0.01797508894512074,0.012882973888815243
0.620069,0.01717909420313018,0.023963381490401885,0.10991624823566917,0.028452631469441478,0.05454075213515452,0.052978168789694975,0.017877577051393985,0.012892200374753946
0.6205345,0.016931419892331146,0.023972549137817004,0.10884742706369253,0.028542631132971296,0.05411822027066531,0.05378243708897681,0.017783758388049097,0.01290130850026612
0.621,0.01668898296276381,0.02397921503913133,0.1077800661368664,0.02863373113640227,0.05370290782080999,0.05459315818442973,0.01769369523384927,0.012910289765560549
0.6214655,0.016451774603395242,0.02398338260708308,0.1067143459092406,0.02872591579861597,0.0532948591362711,0.05541031392524956,0.01760744936069684,0.012919135895214848
0.621931,0.016219785109409367,0.023985056221107637,0.1056504451838833,0.028819169219967803,0.05289411726332266,0.056233885152264185,0.017525082013975325,0.012927838838219326
0.6223966,0.015993003894851057,0.023984241214991424,0.10458854107234522,0.028913475285142952,0.05250072395001631,0.057063851681052456,0.01744665389295039,0.012936390768005755
0.6228621,0.0157714195053044,0.02398094386436821,0.10352880895506464,0.029008817666149808,0.05211471965278409,0.05790019228511107,0.017372225131234653,0.012944784082460241
0.6233276,0.015555019630601939,0.023975171374063492,0.10247142244272103,0.029105179825451646,0.05173614354344651,0.05874288467907266,0.017301855277321018,0.012953011403919391
0.6237931,0.015343791117561791,0.023966931865292595,0.10141655333854556,0.029202545019237296,0.05136503351661441,0.05959190550197828,0.017235603275189186,0.012961065579148948
0.6242586,0.015137719982749922,0.02395623436271798,0.1003643716015956,0.02930089630083157,0.05100142619747328,0.06044723030060685,0.01717352744498986,0.012968939679304054
0.6247241,0.014936791425264807,0.023943088781371157,0.09931504531099997,0.0294002165242461,0.0506453569499385,0.06130883351286406,0.017115685463811158,0.012976626999870271
0.6251897,0.014740989839541892,0.023927505913444475,0.09826874063118106,0.029500488347871053,0.05029685988516972,0.06217668845123257,0.0170621343465318,0.01298412106058445
0.6256552,0.014550298828175219,0.023909497414957886,0.09722562177805956,0.029601694238308204,0.04995596787043315,0.06305076728628496,0.01701293042676546,0.01299141560533454
0.6261207,0.014364701214753639,0.02388907579230557,0.09618585098624671,0.02970381647434558,0.04962271253829942,0.06393104103026075,0.016968129337900914,0.01299850460203732
0.6265862,0.014184179056708957,0.023866254388687287,0.09514958847722864,0.029806837151073712,0.04929712429616533,0.06481747952070852,0.01692778599424251,0.013005382242492874
0.6270517,0.014008713658173312,0.023841047370429195,0.0941169924285465,0.029910738184143366,0.048979232336087065,0.06571005140419407,0.016891954572255338,0.013012042942214683
0.6275172,0.013838285582843033,0.0238134697131989,0.0930882189439761,0.030015501314164448,0.04866906464491208,0.06660872412007557,0.016860688491919653,0.01301848134023397
0.6279828,0.013672874666846052,0.02378353718811958,0.09206342202470921,0.03012110811124552,0.04836664801469697,0.06751346388434686,0.01683404039819881,0.013024692298876874
0.6284483,0.013512460031609917,0.023751266347788094,0.09104275354153919,0.030227539979673274,0.04807200805339791,0.0684242356735503,0.016812062142625022,0.013030670903512934
0.6289138,0.013357020096727266,0.023716674512202027,0.090026363208053,0.03033477816273095,0.04778516919582019,0.06934100320876085,0.016794804765007155,0.013036412462273302
0.6293793,0.013206532592815502,0.023679779754600734,0.08901439855483072,0.030442803747654568,0.04750615471481313,0.07026372893964312,0.01678231847526476,0.01304191250573702
0.6298448,0.01306097457436733,0.02364060088722546,0.08800700490465377,0.03055159767072547,0.04723498673269647,0.07119237402858371,0.01677465263539251,0.013047166786583691
0.6303103,0.012920322432588668,0.023599157447003503,0.08700432534872238,0.03066114072249775,0.046971686232904146,0.07212689833490134,0.01677185574155924,0.013052171279210956
0.6307759,0.012784551908220407,0.023555469681161366,0.08600650072388236,0.030771413553158673,0.04671627307183095,0.07306726039913772,0.016773975406345898,0.013056922179315105
0.6312414,0.012653638104340266,0.02350955853277182,0.08501366959086099,0.030882396678020334,0.0464687659908676,0.0740134174274317,0.016781058341126788,0.013061415903433385
0.6317069,0.012527555499140983,0.023461445626239575,0.08402596821351128,0.030994070483140363,0.0462291826286094,0.07496532527597974,0.016793150338598642,0.01306564908844663
0.6321724,0.012406277958681,0.02341115325273035,0.08304353053906315,0.0311064152310696,0.04599753953322357,0.07592293843558537,0.01681029625546219,0.013069618591040999
0.6326379,0.012289778749603705,0.023358704355547967,0.08206648817937985,0.03121941106672433,0.045773852174960404,0.07688621001630067,0.016832539995260968,0.013073321487127707
0.6331034,0.012178030551821291,0.023304122515464046,0.08109497039321739,0.03133303802338069,0.045558134958793316,0.07785509173216333,0.016859924491382357,0.01307675507121986
0.633569,0.012071005471159163,0.02324743193600493,0.08012910406948402,0.03144727602878856,0.045350401237173175,0.07882953388603457,0.016892491690225744,0.013079916855765606
0.6340345,0.011968675051956935,0.02318865742870027,0.0791690137114964,0.031562104911402294,0.045150663322882076,0.07980948535454449,0.01693028253454278,0.013082804570436955
0.6345,0.011871010289621994,0.023127824398297747,0.0782148214222281,0.03167750440672531,0.04495893250197201,0.08079489357315399,0.01697333694695457,0.013085416161373646
0.6349655,0.011777981643131622,0.0230649588279483,0.0772666468905459,0.03179345416376556,0.044775219046773715,0.08178570452134422,0.017021693813650634,0.013087749790381483
0.635431,0.011689559047479842,0.023000087264366375,0.07632460737842858,0.031909933751598715,0.04459953222896083,0.08278186270794666,0.01707539096827441,0.013089803834084498
0.6358966,0.011605711926065087,0.022933236802969475,0.07538881770916242,0.03202692266603559,0.0444318803326546,0.08378331115662822,0.017134465176000025,0.01309157688303027
0.6363621,0.011526409203015047,0.022864435073001392,0.07445939025650651,0.03214440033639054,0.044272270667554216,0.08478999139154685,0.01719895211780509,0.01309306774074764
0.6368276,0.01145161931544506,0.02279371022264332,0.0735364349348213,0.032262346132347366,0.04412070958207785,0.08580184342319364,0.017268886374944312,0.013094275422756058
0.6372931,0.011381310225646667,0.022721090904117013,0.07262005919015249,0.03238073937091955,0.04397720247649921,0.08681880573443772,0.017344301413628777,0.01309519915552568
0.6377586,0.011315449433203067,0.02264660625878394,0.07171036799226224,0.032499559323501605,0.04384175381606447,0.08784081526678957,0.01742522956991576,0.013095838375387378
0.6382241,0.011254003987028421,0.02257028590224425,0.07080746382759945,0.032618785223008685,0.04371436714407431,0.08886780740689859,0.017511702034814107,0.013096192727391785
0.6386897,0.011196940497328134,0.02249215990943934,0.06991144669320004,0.032738396271101707,0.04359504509491556,0.08989971597329961,0.017603748839610134,0.013096262064116558
0.6391552,0.011144225147477442,0.022412258799761314,0.06902241409150837,0.032858371645495425,0.04348378940702684,0.09093647320342274,0.01770139884141914,0.013096046444421123
0.6396207,0.011095823705815815,0.02233061352217302,0.06814046102610999,0.03297869050734688,0.04338060093578247,0.09197800974088012,0.01780467970896752,0.013095546132148266
0.6400862,0.011051701537354833,0.022247255440342076,0.06726567999836615,0.03309933200872166,0.04328547966627874,0.09302425462304281,0.017913617908610544,0.013094761594771928
0.6405517,0.0110118236153974,0.02216221631779233,0.06639816100493935,0.03322027530013529,0.043198424726006414,0.09407513526892011,0.018028238690590823,0.013093693501990628
0.6410172,0.010976154533066253,0.022075528303076325,0.06553799153619962,0.03334149953816689,0.043119434397393255,0.09513057746735346,0.01814856607554241,0.013092342724265876
0.6414828,0.010944658514739834,0.02198722391497238,0.06468525657550026,0.03346298389314202,0.04304850613020021,0.09619050536553647,0.01827462284124545,0.01309071033130489
0.6419483,0.01091729942739367,0.021897336027709994,0.06384003859931192,0.03358470755688154,0.042985636553754515,0.09725484145787226,0.018406430509636196,0.013088797590486896
0.6424138,0.010894040791845418,0.021805897856227354,0.0630024175782029,0.0337066497505129,0.04293082148900303,0.09832350657517937,0.018544009334077155,0.013086605965232322
0.6428793,0.010874845793901747,0.02171294294146478,0.06217247097865367,0.033828789732340395,0.042884055960368817,0.09939641987425699,0.018687378286891966,0.013084137113314158
0.6433448,0.010859677295405226,0.021618505135698064,0.0613502737656932,0.033951106805770445,0.04284533420739368,0.10047349882782013,0.018836555047169502,0.013081392885110885
0.6438103,0.010848497845179314,0.021522618587915654,0.06053589840634391,0.03407358032728804,0.0428146496961494,0.1015546592148149,0.01899155598884169,0.013078375321800504
0.6442759,0.010841269689869483,0.021425317729243682,0.05972941487386219,0.03419618971448024,0.04279199513039995,0.10263981511112391,0.019152396169039364,0.013075086653495285
0.6447414,0.01083795478467847,0.021326637258422935,0.058930890652760935,0.03431891445410256,0.04277736246249661,0.10372887888067116,0.019319089316730473,0.01307152929731712
0.6452069,0.010838514803993544,0.021226612127341758,0.058140390744600354,0.034441734110184,0.042770742903987774,0.10482176116693531,0.019491647821644833,0.013067705855413553
0.6456724,0.010842911151903603,0.02112527752662886,0.0573579776745337,0.034564628332166523,0.042772126935924866,0.10591837088488101,0.019670082723489638,0.013063619112914749
0.6461379,0.010851104972603833,0.021022668871309935,0.056583711498594286,0.03468757686307467,0.04278150431884544,0.10701861521331871,0.019854403701459793,0.013059272035831973
0.6466034,0.010863057160685618,0.020918821786531767,0.05581764981171093,0.03481055954771103,0.042798864102414555,0.10812239958770418,0.020044619064047177,0.01305466776889825
0.647069,0.01087872837130934,0.020813772093357465,0.0550598477564385,0.03493355634087318,0.042824194634705125,0.10922962769339173,0.020240735739152978,0.013049809633352229
0.6475345,0.010898079030257623,0.020707555794636193,0.0543103580323906,0.03505654731558782,0.04285748357109812,0.11034020145935568,0.020442759264507206,0.013044701124666404
0.648,0.010921069343866644,0.02060020906095078,0.05356923090636112,0.03517951267135737,0.04289871788278354,0.11145402105239748,0.020650693778399638,0.013039345910221021
0.6484655,0.010947659308833024,0.020491768216646392,0.052836514223121044,0.03530243274241446,0.04294788386484318,0.11257098487185531,0.02086454201072648,0.013033747826925268
0.648931,0.010977808721893757,0.020382269725943456,0.05211225341687665,0.03542528800597928,0.04300496714389694,0.11369098954483456,0.021084305274356924,0.013027910878787378
0.6493966,0.011011477189376678,0.020271750179138,0.05139649152337504,0.03554805909051445,0.04306995268529433,0.11481392992197666,0.021309983456823865,0.013021839234435317
0.6498621,0.011048624136618775,0.020160246278892607,0.050689269192642585,0.03567072678397199,0.043142824799834084,0.11593969907378322,0.021541575012342853,0.013015537224589785
0.6503276,0.011089208817249733,0.020047794826621126,0.04999062470234186,0.035793272042026716,0.04322356714999501,0.11706818828751242,0.021779076954163333,0.013009009339491222
0.6507931,0.011133190322337989,0.01993443270897043,0.04930059397173257,0.0359156759962904,0.04331216275566191,0.1181992870646637,0.02202248484725606,0.01300226022628239
0.6512586,0.011180527589396758,0.019820196884402463,0.0486192105762221,0.036037919962501136,0.043408593999330815,0.1193328831190678,0.022271792801340458,0.012995294686348175
0.6517241,0.01123117941124756,0.019705124369879912,0.04794650576249165,0.036159985448682735,0.043512842630777655,0.12046886237559887,0.02252699346425548,0.012988117672614083
0.6521897,0.011285104444739066,0.01958925222765879,0.04728250846418402,0.036281854163269324,0.04362488977117469,0.12160710896952698,0.022788078015677424,0.012980734286804916
0.6526552,0.011342261219319347,0.019472617552191263,0.04662724531813967,0.03640350802319097,0.043744715916638706,0.12274750524652935,0.023055036161188015,0.012973149776665095
0.6531207,0.011402608145459956,0.019355257457141974,0.04598074068116776,0.03652492916191638,0.043872300941194695,0.12388993176338053,0.023327856126695953,0.012965369533141945
0.6535862,0.011466103522930635,0.019237209062521066,0.04534301664733933,0.03664609993744906,0.04400762409913861,0.1250342672893414,0.023606524653214906,0.012957399087533343
0.6540517,0.011532705548923806,0.019118509481937124,0.04471409306578972,0.03676700294027353,0.044150664026783096,0.12618038880826674,0.023891026992000807,0.012949244108601163
0.6545172,0.011602372326028407,0.018999195809973113,0.044093987559017,0.036887621001248205,0.04430139874357032,0.12732817152145212,0.024181346900051158,0.01294091039965188
0.6549828,0.011675061870052947,0.018879305109688296,0.043482715541663386,0.037007937199441156,0.044459805652537564,0.128477488851239,0.024477466635968892,0.012932403895585816
0.6554483,0.01175073211769808,0.01875887440024901,0.042880290239766236,0.03712793486990545,0.04462586154012322,0.1296282124453971,0.024779366956193125,0.01292373065991645
0.6559138,0.011829340934079221,0.018637940644691,0.04228672271046532,0.03724759761139023,0.044799542575303726,0.13078021218230299,0.025087027111598985,0.012914896881761156
0.6563793,0.011910846120100146,0.018516540737815976,0.0417020218621524,0.03736690929398395,0.044980824308054265,0.1319333561769332,0.025400424844468562,0.01290590887280473
0.6568448,0.011995205419678889,0.018394711494224787,0.04112619447504946,0.037485854066686065,0.04516968166712847,0.1330875107876908,0.025719536385834848,0.012896773064236866
0.6573103,0.012082376526827464,0.018272489636489662,0.04055924522220133,0.037604416364903664,0.0453660889571534,0.1342425406240835,0.026044336453200277,0.012887496003664772
0.6577759,0.01217231709258737,0.018149911783467764,0.040001176690868154,0.037722580917869425,0.04557001985503709,0.13539830855527096,0.026374798248631377,0.012878084352001896
0.6582414,0.012264984731822963,0.01802701443875821,0.03945198940430322,0.03784033275597727,0.04578144740568685,0.1365546757194991,0.026710893457230916,0.012868544880333765
0.6587069,0.012360337029875044,0.01790383397930478,0.03891168184390118,0.03795765721803196,0.04600034401703819,0.1377115015344385,0.02705259224598884,0.012858884466761806
0.6591724,0.012458331549077162,0.01778040664414632,0.03838025047170207,0.03807453995840873,0.046226681454396644,0.13886864370844326,0.027399863263013375,0.012849110093226064
0.6596379,0.012558925835137194,0.017656768523316956,0.037857689753236334,0.038190966954118784,0.046460430834097705,0.1400259582527471,0.02775267363714359,0.01283922884230769
0.6601034,0.012662077423386847,0.017532955546898106,0.037343992180696284,0.0383069245117761,0.046701562616493573,0.14118329949461284,0.028110988977945044,0.01282924789401205
0.660569,0.012767743844901619,0.01740900347422434,0.03683914829641968,0.038422399274460894,0.046950046598278554,0.1423405200914498,0.02847477337608998,0.012819174522533318
0.6610345,0.012875882632493755,0.01728494788324507,0.036343146716671465,0.03853737822847462,0.04720585190416778,0.14349747104591432,0.02884398940412361,0.01280901609300131
0.6615,0.012986451326580594,0.01716082416004405,0.035855974155709625,0.038651848709981076,0.04746894697794606,0.14465400172200601,0.029218598117618073,0.012798780058211298
0.6619655,0.013099407480930627,0.01703666748851862,0.035377615450121476,0.03876579841152809,0.04773929957290566,0.14580995986217202,0.029598559056715424,0.012788473955337479
0.662431,0.013214708668289528,0.016912512840220634,0.03490805358341659,0.0388792153884437,0.048016876741693165,0.14696519160543015,0.029983830248061148,0.012778105402630729
0.6628966,0.013332312485888256,0.016788394964360912,0.03444726971086265,0.03899208806510114,0.04830164482558706,0.1481195415065207,0.030374368207129684,0.012767682096101213
0.6633621,0.013452176560835295,0.01666434837797902,0.0339952431845509,0.03910440524104625,0.04859356944322833,0.14927285255609565,0.030770127940943564,0.012757211806186426
0.6638276,0.013574258555394977,0.01654040735628005,0.033551951578677804,0.03921615609698145,0.048892615478827464,0.1504249662019529,0.03117106295118797,0.012746702374405198
0.6642931,0.013698516172153717,0.016416605923139965,0.033117370715030084,0.03932733020060026,0.049198747069871596,0.15157572237132214,0.03157712523772247,0.012736161709998093
0.6647586,0.013824907159075944,0.016292977841780906,0.03269147468866029,0.039437917512266205,0.04951192759435571,0.1527249594942076,0.031988265302491777,0.01272559778655465
0.6652241,0.013953389314451397,0.016169556605617825,0.0322742358937403,0.03954790839053023,0.049832119657562,0.15387251452779155,0.03240443215383723,0.012715018638627779
0.6656897,0.01408392049173543,0.016046375429277605,0.03186562504958046,0.0396572935974803,0.05015928507841222,0.15501822298190132,0.032825573311210644,0.012704432358335623
0.6661552,0.014216458604283878,0.015923467239791708,0.03146561122680195,0.03976606430391698,0.050493384875418254,0.1561619189455416,0.03325163481029196,0.01269384709195118
0.6666207,0.014350961629984033,0.01580086466796323,0.03107416187365056,0.03987421209434842,0.05083437925225736,0.1573034351144923,0.033682561208512214,0.012683271036479952
0.6670862,0.014487387615783201,0.015678600039909202,0.03069124284243981,0.03998172897179805,0.05118222758299909,0.15844260281997283,0.0341182955909832,0.012672712436225761
0.6675517,0.014625694682116266,0.015556705368778744,0.03031681841611191,0.04008860736241817,0.051536888397011975,0.1595792520583719,0.03455877957683519,0.012662179579344908
0.6680172,0.01476584102723354,0.01543521234664772,0.029950851334905212,0.040194840119902465,0.05189831936357864,0.16071321152204196,0.035003953325963906,0.012651680794388744
0.6684828,0.014907784931430145,0.015314152336590394,0.029593302823117142,0.04030042052969089,0.05226647727624858,0.16184430863115637,0.03545375554618796,0.012641224446834737
0.6689483,0.015051484761177993,0.015193556364928652,0.029244132615952195,0.04040534231295999,0.05264131803695832,0.16297236956662656,0.03590812350081752,0.012630818935606148
0.6694138,0.01519689897316145,0.015073455113659285,0.028903298986444767,0.04050959963039228,0.05302279663994842,0.16409721930407498,0.03636699301663511,0.012620472689580454
0.6698793,0.015343986118217702,0.014953878913059989,0.028570758772447222,0.040613187085718316,0.053410867155507157,0.16521868164885928,0.03683029849228915,0.012610194164086637
0.6703448,0.01549270484518288,0.014834857734474736,0.028246467403673887,0.04071609972902512,0.05380548271357028,0.16633657927214104,0.037297972907100796,0.012599991837391593
0.6708103,0.015643013904644953,0.014716421183279269,0.027930378928792188,0.040818333059824956,0.05420659548720641,0.1674507337479927,0.037769947830284624,0.012589874207175928
0.6712759,0.01579487215260454,0.014598598492027482,0.027622446042552484,0.04091988302987828,0.0546141566760174,0.16856096559153602,0.03824615343058367,0.012579849786999395
0.6717414,0.01594823855404474,0.014481418513779487,0.02732262011294852,0.04102074604576482,0.055028116489482685,0.16966709429810442,0.03872651848631926,0.01256992710275636
0.6722069,0.016103072186411185,0.01436490971561215,0.027030851208400528,0.0411209189711969,0.05544842413027674,0.17076893838342228,0.03921097039585637,0.012560114689121667
0.6726724,0.01625933224300358,0.014249100172312807,0.026747088124953123,0.04122039912906872,0.05587502777758818,0.17186631542479278,0.03969943518848541,0.01255042108598738
0.6731379,0.01641697803628014,0.014134017560256795,0.02647127841348028,0.04131918430323564,0.05630787457046892,0.1729590421032861,0.04019183753572121,0.012540854834890992
0.6736034,0.016575969001076427,0.014019689151469372,0.026203368406889443,0.041417272740017316,0.056746910591241276,0.17404693424691844,0.04068810076302015,0.012531424475435822
0.674069,0.01673626469774021,0.013906141807872486,0.02594330324731725,0.04151466314941848,0.05719208084899067,0.17512980687481108,0.04118814686191595,0.012522138541704511
0.6745345,0.016897824815184124,0.013793401975716723,0.025691026913309253,0.0416113547060614,0.05764332926317114,0.17620747424231942,0.04169189650257469,0.012513005558666758
0.675,0.017060609173857905,0.01368149568019871,0.025446482246976473,0.04170734704982401,0.05810059864735031,0.17727974988711812,0.042199269046769246,0.012504034038582537
0.6754655,0.017224577728642165,0.013570448520264126,0.025209610981122024,0.04180264028617763,0.058563830693120364,0.17834644667622954,0.042710182561273166,0.012495232477402283
0.675931,0.017389690571665745,0.013460285663596432,0.02498035376633112,0.04189723498621859,0.059032965954200683,0.17940737685398098,0.04322455383167367,0.012486609351165492
0.6763966,0.017555907935048933,0.013351031841791322,0.024758650198018293,0.04199113218638786,0.059507943830757505,0.18046235209087502,0.0437422983766033,0.012478173112399293
0.6768621,0.01772319019357503,0.01324271134571687,0.02454443884342585,0.042084333387873214,0.0599887025539656,0.18151118353335635,0.04426333046238936,0.01246993218651843
0.6773276,0.017891497867292928,0.013135348021059323,0.02433765726856802,0.042176840555688724,0.06047517917083621,0.18255368185445728,0.044787563118120266,0.012461894968228035
0.6777931,0.01806079162405359,0.013028965264054379,0.024138242065115462,0.04226865611742655,0.06096730952933511,0.1835896573053028,0.04531490815112806,0.012454069817930598
0.6782586,0.018231032281983393,0.01292358601740392,0.02394612887721511,0.04235978296167678,0.061465028263814156,0.18461891976745634,0.04584527616288582,0.012446465058138406
0.6787241,0.018402180811897248,0.012819232766377961,0.023761252428240707,0.04245022443611134,0.06196826878077926,0.18564127880608464,0.04637857656531931,0.012439088969892749
0.6791897,0.018574198339654503,0.01271592753510176,0.023583546547469414,0.04253998434522864,0.0624769632450173,0.18665654372392104,0.046914717597532116,0.012431949789191108
0.6796552,0.01874704614846043,0.012613691883027843,0.023412944196680212,0.0426290669477561,0.06299104256610402,0.18766452361600458,0.04745360634294313,0.012425055703423529
0.6801207,0.01892068568111606,0.012512546901592777,0.023249377496669894,0.042717476953708595,0.06351043638531448,0.18866502742517305,0.04799514874683539,0.012418414847819324
0.6805862,0.01909507854221893,0.012412513211058398,0.02309277775368268,0.04280521952110093,0.06403507306295746,0.18965786399828724,0.04853924963431502,0.012412035301905272
0.6810517,0.01927018650031737,0.012313610957537278,0.022943075485749437,0.04289230025231345,0.06456487966615468,0.1906428421431632,0.049085812728678666,0.01240592508597651
0.6815172,0.019445971490020607,0.012215859810202078,0.022800200448932436,0.04297872519010989,0.0650997819570856,0.19161977068618777,0.04963474067018736,0.012400092157581252
0.6819828,0.01962239561406709,0.012119278958678524,0.02266408166347166,0.043064500813307004,0.065639704381718,0.19258845853059262,0.050185935035244746,0.012394544408020475
0.6824483,0.019799421145353147,0.012023887110621637,0.022534647439828484,0.04314963403209548,0.06618457005904413,0.1935487147153601,0.050739296355976946,0.012389289658863701
0.6829138,0.01997701052892412,0.01192970248947485,0.022411825404622675,0.043234132183011774,0.06673430077084197,0.19450034847473435,0.05129472414021116,0.012384335658481828
0.6833793,0.020155126383930064,0.011836742832411623,0.022295542526458545,0.04331800302356044,0.06728881695198019,0.19544316929831004,0.05185211689184982,0.012379690078598038
0.6838448,0.020333731505548104,0.01174502538845909,0.022185725141636303,0.04340125472648668,0.06784803768128513,0.19637698699167064,0.052411372131636706,0.012375360510857613
0.6843103,0.02051278886687355,0.01165456691680318,0.022082298979744733,0.04348389587369894,0.06841188067298752,0.19730161173754804,0.0529723864183115,0.012371354463417578
0.6847759,0.020692261620781888,0.011565383685274653,0.02198518918913152,0.04356593544984168,0.06898026226876652,0.19821685415747387,0.053535055370148875,0.012367679357557164
0.6852414,0.02087211310176381,0.011477491469015305,0.02189432036224762,0.043647382835518576,0.06955309743040804,0.19912252537389422,0.054099273686878224,0.012364342524310037
0.6857069,0.021052306827735404,0.011390905549323586,0.021809616560862048,0.043728247800167784,0.07013029973309426,0.20001843707271746,0.05466493517198036,0.012361351201119442
0.6861724,0.02123280650182548,0.011305640712678838,0.021731001341143488,0.043808540494591514,0.07071178135934118,0.2009044015662649,0.05523193275535797,0.012358712528517495
0.6866379,0.021413576014141997,0.011221711249943209,0.021658397778604795,0.04388827144314372,0.07129745309360051,0.20178023185659338,0.055800158516376874,0.012356433546830027
0.6871034,0.02159457944351944,0.011139130955740244,0.021591728492906664,0.04396745153558067,0.07188722431754158,0.20264574169915905,0.05636950370727585,0.012354521192908561
0.687569,0.021775781059249013,0.011057913128009045,0.02153091567251647,0.044046092018580604,0.072481003006029,0.20350074566679047,0.05693985877694263,0.012352982296891144
0.6880345,0.02195714532279348,0.010978070567732848,0.02147588109921827,0.044124204486940065,0.0730786957238108,0.20434505921393892,0.05751111339505411,0.012351823578993986
0.6885,0.022138636889488552,0.010899615578840754,0.02142654617246986,0.04420180087445538,0.0736802076229312,0.2051784987411743,0.05808315647657878,0.012351051646336007
0.6889655,0.022320220610232637,0.010822559968281274,0.021382831933602627,0.044278893444499076,0.07428544244088178,0.20600088165989336,0.05865587620663937,0.012350672989798406
0.689431,0.022501861533166887,0.01074691504626623,0.021344659089860007,0.04435549478030127,0.07489430249950432,0.20681202645720775,0.05922916006573374,0.012350693980921462
0.6898966,0.022683524905347315,0.01067269162668357,0.021311948038270117,0.044431617774947016,0.07550668870465777,0.20761175276097754,0.05980289485531155,0.012351120868840743
0.6903621,0.022865176174410817,0.010599900027677439,0.02128461888934835,0.0445072756211005,0.07612250054666132,0.20839988140495594,0.06037696672370415,0.012351959777264854
0.6908276,0.02304678099023692,0.010528550072393865,0.021262591490625597,0.044582481800467415,0.07674163610152535,0.2091762344940105,0.06095126119240428,0.012353216701496804
0.6912931,0.023228305206606997,0.010458651089890275,0.02124578544999796,0.04465725007300676,0.0773639920329805,0.2099406354693862,0.06152566318269227,0.012354897505501094
0.6917586,0.023409714882862694,0.01039021191620709,0.02123412015889395,0.04473159446590366,0.07798946359531576,0.21069290917397665,0.06210005704260459,0.01235700791901854
0.6922241,0.02359097628556548,0.010323240895599523,0.021227514815255172,0.04480552926231464,0.07861794463703485,0.2114328819175687,0.06267432657424045,0.012359553534730828
0.6926897,0.023772055890159186,0.01025774588192776,0.021225888446326505,0.04487906898989742,0.0792493276053404,0.21216038154202824,0.06324835506140185,0.012362539805476733
0.6931552,0.023952920382637608,0.010193734240203589,0.021229159931251847,0.0449522284091372,0.07988350355145456,0.21287523748639406,0.06382202529756201,0.012365972041521817
0.6936207,0.024133536661219368,0.010131212848291602,0.021237248023471295,0.0450250225014815,0.08052036213678422,0.2135772808518471,0.0643952196141569,0.012369855407883445
0.6940862,0.02431387183803225,0.010070188098763037,0.021250071372915652,0.04509746645729578,0.08115979163993878,0.21426634446652218,0.0649678199091941,0.012374194921712794
0.6945517,0.024493893240809327,0.010010665900900287,0.021267548547994012,0.04516957566365171,0.08180167896460734,0.21494226295012933,0.06553970767617352,0.012378995449735515
0.6950172,0.024673568414599084,0.009952651682850137,0.021289598057370195,0.04524136569196001,0.08244590964830198,0.2156048727783509,0.06611076403331434,0.01238426170575254
0.6954828,0.024852865123491476,0.009896150393923662,0.021316138371523814,0.04531285228545943,0.08309236787197297,0.21625401234697939,0.0666808697530832,0.012389998248202524
0.6959483,0.02503175135236201,0.009841166507040684,0.02134708794409192,0.04538405134657314,0.08374093647050179,0.21688952203576115,0.06724990529201887,0.012396209477787268
0.6964138,0.02521019530863572,0.009787704021316646,0.021382365232987328,0.04545497892414336,0.08439149694407694,0.21751124427191,0.0678177508208489,0.012402899635161457
0.6968793,0.025388165424073003,0.009735766464789658,0.02142188872128988,0.045525651200555135,0.08504392947045769,0.21811902359325455,0.06838428625489383,0.012410072798687865
0.6973448,0.025565630356579216,0.009685356897285427,0.021465576937906863,0.045596084478759534,0.08569811291813079,0.2187127067109832,0.06894939128475416,0.01241773288225927
0.6978103,0.025742558992040036,0.009636477913417782,0.0215133484779989,0.045666295169206346,0.08635392486036451,0.21929214257194987,0.06951294540727543,0.012425883633188129
0.6982759,0.025918920446184532,0.009589131645722396,0.02156512202316734,0.04573629977669616,0.08701124159016413,0.21985718242050387,0.07007482795678631,0.01243452863016507
0.6987414,0.026094684066478042,0.009543319767921294,0.021620816361399314,0.04580611488716131,0.08766993813613187,0.22040767985980655,0.07063491813660487,0.012443671281287184
0.6992069,0.02626981943404685,0.009499043498315646,0.021680350406766274,0.04587575715438506,0.08832988827923482,0.22094349091259757,0.07119309505080716,0.012453314822157106
0.6996724,0.026444296365636562,0.009456303603304362,0.021743643218871865,0.045945243286668006,0.08899096457048218,0.22146447408137301,0.07174923773625247,0.012463462314053736
0.7001379,0.026618084915606032,0.009415100401025812,0.021810614022044962,0.046014590033450785,0.08965303834951396,0.22197049040793596,0.07230322519485848,0.012474116642175423
0.7006034,0.026791155377958596,0.009375433765120053,0.02188118222427353,0.046083814171901764,0.09031597976410169,0.22246140353227942,0.07285493642611933,0.012485280513956318
0.701069,0.026963478288412022,0.009337303128608886,0.021955267435874917,0.04615293249347841,0.0909796577905619,0.22293707975075985,0.07340425045985903,0.012496956457456534
0.7015345,0.0271350244265086,0.009300707487891049,0.022032789487898077,0.046221961790471,0.09164394025508221,0.2233973880735172,0.07395104638921196,0.012509146819826622
0.702,0.02730576481776644,0.00926564540684986,0.022113668450252984,0.04629091884253718,0.09230869385595916,0.223842200281096,0.074495203403822,0.012521853765846778
0.7024655,0.027475670735873134,0.009232115021070582,0.022197824649562378,0.04635982040323586,0.0929737841867465,0.22427139098022086,0.07503660082325139,0.012535079276541156
0.702931,0.027644713704922448,0.009200114042164824,0.022285178686730932,0.04642868318656883,0.09363907576031161,0.22468483765867792,0.07557511813059069,0.012548825147867483
0.7033966,0.027812865501694952,0.009169639762199243,0.022375651454226805,0.046497523853538524,0.09430443203379718,0.22508242073925214,0.07611063500626021,0.012563092989482157
0.7038621,0.027980098157983097,0.009140689058225729,0.022469164153070643,0.04656635899873026,0.09496971543448439,0.22546402363266962,0.07664303136199374,0.012577884223580827
0.7043276,0.028146383962961277,0.009113258396910288,0.02256563830952727,0.04663520513692717,0.09563478738655294,0.2258295327894939,0.07717218737499436,0.012593200083814461
0.7047931,0.028311695465601323,0.009087343839257774,0.022664995791495585,0.046704078689766206,0.09629950833873253,0.22617883775092704,0.07769798352225192,0.012609041614280735
0.7052586,0.028476005477133696,0.009062941045429512,0.022767158824592477,0.04677299597244343,0.09696373779283964,0.22651183119847082,0.07822030061501133,0.012625409668590565
0.7057241,0.028639287073554558,0.009040045279650893,0.022872050007926987,0.046841973180476865,0.09762733433319251,0.22682840900240933,0.07873901983337972,0.012642304909009538
0.7061897,0.0288015135981787,0.009018651415205848,0.02297959232956152,0.046911026376535304,0.09829015565689707,0.22712847026908303,0.07925402276106076,0.012659727805673995
0.7066552,0.028962658664238194,0.008998753939515191,0.023089709181657193,0.04698017147734144,0.0989520586049952,0.2274119173869316,0.07976519142020351,0.012677678635881475
0.7071207,0.02912269615752652,0.008980346959295692,0.02320232437530086,0.047049424240657625,0.09961289919446718,0.22767865607128937,0.08027240830635278,0.012696157483455275
0.7075862,0.0292816002390876,0.008963424205796827,0.023317362155011897,0.047118800252362876,0.1002725326510786,0.2279285954079233,0.08077555642348774,0.012715164238182884
0.7080517,0.029439345347949147,0.008947979040112106,0.023434747212926942,0.04718831491362942,0.10093081344306265,0.22816164789530718,0.08127451931913486,0.012734698595328124
0.7085172,0.029595906203899406,0.008934004458561877,0.023554404702661336,0.04725798342820735,0.1015875953156273,0.22837772948563043,0.08176918111954072,0.012754760055216797
0.7089828,0.029751257810306297,0.008921493098144544,0.023676260252846196,0.047327820789825836,0.10224273132627687,0.2285767596245418,0.08225942656489003,0.012775347922895707
0.7094483,0.029905375456977988,0.008910437242053187,0.02380023998034031,0.047397841769719236,0.10289607388093679,0.22875866128963093,0.08274514104455367,0.012796461307864914
0.7099138,0.030058234723063678,0.008900828825254491,0.023926270503116277,0.0474680609042867,0.10354747477087003,0.2289233610276528,0.08322621063235146,0.012818099123883122
0.7103793,0.03020981147999335,0.008892659440127052,0.024054278952820453,0.0475384924828934,0.10419678521037241,0.22907078899049998,0.08370252212181394,0.012840260088846095
0.7108448,0.030360081894455125,0.008885920342156038,0.024184192987006293,0.04760915053582144,0.10484385587523443,0.22920087896992847,0.08417396306142737,0.012862942724738115
0.7113103,0.030509022431408628,0.008880602455681303,0.024315940801040714,0.047680048822378515,0.10548853694195587,0.2293135684310432,0.08464042178984559,0.012886145357656444
0.7117759,0.03065660985713271,0.008876696379695981,0.02444945113968314,0.04775120081917214,0.10613067812769966,0.22940879854454896,0.08510178747105215,0.012909866117908885
0.7122414,0.030802821242305455,0.008874192393692696,0.024584653308336667,0.04782261970855705,0.10677012873097078,0.2294865142177716,0.085557950129456,0.012934102940184527
0.7127069,0.030947633965114456,0.008873080463554492,0.024721477183970723,0.04789431836726305,0.10740673767300522,0.22954666412445343,0.08600880068490331,0.012958853563797824
0.7131724,0.031091025714394923,0.008873350247487638,0.02485985322571436,0.04796630935521063,0.10804035353985413,0.2295892007333251,0.08645423098758842,0.012984115533006135
0.7136379,0.031232974492793115,0.008874991101993404,0.024999712485119313,0.048038604904521255,0.1086708246251465,0.2296140803354544,0.08689413385284593,0.013009886197400898
0.7141034,0.03137345861995251,0.008877992087875885,0.0251409866160919,0.048111216908728945,0.10929799897351461,0.22962126307037206,0.08732840309580615,0.013036162712372597
0.714569,0.03151245673571994,0.008882341976282928,0.02528360788449293,0.04818415691219963,0.10992172442466433,0.22961071295097024,0.08775693356589585,0.013062942039649658
0.7150345,0.03164994780336884,0.008888029254777106,0.02542750917740475,0.04825743609976453,0.11054184865807275,0.2295823978871707,0.08817962118116586,0.013090220947911319
0.7155,0.031785911112836865,0.008895042133433704,0.025572624012064747,0.048331065286573466,0.11115821923829473,0.22953628970835585,0.08859636296242658,0.013117996013474504
0.7159655,0.03192032628397464,0.008903368550962628,0.025718886544464695,0.04840505490817366,0.11177068366086002,0.2294723641845561,0.08900705706717203,0.013146263621054604
0.716431,0.03205317326980274,0.00891299618085114,0.025866231577615563,0.0484794150108196,0.11237908939874215,0.2293906010463851,0.08941160282327204,0.013175019964599953
0.7168966,0.03218443235977346,0.008923912437524351,0.026014594569477245,0.04855415524201902,0.11298328394938095,0.22929098400371334,0.08980990076241231,0.013204261048199783
0.7173621,0.03231408418303404,0.008936104482520376,0.02616391164055315,0.048629284841319655,0.11358311488223956,0.22917350076306972,0.0902018526532612,0.013233982687065157
0.7178276,0.03244210971168791,0.008949559230677152,0.02631411958114968,0.048704812631341236,0.11417842988687792,0.22903814304375922,0.09058736153434219,0.013264180508582532
0.7182931,0.032568490264050544,0.00896426335632784,0.02646515585830107,0.04878074700905685,0.11476907682152414,0.22888490659268437,0.0909663317465915,0.013294849953439332
0.7187586,0.032693207507896574,0.008980203299501804,0.02661695862236037,0.04885709593732748,0.11535490376212532,0.22871379119785745,0.09133866896558043,0.013325986276820941
0.7192241,0.03281624346369466,0.0089973652721281,0.026769466713257972,0.04893386693669314,0.11593575905185954,0.2285248007005885,0.09170428023338366,0.013357584549678447
0.7196897,0.03293758050782679,0.009015735264238418,0.02692261966642942,0.04901106707742403,0.11651149135109015,0.22831794300633426,0.0920630739900754,0.013389639660066385
0.7201552,0.03305720137578823,0.009035299050166427,0.02707635771841476,0.04908870297183493,0.1170819496877432,0.22809323009419125,0.0924149601048368,0.013422146314549794
0.7206207,0.033175089165364435,0.009056042194740424,0.027230621812132046,0.04916678076686592,0.1176469835080882,0.2278506780250162,0.09275984990665924,0.013455099039679742
0.7210862,0.03329122733978098,0.009077950059466265,0.027385353601827978,0.04924530613693285,0.11820644272790178,0.22759030694815532,0.09309765621462956,0.013488492183536547
0.7215517,0.03340559973082258,0.009101007808697565,0.02754049545770895,0.04932428427705092,0.11876017778399323,0.22731214110676237,0.09342829336778485,0.013522319917339867
0.7220172,0.033518190541917424,0.009125200415790187,0.027695990470256074,0.04940371989623473,0.11930803968606954,0.2270162088416857,0.09375167725452542,0.013556576237124788
0.7224828,0.03362898435118304,0.009150512669238118,0.02785178245422792,0.049483617211178436,0.11984988006891746,0.22670254259390193,0.09406772534157572,0.013591254965482996
0.7229483,0.033737966114430175,0.00917692917878786,0.028007815952354756,0.04956397994021927,0.12038555124487846,0.22637117890547268,0.09437635670248366,0.013626349753368065
0.7234138,0.033845121168121155,0.009204434381528561,0.028164036238728294,0.049644811297587826,0.12091490625659158,0.22602215841899917,0.09467749204565017,0.013661854081963768
0.7238793,0.03395043523227962,0.009233012547955052,0.028320389321890908,0.049726113987948004,0.12143779892997843,0.22565552587554863,0.0949710537418801,0.013697761264614283
0.7243448,0.034053894413348294,0.009262647788001057,0.028476821947628374,0.04980789020122953,0.12195408392744295,0.22527133011102318,0.09525696585144683,0.013734064448815055
0.7248103,0.03415548520699188,0.009293324057039797,0.028633281601470092,0.04989014160775545,0.12246361680125852,0.22486962405094169,0.09553515415066215,0.013770756618262972
0.7252759,0.03425519450084212,0.00932502516184916,0.02878971651090088,0.04997286935366677,0.12296625404711296,0.22445046470360222,0.095805546157943,0.013807830594964383
0.7257414,0.03435300957718194,0.009357734766538648,0.028946075647288277,0.050056074056646,0.12346185315778174,0.22401391315159147,0.09606807115936569,0.013845279041399448
0.7262069,0.03444891811556574,0.009391436398435333,0.029102308727529527,0.05013975580194105,0.12395027267689829,0.2235600345416059,0.09632266023369858,0.013883094462741163
0.7266724,0.034542908195372854,0.009426113453926112,0.02925836621542229,0.05022391413869084,0.12443137225278986,0.22308889807254811,0.09656924627690334,0.013921269209127321
0.7271379,0.03463496829829113,0.009461749204253671,0.029414199322763037,0.050308548076553355,0.12490501269234663,0.2226005769818621,0.09680776402609452,0.013959795477983566
0.7276034,0.03472508731072792,0.009498326801263657,0.02956976001017721,0.05039365608263713,0.12537105601489154,0.22209514853007303,0.09703815008294688,0.01399866531639563
0.728069,0.03481325452614609,0.009535829283100686,0.02972500098768491,0.050479236078736674,0.12582936550601723,0.22157269398350235,0.09726034293653943,0.014037870623528773
0.7285345,0.03489945964732296,0.009574239579850895,0.029879875715006013,0.05056528543887259,0.12627980577135756,0.2210332985951383,0.09747428298562423,0.014077403153092362
0.729,0.034983692788530404,0.009613540519128909,0.030034338401608365,0.05065180098713691,0.12672224279025998,0.22047705158365224,0.09767991256030746,0.014117254515847496
0.7294655,0.03506594447763476,0.00965371483160715,0.030188344006502846,0.05073877899584428,0.1271565439693253,0.21990404611056377,0.09787717594313002,0.01415741618215548
0.729931,0.03514620565811531,0.009694745156485548,0.03034184823778919,0.05082621518399009,0.1275825781957813,0.21931437925556563,0.09806601938953387,0.014197879484564925
0.7303966,0.035224467691000266,0.009736614046899798,0.030494807551956615,0.05091410471601669,0.12800021589065716,0.2187081519900275,0.09824639114770048,0.01423863562043518
0.7308621,0.03530072235671914,0.00977930397526638,0.030647179152943592,0.051002442200889085,0.1284093290617252,0.21808546914870228,0.09841824147774778,0.014279675654593784
0.7313276,0.03537496185687049,0.009822797338562637,0.0307989209909612,0.05109122169148142,0.12880979135617765,0.2174464393996619,0.09858152267027195,0.014320990522025552
0.7317931,0.03544717881590375,0.009867076463540228,0.030949991761084664,0.051180436684275694,0.12920147811300572,0.2167911752124921,0.0987361890642209,0.014362571030590956
0.7322586,0.03551736628271392,0.009912123611870296,0.031100350901617932,0.05127008011937356,0.12958426641504925,0.21611979282477747,0.09888219706408553,0.014404407863771437
0.7327241,0.035585517732147715,0.009957920985218718,0.03124995859223607,0.05136014438082208,0.12995803514068552,0.21543241220690917,0.09901950515639657,0.014446491583439308
0.7331897,0.03565162706641953,0.01000445073024973,0.03139877575191071,0.05145062129725428,0.130322665015127,0.21472915702524745,0.09914807392551357,0.014488812632649964
0.7336552,0.035715688616435606,0.01005169494355621,0.0315467640366239,0.051541502142845294,0.13067803866129776,0.21401015460367034,0.09926786606869488,0.014531361338454233
0.7341207,0.03577769714302457,0.010099635676514793,0.03169388583687613,0.051632777638584794,0.13102404065025947,0.2132755358835395,0.09937884641043741,0.014574127914728749
0.7345862,0.03583764783807235,0.010148254940064019,0.03184010427499443,0.05172443795386607,0.13136055755115839,0.21252543538211224,0.09948098191607631,0.014617102465022314
0.7350517,0.03589553632555983,0.010197534709403658,0.03198538320224696,0.05181647270839236,0.1316874779806656,0.21175999114942753,0.09957424170463562,0.014660274985416347
0.7355172,0.03595135866250135,0.010247456928613376,0.03212968719577037,0.05190887097440059,0.1320046926518824,0.2109793447236935,0.09965859706092221,0.014703635367397624
0.7359828,0.036005111339782424,0.010298003515188944,0.03227298155531654,0.05200162127920254,0.132312094422683,0.210183641085203,0.09973402144685585,0.014747173400741668
0.7364483,0.03605679128289498,0.010349156364494315,0.032415232299825084,0.052094711608043444,0.13260957834346707,0.20937302860880377,0.09980049051202951,0.014790878776405166
0.7369138,0.036106395852568446,0.010400897354127959,0.03255640616382797,0.0521881294072777,0.13289704170429328,0.20854765901495048,0.09985798210349414,0.01483474108942601
0.7373793,0.036153922845295026,0.010453208348201959,0.032696470593692364,0.05228186158786114,0.13317438408136636,0.20770768731936473,0.09990647627476301,0.014878749841829603
0.7378448,0.03619937049374762,0.010506071201532581,0.03283539374370772,0.05237589452915937,0.13344150738284793,0.20685327178133198,0.09994595529403127,0.014922894445540152
0.7383103,0.036242737467088705,0.010559467763741132,0.03297314447202289,0.05247021408307113,0.13369831589396108,0.20598457385066357,0.09997640365160639,0.014967164225295834
0.7387759,0.036284022871168886,0.010613379883264162,0.03310969233643902,0.052564805578465754,0.1339447163213588,0.20510175811335485,0.09999780806654482,0.015011548421566647
0.7392414,0.036323226248614206,0.01066778941127224,0.03324500759006391,0.05265965382593336,0.1341806178367242,0.2042049922359703,0.1000101574924906,0.015056036193473841
0.7397069,0.036360347578801674,0.010722678205496697,0.033379061176833535,0.0527547431228463,0.13440593211957086,0.20329444690878948,0.10001344312271139,0.015100616621709747
0.7401724,0.036395387277723144,0.010778028133963957,0.0335118247269065,0.052850057258730015,0.13462057339920988,0.20237029578774854,0.10000765839432707,0.015145278711456768
0.7406379,0.036428346197737924,0.010833821078637241,0.03364327055193692,0.052945579520940936,0.1348244584958498,0.20143271543521277,0.09999279899172749,0.015190011395304215
0.7411034,0.03645922562721482,0.010890038938965663,0.03377337164023138,0.05304129270064911,0.13501750686079425,0.20048188525961727,0.09996886284917601,0.015234803536161598
0.741569,0.03648802729006422,0.010946663635340791,0.03390210165179541,0.053137179099122515,0.13519964061570172,0.19951798745401422,0.09993585015259705,0.015279643930166892
0.7420345,0.0365147533451609,0.011003677112461006,0.03402943491327468,0.05323322053430978,0.13537078459087162,0.19854120693356533,0.09989376334054688,0.01532452130958827
0.7425,0.036539406385657815,0.011061061342604026,0.03415534641279577,0.05332939834771764,0.1355308663625197,0.19755173127201947,0.09984260710436821,0.01536942434571785
0.7429655,0.036561989438191236,0.011118798328808015,0.034279811794711366,0.053425693411579295,0.13567981628900666,0.19654975063721594,0.09978238838753063,0.015414341651755918
0.743431,0.03658250596197696,0.011176870107961746,0.03440280735425409,0.05352208613630912,0.13581756754598473,0.1955354577256549,0.09971311638415942,0.015459261785684238
0.7438966,0.03660095984779745,0.0112352587538043,0.03452431003210331,0.05361855647823934,0.135944056160428,0.19450904769617627,0.09963480253675583,0.015504173253127059
0.7443621,0.03661735541687966,0.011293946379834689,0.03464429740886862,0.05371508394763364,0.13605922104351387,0.19347071810278996,0.09954746053311252,0.015549064510198567
0.7448276,0.03663169741966282,0.0113529151421317,0.03476274769949382,0.05381164761697265,0.1361630040223236,0.1924206688267005,0.09945110630242733,0.015593923966335648
0.7452931,0.036643991034456085,0.011412147242084326,0.0348796397475847,0.05390822612950604,0.1362553498703306,0.19135910200756956,0.09934575801061805,0.015638739987115045
0.7457586,0.03665424186598528,0.011471624929032987,0.03499495301966386,0.054004797708066085,0.13633620633664417,0.19028622197405978,0.09923143605484058,0.015683500897054094
0.7462241,0.03666245594382867,0.011531330502821846,0.035108667599355534,0.05410134016413758,0.13640552417397683,0.18920223517370455,0.09910816305721237,0.01572819498239454
0.7466897,0.036668639720741705,0.011591246316262458,0.03522076418150297,0.05419783090717929,0.1364632571653027,0.18810735010214885,0.09897596385774256,0.015772810493869187
0.7471552,0.03667280007087101,0.011651354777509115,0.03533122406622097,0.05429424695419256,0.1365093621491734,0.1870017772318065,0.09883486550647014,0.0158173356494514
0.7476207,0.03667494428785821,0.01171163835234629,0.03544002915288555,0.05439056493953307,0.1365437990436591,0.18588572893998065,0.09868489725481198,0.01586175863708786
0.7480862,0.036675080082834544,0.011772079566388744,0.035547161934062696,0.05448676112496186,0.13656653086888187,0.18475941943649324,0.09852609054612166,0.015906067617415132
0.7485517,0.03667321558230722,0.011832661007195058,0.03565260548937778,0.05458281140993219,0.13657752376810947,0.18362306469087186,0.09835847900546135,0.015950250726461085
0.7490172,0.03666935932593893,0.01189336532629543,0.03575634347932703,0.05467869134210844,0.13657674702737901,0.18247688235914072,0.09818209842858899,0.01599429607833207
0.7494828,0.03666352026422177,0.011954175241134873,0.03585836013903238,0.054774376128113256,0.13656417309362054,0.1813210917102636,0.09799698677016284,0.016038191767887226
0.7499483,0.03665570775604704,0.01201507353693311,0.03595864027194049,0.05486984064449846,0.13653977759125235,0.18015591355228586,0.09780318413116687,0.01608192587340108
0.7504138,0.0366459315661724,0.012076043068462633,0.036057169243466906,0.05496505944893532,0.13650353933722176,0.17898157015822186,0.09760073274556079,0.016125486459215806
0.7508793,0.036634201862587805,0.012137066761746675,0.03615393297458581,0.05506000679161894,0.1364554403544681,0.17779828519173305,0.09738967696615958,0.016168861578384378
0.7513448,0.036620529213781894,0.012198127615678971,0.03624891793536592,0.05515465662688119,0.1363954658837879,0.17660628363264216,0.0971700632497478,0.01621203927530594
0.7518103,0.03660492458591038,0.012259208703567379,0.036342111138453044,0.05524898262500637,0.13632360439408556,0.17540579170232767,0.09694194014143556,0.01625500758835453
0.7522759,0.03658739933986837,0.01232029317460357,0.036433500132499685,0.055342958184243236,0.1362398475909975,0.1741970367890413,0.09670535825826325,0.01629775455250238
0.7527414,0.03656796522826868,0.012381364255261115,0.03652307299554247,0.0554365564430066,0.1361441904238809,0.17298024737319123,0.09646037027206406,0.01634026820193875
0.7532069,0.03654663439232838,0.012442405250624313,0.036610818328327965,0.05552975029226147,0.13603663109116299,0.17175565295263212,0.09620703089159346,0.016382536572685267
0.7536724,0.03652341935866576,0.01250339954565018,0.036696725247587915,0.05562251238808235,0.1359171710440501,0.17052348396800235,0.0959453968439362,0.01642454770520851
0.7541379,0.03649833303601023,0.012564330606365985,0.03678078337926455,0.05571481516438013,0.13578581498860023,0.16928397172814688,0.09567552685520218,0.01646628964703051
0.7546034,0.03647138871182758,0.01262518198100475,0.036862982851686654,0.055806630845788706,0.13564257088616566,0.1680373483356637,0.09539748163052367,0.016507750455337783
0.755069,0.036442600048863,0.012685937301081045,0.03694331428869714,0.05589793146070389,0.13548744995221543,0.1667838466126094,0.09511132383336676,0.01654891819958928
0.7555345,0.03641198108160434,0.012746580282409487,0.03702176880273263,0.055988688854466846,0.13532046665354983,0.16552370002639874,0.09481711806417134,0.016589780964123637
0.756,0.03637954621266797,0.012807094726068257,0.03709833798785625,0.05607887470268484,0.1351416387039213,0.16425714261593233,0.09451493083833394,0.01663032685076603
0.7564655,0.036345310209109624,0.012867464519309965,0.0371730139127453,0.056168460524681774,0.1349509870580762,0.16298440891798496,0.09420483056354924,0.016670543981434745
0.756931,0.036309288198662144,0.012927673636422199,0.03724578911363603,0.05625741769707134,0.13474853590423375,0.1617057338938872,0.09388688751652592,0.016710420500747707
0.7573966,0.036271495665902355,0.012987706139540032,0.037316656587228804,0.05634571746744551,0.13453431265501706,0.16042135285653195,0.09356117381909344,0.01674994457862908
0.7578621,0.036231948448348796,0.013047546179412723,0.03738560978355733,0.05643333096817105,0.13430834793685165,0.15913150139773696,0.09322776341371691,0.016789104412916034
0.7583276,0.03619066273249223,0.013107177996126847,0.037452642598826316,0.05652022923028651,0.1340706755778451,0.1578364153159949,0.09288673203843748,0.01682788823196579
0.7587931,0.036147655049760606,0.013166585919788,0.037517749368222,0.05660638319749228,0.13382133259416176,0.15653633054464128,0.09253815720125597,0.016866284297263136
0.7592586,0.03610294227241995,0.013225754371163145,0.03758092485870048,0.05669176374022569,0.13356035917490514,0.15523148308047066,0.09218211815397795,0.01690428090602849
0.7597241,0.03605654160941297,0.013284667862285571,0.03764216426175887,0.05677634166981313,0.1332877986655213,0.15392210891283162,0.09181869586553812,0.016941866393826697
0.7601897,0.036008470602136904,0.013343310997024401,0.03770146318619438,0.056860087752690996,0.13300369754973598,0.15260844395322906,0.09144797299482216,0.016979029137176797
0.7606552,0.035958747120162234,0.013401668471620443,0.03775881765085662,0.056942972724687076,0.13270810543003975,0.15129072396546286,0.09107003386300415,0.017015757556162983
0.7611207,0.03590738935689381,0.013459725075190186,0.03781422407739824,0.05702496730535332,0.13240107500673556,0.14996918449633026,0.0906849644254171,0.017052040117047067
0.7615862,0.03585441582517579,0.013517465690199695,0.037867679283029115,0.057106042212341106,0.13208266205556468,0.1486440608069182,0.09029285224297413,0.017087865334882806
0.7620517,0.03579984535284155,0.013574875292910139,0.03791918047327926,0.05718616817580953,0.13175292540392783,0.1473155878045113,0.08989378645315707,0.01712322177613241
0.7625172,0.03574369707820982,0.01363193895379673,0.03796872523477559,0.05726531595285707,0.13141192690571954,0.14598399997513967,0.08948785774058836,0.01715809806128561
0.7629828,0.03568599044552785,0.013688641837942859,0.0380163115280376,0.05734345634196649,0.13105973141479565,0.14464953131678987,0.08907515830720222,0.017192482867481727
0.7634483,0.03562674520036239,0.013744969205411257,0.03806193768029696,0.05742056019745246,0.13069640675709465,0.14331241527330055,0.08865578184202982,0.017226364931135028
0.7639138,0.03556598138493879,0.013800906411594125,0.03810560237834596,0.05749659844390111,0.13032202370143495,0.14197288466896427,0.08822982349061317,0.01725973305056379
0.7643793,0.03550371933342872,0.013856438907544179,0.03814730466141926,0.05757154209059033,0.12993665592901174,0.14063117164385475,0.08779737982406202,0.017292576088623408
0.7648448,0.03543997966718636,0.013911552240288588,0.03818704391411351,0.05764536224587916,0.12954038000161805,0.1392875075898993,0.08735854880776762,0.017324882975343823
0.7653103,0.03537478328993342,0.013966232053127949,0.03822481985934897,0.05771803013155453,0.1291332753286158,0.13794212308771425,0.0869134297697873,0.01735664271057152
0.7657759,0.03530815138289277,0.014020464085922333,0.038260632551377106,0.05778951709712303,0.12871542413268452,0.13659524784422128,0.08646212336891375,0.01738784436661629
0.7662414,0.03524010539987063,0.01407423417536651,0.03829448236883812,0.05785979463403538,0.12828691141437634,0.13524711063106057,0.08600473156244284,0.017418477090902832
0.7667069,0.035170667062287275,0.014127528255256457,0.03832637000787194,0.057928834389830444,0.12784782491550686,0.1338979392238166,0.08554135757365393,0.017448530108627222
0.7671724,0.03509985835415603,0.014180332356749255,0.038356296475286634,0.05799660818218581,0.1273982550814135,0.13254796034207106,0.08507210585901631,0.01747799272541805
0.7676379,0.035027701517010235,0.014232632608618463,0.0383842630817876,0.05806308801286119,0.1269382950221128,0.13119739959029655,0.08459708207513687,0.01750685433000213
0.7681034,0.034954219044777836,0.014284415237507083,0.03841027143527124,0.058128246081520465,0.1264680404723896,0.1298464813996037,0.08411639304546303,0.017535104396874356
0.768569,0.03487943367860299,0.014335666568180165,0.03843432343418666,0.05819205479941814,0.12598758975085256,0.12849542897035335,0.08363014672675612,0.017562732488971285
0.7690345,0.034803368401614014,0.014386373023779141,0.03845642126096887,0.0582544868029353,0.12549704371798986,0.1271444642156447,0.08313845217535025,0.017589728260347846
0.7695,0.034726046433636755,0.014436521126079918,0.03847656737554696,0.0583155149669502,0.12499650573326125,0.12579380770568926,0.08264141951321237,0.017616081458856517
0.7699655,0.03464749122585209,0.014486097495756727,0.03849476450893061,0.05837511241802818,0.12448608161126214,0.12444367861307995,0.0821391598938192,0.01764178192882807
0.770431,0.03456772645539645,0.014535088852653701,0.03851101565687832,0.0584332525474159,0.12396587957699674,0.123094294658964,0.08163178546786762,0.017666819613753028
0.7708966,0.03448677601990362,0.01458348201606604,0.03852532407365065,0.058489909023825004,0.12343601022029713,0.12174587206012714,0.08111940934883488,0.01769118455896287
0.7713621,0.03440466403198631,0.014631263905032516,0.03853769326585171,0.05854505580599118,0.12289658644942576,0.12039862547699645,0.08060214557840578,0.017714866914309964
0.7718276,0.03432141481365581,0.014678421538640985,0.03854812698636199,0.05859866715499554,0.12234772344389892,0.1190527679625688,0.08008010909178356,0.017737856936845365
0.7722931,0.03423705289067804,0.014724942036348415,0.03855662922836571,0.05865071764633597,0.12178953860656773,0.11770851091227208,0.07955341568290217,0.01776014499349352
0.7727586,0.03415160298686476,0.014770812618316906,0.03856320421947577,0.05870118218173783,0.12122215151499395,0.11636606401476628,0.07902218196955713,0.01778172156372299
0.7732241,0.03406509001829841,0.014816020605766932,0.03856785641595933,0.05875003600069371,0.12064568387215659,0.11502563520369226,0.07848652535847246,0.0178025772422123
0.7736897,0.033977539087489475,0.014860553421349048,0.038570590497067035,0.058797254691723554,0.1200602594565248,0.11368743061037603,0.07794656401032093,0.017822702741509877
0.7741552,0.033888975477465014,0.014904398589535113,0.038571411359468566,0.05884281420334723,0.11946600407153266,0.11235165451749698,0.07740241680471512,0.017842088894687087
0.7746207,0.033799424645787245,0.014947543737030049,0.03857032411179713,0.0588866908547623,0.11886304549448998,0.11101850931372799,0.07685420330518662,0.0178607266579833
0.7750862,0.033708912218500975,0.014989976593205011,0.03856733406930514,0.058928861346221134,0.11825151342496344,0.10968819544935572,0.07630204372417122,0.017878607113441792
0.7755517,0.03361746398400896,0.015031684990552806,0.03856244674863296,0.05896930276910165,0.11763153943266123,0.10836091139288848,0.07574605888801733,0.01789572147153531
0.7760172,0.033525105886874504,0.015072656865166283,0.038555667862692496,0.05900799261566701,0.11700325690485369,0.10703685358865876,0.07518637020203545,0.01791206107378008
0.7764828,0.033431864021551,0.01511288025724043,0.038547003315666906,0.05904490878850995,0.11636680099336176,0.10571621641542761,0.07462309961560573,0.017927617395336985
0.7769483,0.033337764626038276,0.015152343311598869,0.03853645919812763,0.05908002960967778,0.11572230856114389,0.10439919214599673,0.07405636958736045,0.017942382047598706
0.7774138,0.03324283407546604,0.015191034278245358,0.038524041782269446,0.05911333382947418,0.11506991812851167,0.10308597090783418,0.07348630305045768,0.017956346780761433
0.7778793,0.033147098875605185,0.015228941512940977,0.038509757517264,0.05914480063493422,0.114409769819004,0.10177674064471913,0.07291302337796245,0.017969503486379913
0.7783448,0.03305058565630731,0.015266053477807502,0.038493613024732004,0.059174409657969156,0.1137420053049487,0.10047168707941029,0.07233665434835039,0.017981844199904423
0.7788103,0.03295332116487319,0.01530235874195757,0.03847561509433414,0.059202140983177456,0.11306676775274052,0.09917099367734254,0.07175732011114912,0.017993361103198185
0.7792759,0.03285533225935063,0.01533784598215217,0.03845577067948033,0.05922797515531835,0.11238420176786418,0.09787484161135605,0.07117514515273143,0.018004046527033787
0.7797414,0.032756645901761874,0.015372503983486026,0.03843408689315686,0.05925189318644418,0.11169445333969036,0.09658340972746188,0.07059025426227428,0.018013892953566948
0.7802069,0.032657289151260836,0.015406321640101472,0.038410571003870624,0.05927387656268743,0.1109976697860729,0.09529687451164766,0.07000277249789666,0.018022893018785985
0.7806724,0.03255728915722052,0.015439287955931306,0.03838523043170975,0.05929390725069804,0.11029399969777491,0.09401541005772672,0.06941282515298931,0.018031039514935145
0.7811379,0.03245667315225113,0.01547139204547129,0.03835807274451941,0.059311967703726744,0.10958359288275177,0.09273918803623364,0.06882053772274914,0.018038325392909862
0.7816034,0.03235546844514961,0.015502623134582795,0.03832910565419202,0.05932804086735064,0.10886660031031871,0.0914683776643686,0.06822603587093051,0.01804474376462187
0.782069,0.032253702413781546,0.01553297056132608,0.038298337013070734,0.05934211018483833,0.10814317405523124,0.09020314567699232,0.0676294453968259,0.018050287905332005
0.7825345,0.032151402497896865,0.015562423776824631,0.03826577481046545,0.05935415960215319,0.10741346724170649,0.08894365629867287,0.06703089220248762,0.018054951255948352
0.783,0.032048596191880885,0.015590972346160787,0.03823142716928068,0.05936417357259516,0.10667763398741298,0.08769007121678503,0.06643050226020239,0.0180587274252875
0.7834655,0.03194531103744269,0.015618605949302903,0.03819530234275481,0.05937213706108278,0.10593582934745732,0.08644254955566241,0.06582840158022996,0.01806161019229653
0.783931,0.03184157461624351,0.015645314382064134,0.03815740871131064,0.05937803554807859,0.10518820925839513,0.08520124785180225,0.06522471617881652,0.0180635935082334
0.7843966,0.03173741454246808,0.01567108755709287,0.038117754779517225,0.05938185503316135,0.1044349304822934,0.08396632003012211,0.06461957204649336,0.018064671498803437
0.7848621,0.031632858455342826,0.015695915504894725,0.038076349173163354,0.05938358203824969,0.10367615055087147,0.08273791738126769,0.06401309511667082,0.01806483846624985
0.7853276,0.031527934011605,0.015719788374885975,0.03803320063644312,0.05938320361048176,0.10291202770974678,0.08151618853997017,0.0634054112345369,0.018064088891396102
0.7857931,0.03142266887792741,0.01574269643647817,0.03798831802925409,0.059380707324756206,0.10214272086281105,0.08030127946445124,0.06279664612626994,0.018062417435638255
0.7862586,0.03131709072330335,0.015764630080193652,0.03794171032460877,0.05937608128593999,0.10136838951676211,0.07909333341687301,0.06218692536857374,0.01805981894288549
0.7867241,0.031211227211396547,0.015785579818811516,0.037893386606159644,0.059369314130748675,0.10058919372581615,0.07789249094482942,0.06157637435854394,0.018056288441447087
0.7871897,0.03110510599286077,0.015805536288543556,0.03784335606583843,0.059360395029305256,0.09980529403662433,0.0766988898638756,0.06096511828387335,0.018051821145864354
0.7876552,0.030998754697633447,0.01582449025023962,0.03779162800160939,0.05934931368638358,0.09901685143341725,0.07551266524109014,0.0603532820934042,0.018046412458686083
0.7881207,0.030892200927207732,0.015842432590621732,0.03773821181533671,0.05933606034234237,0.0982240272834002,0.074333949379665,0.05974099046803467,0.01804005797218625
0.7885862,0.030785472246887154,0.01585935432354622,0.03768311701076532,0.05932062577375536,0.09742698328242132,0.07316287180451747,0.05912836779198654,0.018032753470022797
0.7890517,0.03067859617802683,0.015875246591293166,0.03762635319161445,0.05930300129374298,0.09662588140093464,0.07199955924891754,0.05851553812444112,0.018024494928836392
0.7895172,0.030571600190265072,0.015890100665882385,0.037567930059782866,0.059283178752010425,0.0958208838302792,0.07084413564212387,0.05790262517154928,0.018015278519788163
0.7899828,0.03046451169374908,0.01590390795041524,0.037507857413664636,0.05926115053459661,0.09501215292929424,0.06969672209802064,0.05728975225882169,0.018005100610035372
0.7904483,0.030357358031358028,0.015916659980441623,0.037446145146573837,0.059236909563338366,0.09419985117129075,0.06855743690474767,0.05667704230390484,0.01799395776414411
0.7909138,0.030250166470926872,0.01592834842535151,0.03738280324527662,0.05921044929505375,0.09338414109139888,0.06742639551531539,0.056064617789747806,0.017981846745438013
0.7913793,0.030142964197473848,0.015938965089790598,0.03731784178862879,0.05918176372044863,0.0925651852343096,0.06630371053919606,0.05545260073816472,0.017968764517282063
0.7918448,0.030035778305434625,0.015948501915099594,0.03725127094631688,0.05915084736275124,0.09174314610242928,0.06518949173488234,0.05484111268379751,0.017954708244300416
0.7923103,0.029928635790905933,0.01595695098077691,0.03718310097770053,0.05911769527608013,0.09091818610446502,0.06408384600340393,0.05423027464848321,0.01793967529352716
0.7927759,0.029821563543901208,0.015964304505964592,0.037113342230753764,0.05908230304355178,0.09009046750445793,0.06298687738279318,0.053620207116029904,0.01792366323548883
0.7932414,0.029714588340620775,0.015970554850957438,0.03704200514110261,0.059044666775134896,0.0892601523712815,0.0618986870434897,0.05301103000740514,0.01790666984521739
0.7937069,0.02960773683573875,0.015975694518735397,0.036969100231156,0.05900478310525858,0.08842740252862151,0.060819373284674474,0.05240286265634035,0.017888693103192303
0.7941724,0.029501035554708743,0.015979716156519507,0.036894638109326826,0.05896264919018189,0.08759237950545382,0.05974903153152351,0.05179582378535492,0.01786973119621014
0.7946379,0.029394510886090096,0.01598261255735164,0.03681862946933967,0.05891826270513204,0.08675524448703552,0.05868775433337097,0.05119003148220278,0.017849782518180188
0.7951034,0.029288189073896586,0.015984376661698503,0.036741085089621484,0.05887162184121844,0.08591615826642472,0.05763563136277192,0.050585603176744626,0.017828845670844442
0.795569,0.029182096209969244,0.015985001559080288,0.03666201583277107,0.05882272530212951,0.08507528119654421,0.0565927494154545,0.04998265561824831,0.017806919464420565
0.7960345,0.02907625822637511,0.015984480489724538,0.036581432645103155,0.05877157230061879,0.08423277314280328,0.05555919241115151,0.04938130485311989,0.017784002918166272
0.7965,0.02897070088783369,0.015982806846245656,0.03649934655626254,0.05871816255478637,0.08338879343629185,0.05453504139530102,0.04878166620306748,0.01776009526086392
0.7969655,0.02886544978417275,0.015979974175350617,0.03641576867890348,0.058662496284161356,0.08254350082756046,0.05352037454160618,0.04818385424369981,0.01773519593122411
0.797431,0.028760530322815094,0.0159759761795713,0.0363307102084296,0.05860457420559064,0.08169705344099941,0.05251526715544378,0.04758798278356087,0.01770930457820735
0.7978966,0.02865596772129785,0.015970806719023886,0.03624418242278914,0.05854439752893862,0.08084960872983005,0.05151979167811142,0.04699416484360216,0.017682421061262988
0.7983621,0.028551786999825735,0.01596445981319558,0.036156196682320646,0.058481967952602215,0.08000132343172071,0.050534017691903035,0.04640251263709334,0.017654545450484865
0.7988276,0.028448012973859932,0.01595692964275894,0.03606676442964427,0.05841728765884516,0.07915235352503937,0.049558011926002496,0.04581313754997221,0.017625678026683276
0.7992931,0.0283446702467441,0.01594821055141382,0.035975897189594035,0.05835035930895555,0.07830285418575458,0.04859183826318488,0.04522615012163429,0.017595819281373198
0.7997586,0.028241783202369385,0.015938297047756962,0.03588360656918688,0.05828118603823038,0.07745297974499628,0.04763555774731506,0.04464166002616241,0.01756496991667877
0.8002241,0.0281393759978803,0.015927183807179085,0.03578990425762463,0.05820977145079084,0.07660288364728671,0.046689228591632936,0.04405977605399604,0.01753313084515434
0.8006897,0.028037472556423543,0.015914865673789275,0.03569480202632516,0.05813611961423244,0.07575271840945212,0.04575290618781492,0.04348060609404038,0.0175003031895225
0.8011552,0.027936096559942173,0.015901337662366337,0.03559831172897924,0.05806023505411397,0.07490263558022452,0.04482664311580069,0.04290425711621468,0.017466488282329776
0.8016207,0.027835271442017615,0.015886594960336717,0.035500445301629636,0.057982122748289296,0.07405278570054274,0.043910489154374684,0.04233083515443906,0.017431687665520758
0.8020862,0.02773502038076228,0.01587063292977844,0.03540121476276918,0.0579017881210863,0.07320331826456121,0.04300449129249119,0.041760445290059046,0.017395903089931598
0.8025517,0.027635366291765683,0.015853447109450414,0.03530063221345441,0.0578192370373371,0.07235438168137409,0.042108693741332026,0.04119319163570653,0.01735913651470395
0.8030172,0.027536331821096955,0.01583503321684636,0.03519870983743161,0.057734475796263396,0.07150612323746211,0.04122313794708555,0.04062917731959584,0.01732139010662058
0.8034828,0.027437939338366718,0.01581538715027251,0.035095459901272066,0.057647511125220964,0.07065868905986877,0.04034786260443554,0.04006850447025303,0.017282666239363934
0.8039483,0.02734021092985119,0.01579450499094811,0.03499089475451348,0.05755835017330693,0.06981222408011195,0.03948290367074823,0.03951127420167625,0.017242967492699
0.8044138,0.027243168391681404,0.015772383005127698,0.0348850268298044,0.05746700050483361,0.06896687199883636,0.038628294380945546,0.038957586598924794,0.01720229665158186
0.8048793,0.027146833223100582,0.015749017646244104,0.03477786864304873,0.057373470092672525,0.06812277525121171,0.037784065263052585,0.03840754070413395,0.017160656705195322
0.8053448,0.027051226619792645,0.015724405557070966,0.0346694327935474,0.057277767311472855,0.06728007497308089,0.03695024415440674,0.03786123450295267,0.017118050845913006
0.8058103,0.02695636946728501,0.01569854357190357,0.034559731964134234,0.057179900930758636,0.06643891096786171,0.03612685621851617,0.03731876491140075,0.017074482468193146
0.8062759,0.026862282334429055,0.015671428718756743,0.03444877892130309,0.05707988010791004,0.06559942167420549,0.035313923962554714,0.036780227763142,0.017029955167403327
0.8067414,0.02676898546696171,0.015643058221578524,0.0343365865153233,0.05697771438103442,0.06476174413441485,0.03451146725548052,0.03624571779716969,0.016984472738577255
0.8072069,0.026676498781151803,0.015613429502478252,0.03422316768034017,0.05687341366173356,0.06392601396362312,0.03371950334676557,0.03571532864590033,0.016938039175104558
0.8076724,0.026584841857534822,0.015582540183967769,0.03410853543445714,0.05676698822777464,0.06309236531973668,0.03293804688572329,0.035189152823671924,0.01689065866735452
0.8081379,0.026494033934739716,0.015550388091214458,0.0339927028797961,0.05665844871567266,0.06226093087414184,0.032167109941421634,0.034667281715642616,0.01684233560123467
0.8086034,0.026404093903411304,0.015516971254304797,0.03387568320253209,0.0565478061131927,0.061431841783177045,0.03140670202316925,0.034149805567085724,0.016793074556684946
0.809069,0.02631504030023178,0.015482287910517183,0.03375748967289863,0.0564350717517799,0.06060522766037104,0.03065683010156263,0.03363681347307711,0.01674288030610839
0.8095345,0.026226891302044603,0.015446336506602784,0.03363813564515981,0.05632025729892541,0.05978121654944746,0.029917498630082112,0.033128393368570715,0.016691757812739186
0.81,0.02613966472008401,0.015409115701073185,0.03351763455754571,0.056203374750475654,0.058959934898096054,0.029188709567224986,0.03262463201885838,0.016639712228948958
0.8104655,0.026053377994313176,0.01537062436649371,0.03339599993214769,0.05608443642289218,0.058141507532510635,0.028470462399163544,0.032125615010409905,0.016586748894492208
0.810931,0.025968048187874057,0.015330861591781283,0.033273245374770714,0.05596345494546877,0.05732605763269376,0.027762754162916164,0.03163142674208996,0.01653287333469187
0.8113966,0.025883691981651726,0.015289826684505736,0.03314938457473976,0.055840443252512265,0.056513706708528025,0.02706557947001949,0.03114215041674811,0.01647809125856591
0.8118621,0.025800325668955973,0.015247519173193537,0.03302443130465776,0.0557154145754933,0.055704574576613756,0.026378930530689588,0.03065786803317844,0.01642240855689589
0.8123276,0.02571796515032296,0.015203938809633005,0.032898399420112474,0.055588382435172466,0.054898779337872856,0.025702797178460125,0.030178660378445583,0.01636583130023861
0.8127931,0.025636625928439735,0.015159085571180057,0.03277130285932971,0.05545936063370748,0.05409643735591847,0.025037166895285484,0.029704607020573755,0.016308365736881703
0.8132586,0.025556323103194462,0.015112959663063657,0.032643155642770615,0.05532836324674628,0.053297663236190215,0.024382024837096596,0.02923578630159614,0.016250018290744458
0.8137241,0.025477071366855352,0.015065561520690093,0.032513971872671334,0.055195404615510806,0.05250256980585459,0.023737353859797205,0.02877227533096197,0.016190795559224935
0.8141897,0.025398884999381147,0.01501689181194535,0.03238376573252389,0.05506049933887573,0.05171126809447013,0.023103134545688308,0.028314149979298826,0.01613070431099482
0.8146552,0.02532177786386616,0.014966951439494815,0.032252551486497964,0.05492366226544607,0.05092386731541674,0.02247934523030819,0.027861484872527716,0.01606975148374339
0.8151207,0.025245763402122666,0.014915741543079675,0.03212034347880347,0.05478490848563719,0.050140474848088736,0.021865962029675435,0.027414353386328295,0.01600794418187214
0.8155862,0.025170854630403524,0.014863263501809363,0.03198715613299424,0.0546442533237607,0.04936119622085097,0.021262958867921972,0.026972827640951613,0.015945289674141837
0.8160517,0.02509706413526775,0.014809518936449497,0.03185300395121283,0.0545017123301196,0.04858613509475721,0.020670307505303173,0.02653697849637757,0.015881795391273754
0.8165172,0.025024404069591805,0.014754509711704774,0.03171790151337648,0.05435730127311586,0.04781539324802973,0.020087977566571817,0.026106875547814237,0.015817468923506977
0.8169828,0.024952886148729158,0.01469823793849631,0.031581863476304116,0.054211036131374256,0.04704907056129921,0.019515936569702522,0.025682587121535934,0.015752318018113793
0.8174483,0.024882521646820664,0.014640705976232928,0.03144490457278395,0.05406293308588609,0.046287265003603334,0.018954149954953124,0.025264180271057073,0.015686350576875237
0.8179138,0.024813321393258248,0.014581916435075904,0.031307039610581365,0.05391300851217685,0.045530072619142825,0.01840258111424938,0.02485172077363858,0.015619574653518906
0.8183793,0.024745295769304357,0.014521872178196605,0.03116828347138639,0.053761278972502026,0.0447775875147931,0.017861191420879257,0.02444527312712371,0.015551998451121225
0.8188448,0.024678454704869603,0.014460576324026427,0.031028651109699844,0.053607761208075755,0.04402990184836989,0.017329940259483066,0.024044900547099953,0.015483630319476359
0.8193103,0.024612807675450897,0.014398032248498395,0.03088815755165736,0.05345247213133692,0.04328710581764687,0.01680878505632571,0.02365066496438382,0.015414478752433973
0.8197759,0.0245483636992325,0.014334243587279645,0.030746817893790003,0.05329542881825793,0.042549287650123,0.01629768130983744,0.023262627022825177,0.015344552385208045
0.8202414,0.024485131334352237,0.014269214237993974,0.03060464730172054,0.05313664850070129,0.04181653359353747,0.01579658262140966,0.02288084607742777,0.01527385999165892
0.8207069,0.024423118676335145,0.01420294836243351,0.030461661008794466,0.05297614855882921,0.041088927907129674,0.015305440726432583,0.022505380192782556,0.015202410481550788
0.8211724,0.02436233335569656,0.014135450388758415,0.03031787431464496,0.052813946513571894,0.04036655285364136,0.014824205525561506,0.02213628614181049,0.015130212897786694
0.8216379,0.024302782535716657,0.0140667250136835,0.030173302583691296,0.05265006001915981,0.03964948869205793,0.014352825116198765,0.021773619404811356,0.015057276413623213
0.8221034,0.02424447291038817,0.013996777204650486,0.030027961243570357,0.0524845068557256,0.03893781367108551,0.013891245824178403,0.021417434168815284,0.014983610329866783
0.822569,0.024187410702538846,0.013925612201984605,0.02988186578350123,0.052317304921980855,0.03823160402336011,0.013439412235640678,0.021067783327233486,0.014909224072053648
0.8230345,0.024131601662130155,0.01385323552103411,0.029735031752583036,0.05214847222797329,0.03753093396038487,0.01299726722908378,0.020724718479804876,0.014834127187615266
0.8235,0.024077051064733644,0.013779652954291283,0.029587474758026398,0.05197802688792941,0.03683587566819104,0.012564752007580234,0.020388289932835108,0.014758329343030924
0.8239655,0.02402376371018609,0.013704870573493426,0.029439210463319192,0.051805987113187554,0.03614649930371801,0.01214180613114582,0.020058546699724508,0.014681840320969235
0.824431,0.02397174392142482,0.013628894731702364,0.02929025458632744,0.05163237120522589,0.03546287299190738,0.011728367549249186,0.019735536501781177,0.014604670017420057
0.8248966,0.023920995543504082,0.013551732065360927,0.0291406228973324,0.05145719754878957,0.03478506282350582,0.011324372633450696,0.01941930576931551,0.014526828438818204
0.8253621,0.02387152194279357,0.013473389496324885,0.02899033121700516,0.05128048460512134,0.034113132853570996,0.010929756210159349,0.01910989964301214,0.014448325699160281
0.8258276,0.02382332600635982,0.013393874233868846,0.028839395414320262,0.05110225090529936,0.03344714510067484,0.010544451593497027,0.018807361975575292,0.014369172017115786
0.8262931,0.023776410141531357,0.013313193776664596,0.028687831404410058,0.05092251504368608,0.03278715954679787,0.010168390618259596,0.018511735333643347,0.014289377713133575
0.8267586,0.02373077627564795,0.013231355914730465,0.028535655146361756,0.05074129567149189,0.03213323413790817,0.009801503672964599,0.018223060999968423,0.014208953206544707
0.8272241,0.0236864258559946,0.013148368731350285,0.028382882640959492,0.05055861149045712,0.031485424785218326,0.009443719732975584,0.01794137897585679,0.014127909012662528
0.8276897,0.023643359849920383,0.013064240604960595,0.02822952992837394,0.050374481246655806,0.030843785367113307,0.009094966393693235,0.017666727983865836,0.014046255739880905
0.8281552,0.023601578745142304,0.01297898021100478,0.028075613085802135,0.050188923724424295,0.030208367731742028,0.008755169903803666,0.017399145470753448,0.013964004086771354
0.8286207,0.02356108255023396,0.012892596523752945,0.027921148225060363,0.05000195774041777,0.029579221700265074,0.008424255198574284,0.01713866761067556,0.01388116483917984
0.8290862,0.023521870795298938,0.012805098818086351,0.027766151490132954,0.04981360213779722,0.02895639507075072,0.008102145933187673,0.016885329308627683,0.013797748867323939
0.8295517,0.02348394253282838,0.012716496671245463,0.027610639054679795,0.049623875780549484,0.028339933622711158,0.007788764516103928,0.016639164204126176,0.01371376712289099
0.8300172,0.023447296338742173,0.012626799964540615,0.027454627119505654,0.04943279754794285,0.027729881122270567,0.007484032142441913,0.016400204675124975,0.013629230636137924
0.8304828,0.023411930313613043,0.01253601888502459,0.027298131909994555,0.04924038632912053,0.02712627932795644,0.007187868827369903,0.016168481842163605,0.013544150512993406
0.8309483,0.02337784208407243,0.012444163927126422,0.027141169673512804,0.04904666101783449,0.026529167997105252,0.006900193439496188,0.01594402557274227,0.013458537932162949
0.8314138,0.023345028804397108,0.012351245894245928,0.026983756676784484,0.04885164050732222,0.025938584892873345,0.006620923734250352,0.015726864485919843,0.013372404142237684
0.8318793,0.023313487158275286,0.012257275900308494,0.026825909203243757,0.04865534368532856,0.025354565791843683,0.006349976387246055,0.015517025957130509,0.01328576045880745
0.8323448,0.023283213360750774,0.012162265371279894,0.026667643550368346,0.04845778942927501,0.024777144492218888,0.006087267027616428,0.015314536123214859,0.013198618261578973
0.8328103,0.023254203160343923,0.012066226046640838,0.026508976026998986,0.048258996601578584,0.024206352822590746,0.005832710271313336,0.015119419887661033,0.013110988991499888
0.8332759,0.023226451841347914,0.011969169980821077,0.026349922950649605,0.048058984045122176,0.023642220651276077,0.005586219754361997,0.01493170092605159,0.013022884147889416
0.8337414,0.02319995422629899,0.011871109544592862,0.02619050064481299,0.047857770578878224,0.023084775896208744,0.005347708166062614,0.014751401691711578,0.012934315285576588
0.8342069,0.02317470467861924,0.011772057426423593,0.026030725436266677,0.04765537499368742,0.02253404453537743,0.005117087282130893,0.01457854342155323,0.012845294012046872
0.8346724,0.023150697105430443,0.011672026633787462,0.025870613652383485,0.047451816048194005,0.021990050617798487,0.004894267997769417,0.014413146142112645,0.012755831984598183
0.8351379,0.023127924960537345,0.011571030494435895,0.025710181618451088,0.04724711246493926,0.021452816275013203,0.0046791603606620245,0.01425522867577375,0.012665940907507264
0.8356034,0.023106381247578637,0.011469082657626571,0.025549445655004714,0.0470412829266148,0.020922361733098603,0.004471673603883429,0.014104808647174734,0.012575632529207474
0.836069,0.023086058523343753,0.011366197095310716,0.025388422075176893,0.04683434607247721,0.02039870532518079,0.004271716178716464,0.013961902489792186,0.01248491863947907
0.8365345,0.023066948901253465,0.011262388103278325,0.025227127182068036,0.0466263204949257,0.019881863504439753,0.004079195787369401,0.013826525452698036,0.012393811066653077
0.837,0.023049044055002025,0.011157670302260964,0.02506557726614142,0.04641722473624409,0.019371850857594596,0.003894019415585919,0.013698691607484388,0.01230232167482989
0.8374655,0.023032335222358487,0.011052058638991617,0.024903788602646002,0.046207077285508213,0.01886868011885802,0.003716093365140419,0.013578413855351228,0.01221046236111376
0.837931,0.02301681320912463,0.010945568387221015,0.024741777449070298,0.04599589657565976,0.018372362184348904,0.0035453232862114738,0.013465703934351954,0.012118245052864315
0.8383966,0.023002468393246805,0.010838215148689828,0.02457956004263038,0.045783700980747195,0.01788290612695183,0.003381614209626314,0.013360572426791515,0.012025681704966274
0.8388621,0.02298929072907895,0.01073001485405591,0.024417152597794863,0.0455705088133344,0.017400319211612527,0.003224870578969376,0.01326302876677197,0.011932784297118549
0.8393276,0.022977269751794028,0.010620983763775824,0.024254571303849573,0.04535633832207759,0.016924606911058123,0.003074996282548013,0.013173081247880079,0.011839564831143866
0.8397931,0.022966394581940927,0.010511138468939687,0.024091832322504374,0.04514120768947083,0.016455772921931344,0.002931894685208555,0.013090737031011476,0.011746035328320076
0.8402586,0.02295665393014389,0.010400495892058456,0.023928951785544557,0.04492513502976054,0.01599381918132783,0.0027954686599959374,0.013016002152325871,0.011652207826734286
0.8407241,0.022948036101941505,0.010289073287802665,0.02376594579252901,0.04470813838702869,0.015538745883725913,0.0026656206196501663,0.012948881531327627,0.011558094378660977
0.8411897,0.022940529002762087,0.01017688824369165,0.02360283040853732,0.04449023573344445,0.015090551498298374,0.0025422525479328797,0.012889378979066064,0.01146370704796515
0.8416552,0.02293412014303213,0.010063958680732349,0.02343962166196787,0.044271444967683454,0.014649232786595858,0.0024252660307772867,0.012837497206449654,0.01136905790753162
0.8421207,0.022928796643414576,0.009950302854006714,0.023276335542389053,0.04405178391351386,0.014214784820591816,0.0023145622872547842,0.012793237832668312,0.011274159036721425
0.8425862,0.02292454524017344,0.009835939353206926,0.023112987998445446,0.04383127031854781,0.013787201001078997,0.0022100422003515628,0.01275660139371786,0.011179022518856314
0.8430517,0.02292135229066142,0.009720887103117554,0.02294959493582104,0.04360992185315665,0.013366473076407714,0.0021116063475485935,0.01272758735102069,0.011083660438732131
0.8435172,0.022919203778927217,0.009605165364043915,0.022786172215261385,0.04338775610954802,0.01295259116155625,0.0020191550311984456,0.012706194100136502,0.010988084880161873
0.8439828,0.02291808532143931,0.009488793732185906,0.02262273565065661,0.04316479060100258,0.012545543757523894,0.0019325883086924835,0.012692418979557005,0.010892307923549104
0.8444483,0.022917982172922936,0.009371792139956613,0.02245930100718713,0.042941042761267804,0.012145317771037225,0.0018518060224120775,0.012686258279578295,0.0107963416434923
0.8449138,0.022918879232307003,0.009254180856245117,0.02229588399953376,0.04271652994410606,0.011751898534560384,0.0017767078294575627,0.012687707251244632,0.010700198106420646
0.8453793,0.02292076104877768,0.009135980486622884,0.022132500290153907,0.04249126942299397,0.011365269826600088,0.0017071932311487827,0.012696760115357184,0.010603889368261808
0.8458448,0.022923611827935314,0.009017211973493153,0.021969165487625238,0.04226527839096973,0.010985413892296209,0.0016431616022911705,0.012713410071541312,0.010507427472142065
0.8463103,0.022927415438051452,0.008897896596182793,0.021805895145058093,0.042038573960624846,0.010612311464288718,0.0015845122202014568,0.012737649307365807,0.010410824446119205
0.8467759,0.02293215541642304,0.008778055970976084,0.021642704758577866,0.04181117316423648,0.010245941783851784,0.0015311442934872346,0.012769469007507505,0.010314092300948591
0.8472414,0.022937814975821105,0.008657712051089811,0.021479609765878205,0.04158309295403675,0.009886282622285766,0.001482956990574756,0.01280885936295465,0.010217243027882754
0.8477069,0.022944377011031615,0.008536887126589067,0.0213166255448459,0.04135435020261497,0.009533310302557775,0.0014398494679794846,0.012855809580242357,0.010120288596504897
0.8481724,0.022951824105486504,0.008415603824243082,0.021153767412258013,0.041124961703449286,0.009186999721181421,0.001401720898314041,0.012910307890713681,0.010023240952596693
0.8486379,0.0229601385379832,0.008293885107320341,0.02099105062255177,0.04089494417156413,0.00884732437032636,0.0013684704980282865,0.012972341559799842,0.009926112016040737
0.8491034,0.02296930228949119,0.008171754275322218,0.02082849036666751,0.0406643142443104,0.00851425636014822,0.0013399975548763594,0.013041896896313259,0.009828913678758064
0.849569,0.022979297050043937,0.008049234963654278,0.020666101770964836,0.040433088482265254,0.008187766441329508,0.0013162014551055413,0.013118959261747169,0.00973165780268113
0.8500345,0.022990104225714826,0.007926351143234367,0.020503899896212013,0.040201283370248524,0.007867824027822138,0.0012969817103619151,0.013203513079575633,0.00963435621776274
0.8505,0.02300170494567542,0.007803127120036569,0.02034189973664833,0.03996891531845287,0.0075543972197822115,0.0012822379843078764,0.01329554184454792,0.009537020720021428
0.8509655,0.02301408006933442,0.007679587534570098,0.02018011621911914,0.0397360006636845,0.007247452826687779,0.0012718701189466713,0.013395028131971309,0.00943966306962382
0.851431,0.02302721019355545,0.007555757361292156,0.020018564202283106,0.03950255567071122,0.006946956390630296,0.001265778160649275,0.013501953606976489,0.009342294989004593
0.8518966,0.023041075659951872,0.007431661907953756,0.019857258475890937,0.03926859653371437,0.006652872209770651,0.001263862385879068,0.013616299033759724,0.009244928161024643
0.8523621,0.02305565656225663,0.007307326814877496,0.019696213760134924,0.03903413937784095,0.006365163361950748,0.0012660233266099151,0.013738044284795888,0.009147574227168075
0.8528276,0.023070932753765396,0.00718277805416621,0.0195354447050683,0.0387992002608523,0.006083791728451766,0.0012721617954334068,0.013867168350016477,0.009050244785778597
0.8532931,0.023086883854851407,0.00705804192884141,0.01937496589009353,0.03856379517486525,0.00580871801789036,0.0012821789103511486,0.014003649345946584,0.008952951390335896
0.8537586,0.023103489260550596,0.006933145071910351,0.019214791823518467,0.038327940048181686,0.005539901790244204,0.0012959761192481184,0.014147464524794836,0.008855705547772472
0.8542241,0.023120728148215808,0.006808114445360528,0.019054936942179437,0.03809165074720213,0.0052773014809982845,0.001313455224043264,0.014298590283490262,0.008758518716831403
0.8546897,0.0231385794852389,0.006682977339080355,0.018895415611130274,0.037854943078418885,0.005020874425403441,0.0013345184045137075,0.014457002172660162,0.0086614023064654
0.8551552,0.02315702203683956,0.00655776136970474,0.018736242123396335,0.03761783279048377,0.004770576882838585,0.001359068241789181,0.014622674905543216,0.00856436767427749
0.8556207,0.02317603437391949,0.006432494479384237,0.018577430699792657,0.037380335576345326,0.00452636406126808,0.001387007741513599,0.014795582366832183,0.008467426125003601
0.8560862,0.023195594880980525,0.006307204934476433,0.018418995488805483,0.037142467075450006,0.004288190141785744,0.0014182403566709273,0.014975697621440725,0.0083705889090373
0.8565517,0.023215681764105007,0.006181921324158223,0.018260950566536413,0.03690424287600191,0.0040560083032370065,0.001452670010072713,0.01516299292318894,0.008273867220996897
0.8570172,0.023236273058996705,0.006056672558957579,0.018103309936708434,0.036665678517274924,0.003829770746910815,0.0014902011165047534,0.015357439723402377,0.00817727219833509
0.8574828,0.02325734663908027,0.0059314878692034705,0.017946087530733134,0.0364267894919714,0.0036094287212929833,0.0015307386045304585,0.015559008679419391,0.008080814919991334
0.8579483,0.023278880223657098,0.0058063968033925445,0.01778929720783833,0.03618759124862133,0.003394932546872842,0.0015741879379485293,0.015767669663001853,0.007984506405087032
0.8584138,0.02330085138611524,0.0056814292264712185,0.017632952755255234,0.03594809919401584,0.003186231640995212,0.001620455136902655,0.01598339176864424,0.00788835761166367
0.8588793,0.023323237562190968,0.005556615318031804,0.017477067888464173,0.03570832869566912,0.0029832745427499354,0.0016694467986410322,0.016206143321776282,0.007792379435463885
0.8593448,0.0233460160582795,0.005431985570421338,0.017321656251497845,0.03546829508430265,0.002786008937891337,0.0017210701179236358,0.016435891886854227,0.007696582708755516
0.8598103,0.023369164059792166,0.005307570786761806,0.017166731417301007,0.03522801365634579,0.0025943816837800744,0.0017752329070753001,0.016672604275335984,0.007600978199198609
0.8602759,0.02339265863955732,0.005183402078880464,0.017012306888145375,0.03498749967644652,0.0024083388343398866,0.001831843615682824,0.01691624655353525,0.007505576608755357
0.8607414,0.02341647676626212,0.005059510865149034,0.016858396096098415,0.03474676837998606,0.0022278256650217665,0.0018908113499344903,0.017166784050349992,0.007410388572642945
0.8612069,0.023440595312932043,0.004935928868230585,0.016705012403544682,0.03450583497559088,0.0020527866977681016,0.0019520458916005702,0.01742418136486057,0.007315424658329235
0.8616724,0.02346499106544497,0.004812688112732983,0.016552169103758306,0.03426471464763528,0.0018831657259693135,0.002015457716653593,0.017688402373793273,0.007220695364571184
0.8621379,0.023489640731076292,0.00468982092276782,0.016399879421525224,0.03402342255872769,0.0017189058394055465,0.0020809580135273263,0.017959410238845328,0.007126211120495837
0.8626034,0.023514520947071495,0.004567359919413792,0.016248156513813727,0.033781973852173304,0.0015599494491659678,0.0021484587010135656,0.018237167413868074,0.007031982284723707
0.863069,0.023539608289242356,0.00444533801808354,0.016097013470491934,0.03354038365440586,0.0014062383125382847,0.002217872445795938,0.01852163565190564,0.006938019144534297
0.8635345,0.023564879280582776,0.004323788425793006,0.015946463315090767,0.03329866707738097,0.0012577135578611337,0.002289112679620066,0.018812776012086804,0.006844331915073487
0.864,0.02359031039990016,0.004202744638332336,0.01579651900561099,0.03305683922092346,0.0011143157093320521,0.002362093616099542,0.01911054886636829,0.0067509307386025025
0.8644655,0.023615878090458085,0.0040822404373374215,0.015647193435372794,0.03281491517502142,0.0009759847117638006,0.002436730267157347,0.019414913906128126,0.006657825683788132
0.864931,0.023641558768626055,0.003962309887261131,0.015498499433906405,0.03257291002205937,0.0008426599552818538,0.00251293845910247,0.019725830148608143,0.006565026745033841
0.8653966,0.02366732883253211,0.0038429873322432836,0.015350449767882163,0.03233083883898338,0.0007142802999559093,0.0025906348483416756,0.020043255943205322,0.006472543841851371
0.8658621,0.023693164670714174,0.0037243073928784117,0.01520305714207844,0.03208871669939113,0.0005907841003582988,0.0026697369367264605,0.020367148977612062,0.00638038681827237
0.8663276,0.023719042670766143,0.0036063049628803356,0.015056334200385754,0.031846558675540135,0.00047210923004222194,0.0027501630865354,0.020697466283805897,0.006288565442299591
0.8667931,0.023744939227974746,0.003489015205642584,0.014910293526845253,0.031604379840267746,0.000358193105932782,0.0028318325350921384,0.021034164243889424,0.006197089405397095
0.8672586,0.023770830753943376,0.0033724735506937037,0.01476494764671971,0.03136219526881696,0.00024897271262388105,0.0029146654090193565,0.021377198595781608,0.0061059683220188845
0.8677241,0.023796693685199197,0.003256715690046517,0.01462030902759506,0.03112002004056247,0.00014438462657411394,0.0029985827381290493,0.021726524438761913,0.006015211729175373
0.8681897,0.023822504491779802,0.0031417775744404107,0.014476390080510335,0.030877869240631725,4.43650401949025e-05,0.003083506468949482,0.022082096238868927,0.005924829086036969
0.8686552,0.023848239685795726,0.0030276954094757822,0.014333203161113842,0.030635757961416044,-5.115021417578602e-05,0.003169359477889168,0.02244386783415522,0.005834829773574073
0.8691207,0.023873875829965002,0.0029145056516397994,0.014190760570843316,0.03039370130396711,-0.00014222564042067905,0.003256065584038232,0.022811792439800173,0.005745223094232743
0.8695862,0.023899389546115927,0.0028022450042226718,0.014049074558127745,0.030151714379274632,-0.000228926054917825,0.0033435495616075265,0.02318582265308236,0.005656018271645211
0.8700517,0.023924757523654146,0.0026909504131236873,0.013908157319608533,0.02990981230942167,-0.0003113165629489141,0.0034317371520059077,0.02356591045821301,0.005567224450374461
0.8705172,0.02394995652798995,0.0025806590625463157,0.013768021001377645,0.0296680102286153,-0.0003894625352474836,0.003520555075556132,0.023952007231032142,0.005478850695692026
0.8709828,0.023974963408921624,0.002471408370581735,0.013628677700230398,0.02942632328409128,-0.0004634295846930779,0.0036099310428498853,0.024344063743568938,0.005390905993388199
0.8714483,0.02399975510897043,0.0023632359846801946,0.01349013946493052,0.02918476663689238,-0.0005332835431573164,0.0036997937657425404,0.02474203016846815,0.005303399249613799
0.8719138,0.02402430867166267,0.002256179777009694,0.013352418297485145,0.02894335546252043,-0.0005990904385076859,0.0037900729679883195,0.02514585608328447,0.005216339290752655
0.8723793,0.024048601249754227,0.002150277839701524,0.013215526154427492,0.028702104951462522,-0.0006609164717747167,0.0038806993955166438,0.02555549047464685,0.005129734863323958
0.8728448,0.02407261011339293,0.00204556847998227,0.013079474948104953,0.028461030309591958,-0.0007188279944880097,0.00397160482635054,0.02597088174229468,0.005043594633913621
0.8733103,0.024096312658214162,0.001942090215191933,0.012944276547970465,0.028220146758444378,-0.0007728914861863809,0.004062722080168112,0.026391977702987866,0.004957927189133752
0.8737759,0.02411968641336517,0.001839881767687867,0.01280994278187511,0.02797946953536979,-0.0008231735321071816,0.004153985027508184,0.02681872559429252,0.004872741035609317
0.8742414,0.02414270904945372,0.0017389820596342498,0.012676485437360002,0.027739013893561138,-0.0008697408010596841,0.004245328598621349,0.027251072078244072,0.004788044599991033
0.8747069,0.024165358386416622,0.001639430207676838,0.01254391626294563,0.02749879510196024,-0.0009126600234872772,0.004336688791967789,0.02768896324488956,0.004703846228993509
0.8751724,0.024187612401303838,0.0015412655175027646,0.01241224696941682,0.02725882844504164,-0.0009519979697231042,0.004428002682363332,0.028132344615710642,0.004620154189457603
0.8756379,0.024209449235973964,0.0014445274782851462,0.012281489231101523,0.027019129222475142,-0.0009878214284436654,0.004519208428775361,0.028581161146928998,0.004536976668435992
0.8761034,0.024230847204696787,0.0013492557570122686,0.012151654687141598,0.02677971274866738,-0.001020197185324774,0.004610245281770316,0.029035357232695545,0.004454321773300943
0.876569,0.024251784801658877,0.0012554901927011237,0.012022754942753747,0.026540594352183186,-0.0010491920019041017,0.00470105359061465,0.029494876708164915,0.004372197531873286
0.8770345,0.02427224070836806,0.001163270790495064,0.011894801570478777,0.02630178937504751,-0.0010748725946543936,0.004791574810031178,0.029959662852456485,0.0042906118925716726
0.8775,0.024292193800952596,0.0010726377156453472,0.01176780611141741,0.02606331317192911,-0.0010973056142713072,0.004881751506612838,0.03042965839150326,0.00420957272458121
0.8779655,0.02431162315735096,0.0009836312873763387,0.011641780076450765,0.025825181109207625,-0.0011165576251797322,0.004971527364895918,0.03090480550078972,0.004129087818040644
0.878431,0.024330508064388065,0.0008962919726341487,0.01151673494744373,0.025587408563925884,-0.001132695085262373,0.005060847193094804,0.03138504580797983,0.004049164884247282
0.8788966,0.024348828024734082,0.0008106603797184883,0.011392682178429307,0.02535001092262969,-0.0011457843258142989,0.005149656928500286,0.031870320395436205,0.003969811555878893
0.8793621,0.02436656276374212,0.000726777251797555,0.011269633196771942,0.025113003580097444,-0.001155891531727066,0.005237903642543502,0.03236056980263144,0.0038910353872318327
0.8798276,0.02438369223616137,0.0006446834603057897,0.0111475994043078,0.024876401937962228,-0.0011630827219059072,0.0053255355455275955,0.03285573402845253,0.003812843854474706
0.8802931,0.024400196632722655,0.0005644199982243898,0.011026592178459872,0.024640221403229523,-0.0011674237299233437,0.005412501991029156,0.03335575253339959,0.0037352443559168914
0.8807586,0.02441605638659349,0.00048602797324451556,0.010906622873325738,0.024404477386693924,-0.0011689801849124363,0.005498753479971569,0.03386056424168011,0.0036582442122912937
0.8812241,0.024431252179700165,0.0004095486008131859,0.010787702820735837,0.02416918530125854,-0.0011678174927027302,0.0055842416643724045,0.03437010754320057,0.0035818506670507273
0.8816897,0.024445764948914425,0.00033502319706191935,0.010669843331280102,0.0239343605601609,-0.0011640008172017842,0.005668919350767107,0.03488432029545775,0.003506070886677359
0.8821552,0.024459575892102504,0.0002624931716182455,0.010553055695300843,0.02370001857510922,-0.00115759506202499,0.005752740503311244,0.03540313982533252,0.0034309119610046635
0.8826207,0.024472666474034573,0.00019200002030027205,0.010437351183849745,0.02346617475433302,-0.0011486648523762015,0.005835660246563736,0.03592650293078928,0.0033563809035513487
0.8830862,0.02448501843215277,0.00012358531769456066,0.010322741049607,0.023232844500551884,-0.0011372745171815025,0.005917634867953518,0.036454345882484494,0.0032824846518667307
0.8835517,0.02449661378219625,5.729070961762165e-05,0.010209236527760514,0.023000043208866533,-0.00112348807147827,0.005998621819932183,0.036986604425287575,0.0032092300678870046
0.8840172,0.024507434823681964,-6.842094538601714e-06,0.010096848836843192,0.022767786264576075,-0.0011073691990615491,0.006078579721815221,0.03752321377971756,0.003136623938301857
0.8844828,0.024517464145239948,-6.877132957684234e-05,0.009985589179526294,0.02253608904092572,-0.0010889812353896311,0.00615746836131456,0.03806410864329898,0.003064672974930845
0.8849483,0.024526684629801867,-0.00012845518237975266,0.009875468743366766,0.022304966896788885,-0.0010683871507506586,0.006235248695765153,0.038609223191839966,0.002993383815108946
0.8854138,0.024535079459641652,-0.0001858517999097923,0.009766498701506457,0.02207443517428769,-0.001045649533692017,0.006311882853048387,0.03915849108063595,0.0029227630220806573
0.8858793,0.024542632121266932,-0.00024091929732324562,0.009658690213321053,0.02184450919635554,-0.0010208305747142303,0.006387334132215129,0.03971184544560201,0.00285281708540201
0.8863448,0.024549326410160027,-0.0002936157661978348,0.0095520544250165,0.021615204264245607,-0.0009939920502310205,0.006461567003811229,0.04026921890433668,0.0027835524213498408
0.8868103,0.02455514643536727,-0.0003438992828733716,0.009446602470170741,0.021386535654988582,-0.0009651953067971528,0.0065345471099082725,0.040830543557120194,0.002714975373337649
0.8872759,0.024560076623935553,-0.0003917279169048615,0.009342345470218562,0.021158518618803225,-0.0009345012456056345,0.006606241263842387,0.04139575098785004,0.0026470922123373567
0.8877414,0.024564101725195114,-0.000437059739627432,0.00923929453487748,0.02093116837646291,-0.0009019703072557951,0.006676617449663845,0.04196477226491682,0.002579909137306289
0.8882069,0.02456720681488778,-0.000479852832832404,0.009137460762512676,0.020704500116621373,-0.0008676624567937186,0.006745644821300181,0.04253753794202342,0.002513432275618684
0.8886724,0.02456937729914011,-0.0005200652975537568,0.009036855240439205,0.02047852899310067,-0.0008316371690264383,0.006813293701435534,0.043113978058950696,0.0024476676835010315
0.8891379,0.024570598918281204,-0.0005576552629641528,0.008937489045159803,0.02025327012214419,-0.0007939534141112469,0.006879535580108882,0.043694022142273824,0.0023826213464705343
0.8896034,0.02457085775050519,-0.0005925808953795914,0.008839373242536816,0.020028738579637495,-0.000754669643421402,0.006944343113033824,0.04427759920603397,0.002318299179775965
0.890069,0.0245701402153785,-0.0006248004073716607,0.008742518887896901,0.01980494939829953,-0.0007138437756894661,0.007007690119642575,0.044864637752371345,0.0022547070288401736
0.8905345,0.024568433077192295,-0.0006542720669862553,0.008646937026067295,0.01958191756484665,-0.0006715331834294604,0.007069551580856855,0.04545506577212649,0.00219185066970349
0.891,0.024565723448160468,-0.0006809542070675302,0.008552638691342516,0.019359658017131708,-0.0006277946796389447,0.007129903636588385,0.04604881074541762,0.002129735809467252
0.8914655,0.024561998791463736,-0.0007048052346857715,0.00845963490738045,0.0191381856412604,-0.0005826845047820472,0.007188723582971752,0.04664579964220215,0.002068368086736666
0.891931,0.02455724692414031,-0.0007257836406677689,0.008367936687026747,0.01891751526868676,-0.0005362583140543408,0.007245989869332466,0.04724595892283045,0.002007753072062213
0.8923966,0.024551456019823784,-0.0007438480092281833,0.008277555032066492,0.01869766167328966,-0.000488571164930328,0.007301682094893108,0.04784921453860032,0.0019478962683787784
0.8928621,0.02454461461132881,-0.0007589570277003087,0.008188500932902024,0.01847863956843207,-0.0004396775049941529,0.007355781005220457,0.04845549193232053,0.0018888031114416865
0.8933276,0.024536711593085087,-0.000771069496364535,0.008100785368155856,0.01826046360400447,-0.00038963116005402156,0.0074082684884166534,0.04906471603889206,0.0018304789702588084
0.8937931,0.024527736223420048,-0.0007801443383727402,0.00801441930419757,0.018043148363453897,-0.00033848532254070164,0.007459127571057388,0.04967681128591547,0.0017729291475179155
0.8942586,0.02451767812669071,-0.0007861406097667691,0.00792941369459367,0.017826708360799807,-0.00028629254019038516,0.007508342413880225,0.05029170159433295,0.0017161588800084775
0.8947241,0.0245065272952651,-0.0007890175095890934,0.007845779479479514,0.01761115803763788,-0.00023310470501213803,0.007555898307226141,0.05090931037911311,0.0016601733390371276
0.8951897,0.024494274091353675,-0.0007887343900837076,0.007763527584852574,0.017396511760132825,-0.00017897304254012832,0.007601781666237442,0.05152956054998663,0.0016049776308360774
0.8956552,0.024480909248691264,-0.0007852507669852812,0.007682668921786465,0.017182783816001135,-0.00012394810137079492,0.0076459800258151765,0.05215237451224033,0.0015505767969637844
0.8961207,0.024466423874070234,-0.0007785263298945539,0.007603214385565284,0.016969988411484768,-6.807974298508705e-05,0.007688482035339221,0.05277767416757704,0.0014969758146972172
0.8965862,0.024450809448725578,-0.0007685209527379317,0.007525174854737922,0.016758139668316685,-1.1417131855854183e-05,0.007729277453154174,0.053405380915048505,0.0014441795974150817
0.8970517,0.024434057829572805,-0.0007551947043092017,0.007448561190092025,0.016547251620679222,4.599127415960602e-05,0.0077683571408242,0.05403541565206805,0.0013921929949713625
0.8975172,0.024416161250299544,-0.0007385078588912293,0.007373384233547301,0.016337338212156147,0.00010409773314192886,0.00780571305715995,0.054667698775509754,0.0013410207940585473
0.8979828,0.02439711232231176,-0.0007184209069554466,0.00729965480696789,0.01612841329267931,0.00016285522814718468,0.007841338252020604,0.05530215018290059,0.001290667718559894
0.8984483,0.024376904035535392,-0.0006948945659368729,0.007227383710893467,0.01592049061547077,0.000222217475959796,0.007875226859894115,0.05593868927371176,0.001241138429890116
0.8989138,0.02435552975907421,-0.0006678897910823237,0.007156581723188736,0.015713583833981273,0.00028213893556124667,0.007907374093258585,0.05657723495075551,0.0011924375273238837
0.8993793,0.024332983241724563,-0.0006373677863693776,0.007087259597610941,0.015507706498825885,0.00034257481631502155,0.007937776235727745,0.057217705621693565,0.001144569548311566
0.8998448,0.024309258612347583,-0.0006032900154935751,0.007019428062294995,0.015302872054717776,0.0004034810858682567,0.007966430634983418,0.057860019200663276,0.0010975389687816557
0.9003103,0.024284350380099413,-0.0005656182129212275,0.006953097818155885,0.015099093837401087,0.0004648144777706087,0.007993335695497832,0.05850409311002768,0.001051350203429349
0.9007759,0.02425825343452006,-0.0005243143950051218,0.006888279537208005,0.014896385070583926,0.0005265324988108817,0.008018490871048627,0.059149844282255476,0.0010060076059907705
0.9012414,0.02423096304548148,-0.00047934087116031167,0.006824983860801191,0.014694758862872609,0.0005885934360719863,0.008041896657029429,0.05979718916193702,0.00096151546950235
0.9017069,0.02420247486299552,-0.00043066025509709154,0.00676322139777331,0.014494228204708305,0.000650956363704846,0.008063554582558875,0.06044604370794255,0.0009178780265448809
0.9021724,0.02417278491688229,-0.00037823547610815517,0.006703002722519388,0.014294805965307463,0.0007135811494219089,0.008083467202391063,0.061096323395729284,0.0008750994494718107
0.9026379,0.024141889616299622,-0.00032202979040684007,0.006644338372977387,0.014096504889607571,0.0007764284607109595,0.00810163808863042,0.061747943219804056,0.0008331838506213364
0.9031034,0.024109785749134336,-0.0002620067925132679,0.006587238848530859,0.013899337595219972,0.0008394597707699648,0.008118071822254064,0.06240081769634813,0.0007921352825119031
0.903569,0.02407647048125603,-0.0001981304266851092,0.00653171460782885,0.013703316569391728,0.0009026373641637365,0.008132773984444723,0.06305486086601096,0.0007519577380207245
0.9040345,0.024041941355634013,-0.00013036499838963426,0.006477776066523584,0.01350845416597866,0.0009659243422032343,0.008145751147737315,0.06370998629687949,0.0007126551505449656
0.9045,0.024006196291317995,-5.86751858136682e-05,0.006425433594926608,0.01331476260243184,0.0010292846280483758,0.008157010866982301,0.06436610708762944,0.0006742313941452522
0.9049655,0.02396923358228307,1.6973948591963996e-05,0.006374697515584227,0.013122253956800068,0.0010926829715352505,0.008166561670128867,0.06502313587086493,0.0006366902836712031
0.905431,0.023931051896139376,9.661694653693348e-05,0.006325578100773204,0.012930940164750762,0.0011560849537286609,0.008174413048831024,0.06568098481665263,0.0006000355748686886
0.9058966,0.023891650272706705,0.00018028794228829048,0.006278085569917894,0.012740833016611853,0.0012194569912009302,0.008180575448879696,0.06633956563625658,0.0005642709644685398
0.9063621,0.023851028122454196,0.0002680206510431974,0.0062322300869300604,0.012551944154437153,0.0012827663400379445,0.00818506026046381,0.06699878958608009,0.0005294000902564438
0.9068276,0.02380918522480547,0.0003598483572809992,0.006188021757472836,0.012364285069097604,0.0013459810995734283,0.008187879808263411,0.06765856747182108,0.0004954265311237824
0.9072931,0.02376612172630957,0.0004558039030981523,0.006145470626150425,0.012177867097400782,0.0014090702158525022,0.008189047341377723,0.06831880965284713,0.0004623538070991997
0.9077586,0.023721838138678387,0.0005559196765295724,0.006104586673625285,0.011992701419240965,0.0014720034848256234,0.008188577023091047,0.06897942604679641,0.0004301853793607077
0.9082241,0.023676335336691768,0.0006602275998600055,0.0060653798136646,0.011808799054782038,0.0015347515552740685,0.008186483920479359,0.06964032613441029,0.00039892465022816763
0.9086897,0.02362961455597187,0.0007687591179290781,0.006027859890117927,0.011626170861675507,0.0015972859314681764,0.008182783993860363,0.07030141896460321,0.00036857496313600073
0.9091552,0.023581677390628854,0.000881545186433732,0.005992036673827907,0.011444827532315767,0.0016595789755596154,0.008177494086089764,0.0709626131597751,0.0003391396025860005
0.9096207,0.023532525790780523,0.0009986162602318184,0.005957919859475872,0.01126477959113483,0.001721603909708998,0.008170631911706456,0.07162381692137176,0.00031062179408013603
0.9100862,0.023482162059948714,0.0011200022816507005,0.005925519062364215,0.011086037391938575,0.001783334817950177,0.008162216045929272,0.07228493803569863,0.00028302470403325394
0.9105517,0.023430588852335458,0.001245732668804798,0.005894843815137282,0.01090861111528661,0.0018447466477925743,0.008152265913507884,0.07294588387999425,0.0002563514396656026
0.9110172,0.023377809169982017,0.001375836303926098,0.005865903564442592,0.01073251076591775,0.0019058152115628928,0.008140801777430415,0.0736065614287702,0.00023060504887511456
0.9114828,0.023323826359813893,0.001510341521711741,0.005838707667534194,0.010557746170223032,0.0019665171874875542,0.008127844727490317,0.07426687726042527,0.00020578852008939577
0.9119483,0.023268644110574766,0.0016492760976928715,0.005813265388819974,0.010384326973768227,0.0020268301205172068,0.008113416668715024,0.07492673756414209,0.00018190478209737708
0.9124138,0.023212266449652352,0.0017926672366290117,0.005789585896354809,0.010212262638867663,0.0020867324228946308,0.008097540309658927,0.07558604814707444,0.00015895670386059386
0.9128793,0.023154697739799043,0.0019405415609322818,0.0057676782582814674,0.010041562442211127,0.002146203374467369,0.008080239150563228,0.07624471444183345,0.00013694709430406732
0.9133448,0.02309594267575019,0.002092925099125839,0.0057475514392212115,0.009872235472545579,0.002205223122746398,0.008061537471385235,0.07690264151428014,0.00011587870208676898
0.9138103,0.023036006280742722,0.002249843274340949,0.005729214296616045,0.0097042906284133,0.0022637726827121557,0.00804146031969968,0.07755973407163187,9.575421535165672e-05
0.9142759,0.022974893902936902,0.0024113208928571383,0.005712675577024545,0.009537736615948056,0.0023218339363692475,0.008020033498474638,0.07821589647088961,7.657626145527676e-05
0.9147414,0.02291261121174386,0.002577382132689895,0.005697943912373244,0.009372581946730792,0.00237938963205116,0.007997283553724649,0.07887103272759265,5.834740667693005e-05
0.9152069,0.022849164194061734,0.0027480505322303814,0.0056850278161655315,0.009208834935706282,0.0024364233834763003,0.007973237762043632,0.0795250465249068,4.107015590740755e-05
0.9156724,0.022784559150423173,0.002923348978941633,0.0056739356796500166,0.009046503699162106,0.002492919668556686,0.007947924118020205,0.08017784122305209,2.474695231730433e-05
0.9161379,0.022718802691057118,0.0031032996981157136,0.005664675767950324,0.008885596152771255,0.0025488638279606043,0.007921371321537968,0.08082931986907503,9.380177004929106e-06
0.9166034,0.022651901731867617,0.0032879242416962917,0.0056572562161582764,0.008726120009699596,0.0026042420634305413,0.007893608764963374,0.08147938520697051,-5.027851376168792e-06
0.917069,0.022583863490332458,0.0034772434771711295,0.005651685025392482,0.00856808277877931,0.0026590414358576907,0.007864666520223676,0.08212793968815753,-1.8474877010028533e-05
0.9175345,0.022514695481324336,0.003671277576538974,0.005647970058824368,0.008411491762749385,0.002713249863114363,0.007834575325777486,0.08277488548231303,-3.095870733143253e-05
0.918,0.022444405512857264,0.0038700460053553835,0.005646119037673725,0.008256354056564181,0.0027668561176456214,0.00780336657348041,0.08342012448856798,-4.247721345935125e-05
0.9184655,0.02237300168176077,0.004073567511862059,0.005646139537175851,0.008102676545770965,0.0028198498238214895,0.0077710722953481725,0.08406355834706926,-5.3028330650635975e-05
0.918931,0.022300492369284407,0.004281860116204263,0.005648038982522352,0.00795046590495727,0.002872221455051092,0.0077377251502196535,0.08470508845091135,-6.261005877390967e-05
0.9193966,0.022226886236635303,0.00449494109974097,0.005651824644777641,0.007799728596268882,0.002923962330660126,0.007703358410322207,0.0853446159584409,-7.122046280359719e-05
0.9198621,0.022152192220451526,0.004712826994452406,0.0056575036367731745,0.007650470867999138,0.0029750646125331127,0.007668005947741661,0.08598204180593733,-7.885767333402646e-05
0.9203276,0.022076419528214198,0.0049355335724497,0.005665082908981437,0.007502698753250193,0.003025521301521943,0.007631702220799427,0.08661726672067199,-8.551988711352223e-05
0.9207931,0.021999577633601622,0.005163075835591401,0.005674569245371668,0.007356418068666849,0.0030753262336223083,0.007594482260339181,0.08725019123434827,-9.120536759840196e-05
0.9212586,0.02192167627178866,0.005395468005211632,0.005685969259249315,0.007211634413243456,0.0031244740759196546,0.0075563816559255865,0.08788071569692416,-9.591244552676854e-05
0.9217241,0.021842725434694774,0.005632723511964732,0.005699289389081153,0.007068353167204329,0.003172960322306366,0.007517436541957623,0.08850874029081887,-9.963951951197731e-05
0.9221897,0.021762735366183984,0.005874854985791213,0.005714535894307997,0.006926579490958098,0.003220781288971905,0.007477683583699086,0.08913416504550392,-0.00010238505665563807
0.9226552,0.02168171655722001,0.006121874246009888,0.005731714851146865,0.006786318324126317,0.0032679341096676483,0.007437159963228867,0.08975688985247882,-0.00010414759317999975
0.9231207,0.021599679740979663,0.006373792291541074,0.005750832148384456,0.006647574384646628,0.0033144167307481496,0.007395903365313628,0.09037681448063122,-0.00010492573507955676
0.9235862,0.021516635887927578,0.00663061929126574,0.0057718934831637245,0.006510352167950721,0.0033602279059905425,0.0073539519632055735,0.09099383859198053,-0.00010471815879170777
0.9240517,0.02143259620085509,0.006892364574525503,0.0057949043567653985,0.006374655946217244,0.003405367191193793,0.007311344404367976,0.09160786175780401,-0.00010352361188628921
0.9245172,0.021347572109886113,0.00715903662176836,0.005819870070386209,0.006240489767699801,0.0034498349385594846,0.00726811979613117,0.0922187834751442,-0.00010134091377379646
0.9249828,0.021261575267452648,0.007430643055345017,0.005846795720915649,0.006107857456130124,0.0034936322908558346,0.007224317691281703,0.09282650318369581,-9.816895643209718e-05
0.9254483,0.0211746175432424,0.007707190630460682,0.005875686196713125,0.0059767626101964524,0.003536761175366657,0.0071799780735872926,0.09343092028307028,-9.400670515143438e-05
0.9259138,0.021086711019120838,0.007988685226287073,0.005906546173387411,0.0058472086030971334,0.0035792242976270374,0.007135141343260238,0.09403193415043493,-8.885319929751114e-05
0.9263793,0.020997867984029948,0.00827513183723942,0.005939380109580453,0.005719198582169343,0.003621025134947525,0.007089848302361865,0.09462944415852426,-8.270755309244438e-05
0.9268448,0.020908100928865657,0.008566534564423139,0.005974192242757679,0.0055927354685928665,0.0036621679297287077,0.0070441401401505266,0.0952233496940197,-7.556895641336987e-05
0.9273103,0.020817422541335916,0.008862896607254842,0.006010986585007111,0.005467821957168763,0.0037026576825680774,0.0069980584183756455,0.0958135501762947,-6.743667560847259e-05
0.9277759,0.02072584570080135,0.00916422025526231,0.006049766918849774,0.00534446051617277,0.0037425001451611936,0.006951645056520249,0.0963999450765214,-5.8310054330205315e-05
0.9282414,0.020633383473100418,0.009470506880068005,0.006090536793063964,0.0052226533872831785,0.0037817018129992427,0.0069049423169943855,0.0969824339371356,-4.818851438544015e-05
0.9287069,0.02054004910536103,0.009781756927560687,0.006133299518526038,0.005102402585582952,0.0038202699178652333,0.006857992790281804,0.09756091639165526,-3.707155660227619e-05
0.9291724,0.020445856020800724,0.010097969910259678,0.006178058164070436,0.0049837098996357515,0.0038582124201311505,0.006810839380042257,0.09813529218484801,-2.4958761713200724e-05
0.9296379,0.02035081781351735,0.010419144399876299,0.006224815552371666,0.004866576891635529,0.0038955380008585017,0.006763525288171806,0.09870546119324182,-1.1849791254277908e-05
0.9301034,0.020254948243272213,0.01074527802007695,0.006273574255850953,0.0047510048976292995,0.0039322560537047085,0.006716093999823527,0.09927132344597271,2.255611519984704e-06
0.930569,0.020158261230267635,0.01107636743945235,0.006324336592610268,0.004636995027812646,0.003968376676637849,0.0066685892683910715,0.09983277914596214,1.7357620706464346e-05
0.9310345,0.020060770849920785,0.011412408364697372,0.006377104622396376,0.004524548166897496,0.004003910663462307,0.006621055100457553,0.10038972869141599,3.3456326808344803e-05
0.9315,0.019962491327635636,0.011753395534005909,0.006431880142597569,0.004413664974551656,0.004038869495157934,0.006573535740712359,0.10094207269763641,5.055173577556041e-05
0.9319655,0.019863437033575015,0.012099322710685223,0.006488664684275623,0.004304345885909568,0.004073265331035387,0.006526075656838495,0.10148971201913705,6.864376803122008e-05
0.932431,0.019763622477434763,0.012450182676994132,0.006547459508235535,0.0041965911121537,0.004107110999710326,0.006478719524373139,0.10203254777205117,8.773225748449372e-05
0.9328966,0.019663062303222033,0.012805967228209387,0.006608265601135482,0.0040904006411659555,0.0041404199898991845,0.00643151221154409,0.10257048135682183,0.00010781695053046121
0.9333621,0.019561771284039794,0.013166667166924604,0.006671083671639444,0.003985774238248468,0.004173206441039204,0.006384498764084819,0.10310341448116268,0.00012889750503743854
0.9338276,0.01945976431687955,0.013532272297585992,0.006735914146614874,0.0038827114469131094,0.004205485133735467,0.006337724390030781,0.10363124918327736,0.0001509734893223063
0.9342931,0.019357056417424266,0.013902771421269177,0.0068027571673777674,0.003781211589739006,0.004237271480037627,0.006291234444499677,0.10415388785532496,0.00017404438111437394
0.9347586,0.019253662714863416,0.01427815233070129,0.0068716125859874504,0.003681273769297336,0.0042685815135490544,0.006245074414458262,0.1046712332671195,0.00019810956650831758
0.9352241,0.01914959844672223,0.014658401805532446,0.006942479961593429,0.003582896869142653,0.004299431879371132,0.006199289903478338,0.10518318859005124,0.00022316833890673388
0.9356897,0.019044878953707215,0.015043505607860717,0.007015358556836659,0.0034860795548699503,0.0043298398238853925,0.00615392661648449,0.1056896574212181,0.00024921989795286
0.9361552,0.018939519674570183,0.015433448478014556,0.007090247334307632,0.003390820275236658,0.004359823184376232,0.00610903034449612,0.10619054380775603,0.00027626334845402297
0.9366207,0.018833536140993094,0.01582821413059666,0.0071671449530637185,0.0032971172633487434,0.0043894003784969065,0.006064646949366289,0.10668575227135775,0.0003042976992963998
0.9370862,0.018726943972496062,0.01622778525079316,0.007246049765208351,0.003204968537910062,0.0044185903935815545,0.006020822348519847,0.10717518783296934,0.00033332186235168954
0.9375517,0.018619758871370864,0.01663214349095213,0.007326959812534677,0.0031143719045340712,0.004447412775806019,0.00597760249969332,0.10765875603765486,0.00036333465137632136
0.9380172,0.018511996617642308,0.017041269467435446,0.007409872823236432,0.003025324957117021,0.0044758876192003035,0.005935033385678948,0.10813636297961965,0.00039433478090384163
0.9384828,0.018403673064059677,0.01745514275774808,0.007494786208688885,0.002937825079271679,0.0045040355545155316,0.005893160999075263,0.1086079153273826,0.0004263208651311405
0.9389483,0.018294804131120397,0.017873741897949044,0.007581697060302787,0.0028518694458206733,0.004531877737948283,0.005852031327046564,0.10907332034908813,0.0004592914167991962
0.9394138,0.018185405802127918,0.018297044380348036,0.007670602146454293,0.002767455024348484,0.0045594358397252,0.005811690336093608,0.10953248593794776,0.000493244846069035
0.9398793,0.018075494118285705,0.018725026651491894,0.007761497909493908,0.002684578576811122,0.004586732032550733,0.005772183956837857,0.10998532063780155,0.0005281794593936295
0.9403448,0.017965085173829134,0.019157664110444738,0.007854380462837504,0.002603236661202508,0.004613788979920953,0.005733558068821617,0.11043173366878876,0.0005640934583864849
0.9408103,0.017854195111197017,0.019594931107365647,0.007949245588142455,0.0025234256332765646,0.004640629824306346,0.005695858485326443,0.11087163495311722,0.000600984938687693
0.9412759,0.017742840116244326,0.020036800942387543,0.008046088732571954,0.002445141648324002,0.004667278175206678,0.005659130938212234,0.11130493514092007,0.000638851888828257
0.9417414,0.017631036413497708,0.020483245864800766,0.008144905006150527,0.002368380663002794,0.0046937580970811054,0.005623421062779489,0.11173154563618826,0.0006776921890935159
0.9422069,0.01751880026145512,0.020934237072544732,0.008245689179213747,0.0022931384372213053,0.004720094097156863,0.005588774382657243,0.11215137862276604,0.0007175036103865182
0.9426724,0.017406147947931022,0.021389744712010963,0.008348435679955133,0.002219410536073063,0.0047463111131199566,0.00555523629471925,0.1125643470903966,0.000758283813092212
0.9431379,0.017293095785448232,0.021849737878160587,0.008453138592073209,0.0021471923318221267,0.004772434500691382,0.0055228520540310235,0.11297036486080464,0.0008000303459433412
0.9436034,0.01717966010667759,0.02231418461495929,0.008559791652521598,0.002076479005938029,0.004798490021092406,0.0054916667588303806,0.1133693466138023,0.0008427406448889489
0.944069,0.017065857259926456,0.0227830519161325,0.008668388249365049,0.002007265551179242,0.004824503828402461,0.005461725335544158,0.11376120791340444,0.000886412031966407
0.9445345,0.016951703604676988,0.02325630572624342,0.008778921419744151,0.0019395467737241062,0.004850502456813182,0.00543307252384385,0.11414586523393909,0.0009310417141778972
0.945,0.016837215507175103,0.023733910942096405,0.00889138384795154,0.0018733172953481576,0.004876512807782139,0.005405752861742895,0.11452323598613899,0.0009766267823722774
0.9454655,0.01672240933607094,0.024215831414467818,0.009005767863622251,0.0018085715556467577,0.004902562137089805,0.0053798106707383725,0.11489323854320091,0.0010231642101332817
0.945931,0.01660730145811155,0.024702029950166515,0.009122065440040905,0.0017453038143019303,0.004928678041803314,0.005355290040999878,0.11525579226679991,0.0010706508526750302
0.9463966,0.016491908233886597,0.025192468314425794,0.009240268192568322,0.0016835081533922837,0.004954888447150564,0.0053322348166083226,0.11561081753304611,0.00111908344574585
0.9468621,0.016376246013627707,0.025687107233628496,0.009360367377190159,0.0016231784797448973,0.004981221593308184,0.005310688580847403,0.11595823575837229,0.0011684586045414467
0.9473276,0.016260331133062123,0.02618590639836678,0.009482353889190099,0.0015643085273280301,0.005007706022106875,0.005290694641550454,0.1162979694253415,0.0012187728226284967
0.9477931,0.01614417990932129,0.026688824466837773,0.00960621826195008,0.0015068918596835047,0.005034370563657632,0.00527229601650538,0.11662994210836382,0.0012700224708797581
0.9482586,0.016027808636904877,0.027195819068576467,0.009731950665880005,0.001450921872397612,0.005061244322902299,0.005255535418920361,0.11695407849931216,0.0013222037964218168
0.9487241,0.01591123358370067,0.02770684680852668,0.00985954090747932,0.0013963917956093651,0.005088356666091967,0.005240455242952975,0.11727030443302726,0.0013753129215965901
0.9491897,0.015794470987060664,0.02822186327145107,0.009988978428532802,0.0013432946965549265,0.005115737207196656,0.005227097549305434,0.11757854691270121,0.0014293458429377268
0.9496552,0.01567753704993357,0.028740823026680785,0.01012025230544281,0.0012916234821470306,0.005143415794249774,0.005215504050888589,0.11787873413512939,0.0014842984301630337
0.9501207,0.015560447937053924,0.029263679633205305,0.01025335124870027,0.0012413709015882215,0.005171422495630835,0.005205716098557405,0.1181707955158202,0.0015401664251840687
0.9505862,0.015443219771187844,0.029790385645102804,0.010388263602496587,0.0011925295490167393,0.005199787586289911,0.005197774666920595,0.11845466171395269,0.0015969454411340481
0.9510517,0.01532586862943558,0.030320892617311145,0.010524977344478659,0.001145091866183903,0.005228541533917274,0.005191720340227116,0.11873026465717167,0.0016546309614152012
0.9515172,0.015208410539590947,0.0308551511117395,0.010663480085649098,0.0010990501451618535,0.005257714985061733,0.005187593298332283,0.11899753756620997,0.0017132183387667135
0.9519828,0.015090861476557726,0.0313931107037203,0.010803759070413763,0.0010543965310805335,0.00528733875120108,0.005185433302746266,0.11925641497932706,0.0017727027943543986
0.9524483,0.014973237358823117,0.031934719988801236,0.010945801176778614,0.0010111230248927882,0.005317443794768109,0.005185279682767786,0.11950683277655239,0.001833079416883227
0.9529138,0.014855554044988305,0.032479926589876806,0.01108959291669784,0.0009692214861664864,0.0053480612151356015,0.0051871713217058885,0.11974872820372176,0.0018943431617338426
0.9533793,0.014737827330356033,0.03302867716465881,0.011235120436575121,0.000928683635902559,0.005379222234563666,0.005191146643192711,0.11998203989629486,0.001956488850124187
0.9538448,0.014620072943575119,0.033580917413485144,0.011382369517919813,0.0008895010593778637,0.005410958184112827,0.005197243597590217,0.12020670790294162,0.0020195111682973486
0.9543103,0.014502306543341647,0.03413659208746621,0.011531325578159755,0.0008516652090117889,0.005443300489526268,0.005205499648493958,0.12042267370888483,0.0020834046667367414
0.9547759,0.01438454371515662,0.034695644996967694,0.011681973671612299,0.0008151674072555119,0.0054762806570846975,0.005215951759336949,0.12062988025898562,0.0021481637594097085
0.9552414,0.014266799968139654,0.03525801902042867,0.01183429849061505,0.0007799988495028364,0.005509930259437337,0.005228636380096837,0.12082827198055782,0.0022137827230406327
0.9557069,0.014149090731898253,0.03582365611351342,0.011988284366817795,0.0007461506070215377,0.005544280921412575,0.005243589434109571,0.12101779480589689,0.0022802556964146275
0.9561724,0.014031431353452032,0.03639249731859532,0.012143915272636918,0.0007136136299041562,0.005579364305811815,0.005260846304992847,0.12119839619450819,0.002347576679712873
0.9566379,0.013913837094211163,0.03696448277457066,0.01230117482287356,0.0006823787500371808,0.005615212099190054,0.005280441823682597,0.12137002515501905,0.0024157395338806316
0.9571034,0.013796323127008243,0.03753955172700041,0.01246004627649667,0.000652436684087572,0.005651855997626736,0.005302410255585816,0.1215326322667592,0.002484737980028983
0.957569,0.013678904533182582,0.03811764253857743,0.012620512538591993,0.0006237780365055713,0.005689327692490422,0.005326785287853027,0.12168616970099456,0.0025545655988712876
0.9580345,0.013561596299715883,0.03869869269991654,0.012782556162477978,0.0005963933025427539,0.00572765885620079,0.005353600016773638,0.12183059124180044,0.0026252158301953827
0.9585,0.013444413316418175,0.03928263884066473,0.012946159351989435,0.0005702728712842822,0.005766881127991497,0.0053828869352974505,0.12196585230656057,0.002696681972372491
0.9589655,0.01332737037316282,0.03986941674092838,0.013111303963929703,0.0005454070286943177,0.00580702609967746,0.0054146779206855145,0.1220919099660796,0.002768957181903808
0.959431,0.013210482157169407,0.040458961343014396,0.013277971510692004,0.0005217859606735547,0.005848125301430114,0.0054490042222935155,0.12220872296429704,0.002842034473005709
0.9598966,0.013093763250333535,0.041051206763481916,0.013446143163050567,0.0004993997561278403,0.005890210187564295,0.00548589644949083,0.12231625173759099,0.002915906717234513
0.9603621,0.012977228126602541,0.04164608630550115,0.013615799753122031,0.0004782384100468595,0.0059333121223404065,0.005525384559718387,0.1224144584336611,0.0029905666431517064
0.9608276,0.012860891149396468,0.04224353247151577,0.013786921777497574,0.0004582918265918737,0.005977462365785617,0.005567497846688467,0.12250330692997904,0.0030660068360305465
0.9612931,0.012744766569073737,0.0428434769762049,0.013959489400546143,0.00043954982219152034,0.0060226920595377815,0.005612264928729585,0.122582762851796,0.003142219737604919
0.9617586,0.012628868520441117,0.04344585075974067,0.014133482457889103,0.0004220021286446872,0.006069032212715837,0.005659713737279641,0.12265279358969614,0.0032191976458613232
0.9622241,0.012513211020307613,0.044050584001336955,0.014308880460046481,0.0004056383962294846,0.006116513687820466,0.005709871505530598,0.12271336831668685,0.003296932714874851
0.9626897,0.012397807965081865,0.044657606133084796,0.014485662596255005,0.00039044819681734324,0.0061651671866688375,0.005762764757227965,0.12276445800481676,0.003375416954689998
0.9631552,0.01228267312841263,0.04526684585406988,0.014663807738457886,0.0003764210269912686,0.006215023236367352,0.005818419295628487,0.12280603544131405,0.0034546422312471442
0.9636207,0.012167820158871905,0.045878231144767495,0.014843294445466275,0.00036354631116728786,0.006266112175326361,0.005876860192619476,0.12283807524423837,0.0035346002663555046
0.9640862,0.012053262577680269,0.046491689281710186,0.015024100967292191,0.00035181340471812867,0.006318464139320907,0.005938111778003326,0.12286055387764104,0.0036152826377133626
0.9645517,0.01193901377647418,0.04710714685242344,0.015206205249652592,0.00034121159709817685,0.006372109047601559,0.006002197628950791,0.12287344966622778,0.0036966807789763456
0.9650172,0.011825087015115096,0.04772452977062464,0.015389584938644193,0.00033173011496876755,0.0064270765890595055,0.0060691405596267015,0.12287674280951885,0.003778785979874503
0.9654828,0.011711495419540505,0.04834376329168069,0.015574217385588505,0.00032335812532287284,0.0064833962084500825,0.00613896261099178,0.12287041539550057,0.0038615893863789105
0.9659483,0.011598251979657125,0.04896477202831939,0.0157600796520465,0.00031608473860825475,0.006541097092679016,0.006211685040784249,0.1228544514137617,0.00394508200091853
0.9664138,0.011485369547276716,0.049587479966589826,0.015947148515002185,0.0003098990118481587,0.006600208157155646,0.006287328313684924,0.12282883676810756,0.004029254682647999
0.9668793,0.011372860834095003,0.05021181048206665,0.016135400472214224,0.00030478995175862826,0.00666075803221744,0.0063659120916694425,0.12279355928864376,0.004114098147767042
0.9673448,0.011260738409714243,0.050837686356292947,0.016324811747734688,0.0003007465178615272,0.006722775049630109,0.006447455224551272,0.12274860874332032,0.004199602969892119
0.9678103,0.011149014699710032,0.05146502979345608,0.016515358297593843,0.00029775762559236237,0.006786287229167575,0.006531975740719177,0.12269397684892666,0.004285759580480957
0.9682759,0.011037701983742853,0.0520937624372905,0.01670701581564981,0.000295812149402006,0.006851322265276019,0.0066194908380727705,0.12262965728152676,0.004372558269310526
0.9687414,0.010926812393714885,0.05272380538820105,0.016899759739601908,0.000294898925851425,0.0069179075138262516,0.0067100168751598275,0.12255564568632357,0.004459989185009054
0.9692069,0.01081635791197251,0.05335507922060017,0.017093565257166207,0.0002950067566985344,0.006986069978958611,0.006803569362519017,0.12247193968694119,0.004548042335642627
0.9696724,0.010706350369554926,0.05398750400045155,0.017288407312411946,0.0002961244119763048,0.0070558363000246095,0.006900162954231687,0.12237853889411318,0.004636707589356893
0.9701379,0.010596801444489235,0.054620999303013104,0.017484260612257177,0.0002982406330612628,0.007127232738629538,0.006999811439686306,0.1222754449137652,0.004725974675074386
0.9706034,0.010487722660132374,0.05525548423077156,0.017681099633122005,0.0003013441357315299,0.007200285165780308,0.007102527735559095,0.12216266135448008,0.0048158331832479145
0.971069,0.010379125383560287,0.055890877431560924,0.017878898627737574,0.00030542361321354985,0.007275019049142788,0.007208323878014362,0.12204019383433398,0.004906272566670432
0.9715345,0.010271020824004712,0.05652709711685709,0.018077631632108866,0.00031046773921665786,0.007351459440412889,0.0073172110151279455,0.12190804998709273,0.0049972821413417886
0.972,0.01016342003133795,0.05716406108024056,0.01827727247262927,0.0003164651709546453,0.007429630962805701,0.007429199399537171,0.12176623946775765,0.005088851087392687
0.9724655,0.010056333894605977,0.057801686716019055,0.018477794773344748,0.0003234045521534783,0.007509557798666932,0.007544298381320633,0.1216147739574519,0.00518096845006615
0.972931,0.009949773140610157,0.058439891038001957,0.018679171963365215,0.0003312745160443316,0.007591263677210915,0.007662516401111087,0.12145366716763853,0.0052736231407567655
0.9733966,0.009843748332537892,0.05907859069841822,0.01888137728442063,0.00034006368834110096,0.007674771862389385,0.007783860983444661,0.12128293484366173,0.00536680393810793
0.9738621,0.0097382698686424,0.059717702006970144,0.01908438379855919,0.0003497606902015639,0.0077601051408952276,0.007908338730349554,0.12110259476760361,0.005460499489167304
0.9743276,0.009633347980971976,0.06035714095001536,0.019288164395984776,0.0003603541411713668,0.007847285810305363,0.008035955315177307,0.12091266676044875,0.005554698310600642
0.9747931,0.00952899273414901,0.06099682320986973,0.019492691803030735,0.0003718326621100235,0.007936335667366946,0.008166715476679694,0.12071317268354911,0.005649388789964142
0.9752586,0.009425214024199088,0.06163666418422385,0.019697938590266802,0.00038418487809811997,0.008027275996430959,0.008300623013334237,0.12050413643938286,0.0057445591870354295
0.9757241,0.009322021577430433,0.062276579005665966,0.019903877180736017,0.0003973994213249298,0.008120127558037336,0.008437680777921302,0.12028558397160041,0.005840197635203246
0.9761897,0.009219424949363994,0.06291648256130378,0.02011047985831816,0.0004114649339556491,0.008214910577655655,0.008577890672355672,0.1200575432643514,0.0059362921429158885
0.9766552,0.00911743352371439,0.06355628951247817,0.020317718776216184,0.00042637007097747083,0.008311644734585417,0.008721253642775473,0.1198200443408865,0.006032830595188411
0.9771207,0.009016056511421903,0.0641959143145621,0.020525565965561987,0.0004421035030237218,0.008410349151019856,0.008867769674891259,0.11957311926142862,0.006129800755168578
0.9775862,0.008915302949735637,0.06483527123683845,0.020733993344137672,0.0004586539191752932,0.008511042381277143,0.009017437789598036,0.11931680212030854,0.0062271902657615045
0.9780517,0.008815181701348008,0.065474274382451,0.020942972725208286,0.0004760100297386025,0.00861374240120286,0.009170256038852999,0.11905112904236019,0.006324986651312892
0.9785172,0.008715701453580589,0.06611283770842294,0.021152475826461892,0.0004941605689993302,0.008718466597747474,0.00932622150182167,0.11877613817857102,0.006423177319350719
0.9789828,0.008616870717621362,0.06675087504573753,0.021362474279052683,0.000513094297951184,0.008825231758722586,0.00948533028129512,0.11849186970098366,0.006521749562385212
0.9794483,0.008518697827813296,0.06738830011947583,0.021572939636742696,0.0005328000069989449,0.008934054062739604,0.009647577500380878,0.1181983657968447,0.006620690559766871
0.9799138,0.008421190940994198,0.06802502656900594,0.02178384338513759,0.0005532665186350597,0.00904494906933449,0.00981295729947009,0.11789567066199735,0.006719987379602331
0.9803793,0.00832435803588767,0.0686609679682185,0.02199515695101181,0.0005744826900890469,0.009157931709282134,0.00998146283348338,0.11758383049351456,0.006819626980727724
0.9808448,0.008228206912544994,0.06929603784580286,0.022206851711718524,0.0005964374159489904,0.009273016275103903,0.010153086269397845,0.1172628934815692,0.00691959621473925
0.9813103,0.008132745191837763,0.06993014970555836,0.022418899004679402,0.0006191196307544003,0.00939021641177187,0.010327818784057556,0.11693290980053915,0.007019881828080517
0.9817759,0.00803798031500103,0.0705632170467342,0.022631270136949426,0.0006425183115597295,0.009509545107613182,0.010505650562269871,0.1165939315993457,0.0071204704641862435
0.9822414,0.007943919543226758,0.07119515338439168,0.022843936394851775,0.0006666224804678433,0.009631014685418,0.01068657079518986,0.11624601299102406,0.007221348665681823
0.9827069,0.00785056995730732,0.07182587226978142,0.023056869053677567,0.0006914212071327515,0.009754636793754382,0.010870567678995057,0.11588921004152662,0.007322502876638195
0.9831724,0.007757938457328831,0.07245528731072817,0.023270039387445193,0.0007169036112309268,0.00988042239849343,0.011057628413852726,0.11552358075775951,0.007423919444881452
0.9836379,0.007666031762413995,0.0730833121920151,0.02348341867871379,0.0007430588649005442,0.010008381774547959,0.0112477392031817,0.11514918507485472,0.007525584624356514
0.9841034,0.007574856410514276,0.0737098606957586,0.02369697822844515,0.0007698761951479947,0.010138524497827888,0.011440885253210855,0.11476608484268055,0.007627484577544199
0.984569,0.007484418758251116,0.07433484672176485,0.02391068936590828,0.0007973448862210419,0.010270859437415517,0.011637050772836086,0.11437434381159382,0.007729605377930916
0.9850345,0.007394724980805946,0.07495818430785817,0.024124523458620643,0.0008254542819479975,0.01040539474796378,0.011836218973777676,0.1139740276174374,0.007831933012530178
0.9855,0.0073057810718587255,0.07557978765017168,0.024338451922319915,0.0008541937880423043,0.010542137862320534,0.012038372071039742,0.11356520376578728,0.00793445338445503
0.9859655,0.007217592843574741,0.07619957112339058,0.024552446230960243,0.0008835528743719138,0.010681095484381864,0.012243491283673445,0.11314794161545383,0.008037152315540485
0.986431,0.007130165926639339,0.0768174493009389,0.02476647792672681,0.000913521077192845,0.010822273582177307,0.012451556835845534,0.11272231236124138,0.008140015549014947
0.9868966,0.007043505770340277,0.07743333697510103,0.024980518630062478,0.0009440880013463176,0.01096567738118996,0.012662547958213723,0.11228838901597098,0.008243028752219569
0.9873621,0.0069576176426973686,0.07804714917707024,0.02519454004970033,0.000975243322418848,0.011111311357914303,0.012876442889610255,0.11184624639177076,0.008346177519374436
0.9878276,0.006872506630638998,0.07865880119691619,0.025408513992695753,0.0010069767888647018,0.011259179233654567,0.013093218879034958,0.11139596108063803,0.008449447374390412
0.9882931,0.006788177640225115,0.079268208603464,0.025622412374451693,0.0010392782240900935,0.011409283968566523,0.01331285218795898,0.1109376114342772,0.008552823773725458
0.9887586,0.006704635396916228,0.07987528726407683,0.025836207228730656,0.0010721375284985235,0.011561627755945419,0.013535318092940321,0.11047127754321814,0.00865629210928412
0.9892241,0.006621884445887904,0.08047995336433515,0.026049870717647264,0.0011055446814966455,0.011716212016762869,0.01376059088855216,0.10999704121521858,0.008759837711358914
0.9896897,0.006539929152390263,0.08108212342760543,0.02626337514163517,0.0011394897434600624,0.01187303739445538,0.0139886438906249,0.10951498595295514,0.008863445851612209
0.9901552,0.006458773702151923,0.08168171433449256,0.026476692949382468,0.00117396285765846,0.012032103749967249,0.014219449439802757,0.10902519693100758,0.008967101746097196
0.9906207,0.00637842210182786,0.0822786433421706,0.02668979674772985,0.001208954252139488,0.012193410157050598,0.014452978905415597,0.10852776097214108,0.009070790558316484
0.9910862,0.00629887817949064,0.0828728281035877,0.026902659311525842,0.0012444542415708125,0.012356954897825232,0.01468920268966663,0.1080227665228909,0.009174497402316802
0.9915517,0.006220145585164444,0.08346418668654221,0.02711525359343344,0.0012804532290397652,0.01252273545860106,0.014928090232136497,0.10751030362845478,0.009278207345818251
0.9920172,0.006142227791401349,0.08405263759262738,0.0273275527336824,0.0013169417078100147,0.01269074852596572,0.015169610014604174,0.10699046390689763,0.009381905413376492
0.9924828,0.006065128093899288,0.08463809977604325,0.027539530069761536,0.0013539102630346898,0.012860989983140057,0.015413729566184989,0.10646334052267467,0.009485576589576253
0.9929483,0.005988849612161068,0.08522049266227485,0.02775115914604535,0.0013913495734253752,0.01303345490660406,0.015660415468786028,0.10592902815948012,0.00958920582225447
0.9934138,0.005913395290193827,0.08579973616663604,0.02796241372334968,0.0014292504128763964,0.013208137562995928,0.015909633362879032,0.1053876229924303,0.009692778025751423
0.9938793,0.0058387678972482504,0.08637575071267865,0.02817326778841126,0.0014676036520438207,0.013385031406286992,0.01616134795359079,0.10483922265959227,0.009796278084188197
0.9943448,0.005764970028596818,0.0869484572504661,0.028383695563286362,0.0015064002598785804,0.01356412907523541,0.016415523017110897,0.10428392623287196,0.00989969085476881
0.9948103,0.005692004106350359,0.0875177772747105,0.02859367151466392,0.0015456313051131487,0.013745422391121469,0.016672121407416605,0.10372183418827867,0.01000300117110545
0.9952759,0.005619872380312085,0.08808363284277183,0.028803170363088756,0.001585287957701177,0.013928902355767441,0.016931105063314387,0.10315304837558495,0.010106193846565257
0.9957414,0.005548576928868296,0.08864594659251691,0.02901216709209052,0.001625361490209513,0.014114559149844877,0.01719243501579778,0.10257767198740333,0.010209253677637238
0.9962069,0.005478119659914896,0.08920464176003558,0.029220636957213962,0.0016658432791620127,0.014302382131472148,0.017456071395721005,0.10199580952770307,0.010312165447317966
0.9966724,0.005408502311818865,0.08975964219721155,0.02942855549494616,0.0017067248063345605,0.014492359835105068,0.017721973441787848,0.10140756677979097,0.010414913928514916
0.9971379,0.005339726454413803,0.09031087238914473,0.0296358985315363,0.0017479976600007236,0.014684479970723238,0.017990099508855224,0.10081305077378133,0.010517483887466497
0.9976034,0.0052717934900287046,0.09085825747142183,0.029842642191703423,0.0017896535361274692,0.014878729423314755,0.018260407076550945,0.10021236975357983,0.010619860087178004
0.998069,0.005204704654549077,0.09140172324723227,0.030048762907227463,0.0018316842395204127,0.01507509425266184,0.018532852758205147,0.09960563314340665,0.010722027290872873
0.9985345,0.005138461018509559,0.09194119620432581,0.030254237425419103,0.0018740816849181015,0.015273559693429825,0.01880739231009491,0.09899295151388382,0.01082397026545883
0.999,0.005073063488217176,0.09247660353180862,0.030459042817464074,0.001916837898034925,0.015474110155561887,0.01908398064100147,0.09837443654771143,0.010925673785008645
0.9994655,0.005008512806904426,0.09300787313677389,0.030663156486637966,0.001959945016552315,0.015676729224981784,0.019362571822079455,0.09775020100495717,0.011027122634255515
0.999931,0.004944809555911338,0.09353493366076315,0.03086655617638795,0.0020033952910579723,0.01588139966460684,0.01964311909703748,0.09712035868798292,0.011128301612103379
1.0003966,0.0048819541558956904,0.09405771449605367,0.031069219978278325,0.0020471810859329343,0.016088103415673287,0.01992557489262931,0.09648502440603203,0.01122919553515263
1.0008621,0.004819946868070551,0.09457614580176701,0.031271126339797166,0.0020912948801863154,0.016296821599376,0.020209890829454766,0.09584431393950012,0.011329789241241842
1.0013276,0.004758787795468296,0.09509015851979342,0.03147225407202156,0.002135729268237578,0.016507534518824533,0.020496017733069416,0.09519834400391232,0.011430067593006183
1.0017931,0.004698476884230226,0.09559968439052684,0.031672582357139004,0.0021804769606461956,0.016720221661317272,0.020783905645401973,0.09454723221362953,0.011530015481453116
1.0022586,0.004639013924920893,0.09610465596840556,0.03187209075582251,0.0022255307847885574,0.016934861700935392,0.021073503836478276,0.09389109704530652,0.011629617829556037
1.0027241,0.004580398553866201,0.09660500663725373,0.03207075921445694,0.0022708836854819668,0.0171514325014581,0.021364760816450487,0.09323005780112481,0.011728859595866266
1.0031897,0.004522630254514341,0.09710067062541883,0.032268568072214156,0.0023165287255556225,0.01736991111960058,0.02165762434793007,0.09256423457182333,0.011827725778143885
1.0036552,0.00446570835881858,0.09759158302070021,0.032465498067974594,0.002362459086368459,0.017590273808575918,0.02195204145862292,0.09189374819954974,0.011926201417007804
1.0041207,0.004409632048640885,0.09807767978506356,0.03266153034709359,0.00240866806827377,0.017812496021982083,0.022247958454264898,0.09121872024055469,0.012024271599605322
1.0045862,0.004354400357175406,0.09855889776913584,0.03285664646801088,0.002455149091030543,0.018036552418015127,0.022545320931855753,0.09053927292775059,0.012121921463301459
1.0050517,0.004300012170390865,0.0990351747264752,0.033050828408702215,0.002501895694161457,0.018262416864009475,0.022844073793189403,0.08985552913315588,0.012219136199388234
1.0055172,0.0042464662284908946,0.09950644932761045,0.03324405857297242,0.002548901537257482,0.018490062441306167,0.023144161258678294,0.08916761233024562,0.01231590105681405
1.0059828,0.004193761127391469,0.09997266117384547,0.033436319796589224,0.002596160400229039,0.018719461450449802,0.02344552688146945,0.08847564655622817,0.012412201345933328
1.0064483,0.004141895320214603,0.1004337508108247,0.03362759535325727,0.002643666183503661,0.018950585416714846,0.023748113561849724,0.08777975637426759,0.012508022442276502
1.0069138,0.004090867118797564,0.10088965974185626,0.03381786896043164,0.002691412908170104,0.019183405095961805,0.024051863561937694,0.08708006683567097,0.012603349790340454
1.0073793,0.004040674695216885,0.10134033044099013,0.034007124784970144,0.0027393947160688358,0.0194178904808236,0.024356718520659563,0.08637670344205921,0.012698168907399339
1.0078448,0.003991316083326542,0.1017857063658488,0.034195347448623285,0.002787605869828841,0.01965401080722239,0.024662619469006265,0.08566979210754007,0.012792465387335758
1.0083103,0.003942789180309685,0.10222573197020829,0.03438252203336067,0.0028360407528506514,0.01989173456121693,0.024969506845568996,0.08495945912090129,0.012886224904492103
1.0087759,0.0038950917482433894,0.10266035271632622,0.03456863408653222,0.0028846938692355033,0.020131029486180375,0.025277320512350186,0.08424583110784162,0.01297943321754176
1.0092414,0.0038482214156759097,0.10308951508701408,0.034753669625862516,0.0029335598436605248,0.020371862590308428,0.025585999770846926,0.08352903499325774,0.013072076173379873
1.0097069,0.0038021756792159856,0.10351316659745018,0.03493761514427592,0.0029826334211998117,0.020614200154457394,0.025895483378403705,0.08280919796360427,0.013164139711033182
1.0101724,0.003756951905133763,0.10393125580672884,0.03512045761455037,0.0030319094670912513,0.020858007740311886,0.02620570956483128,0.08208644742934416,0.013255609865588458
1.0106379,0.0037125473309729353,0.10434373232914167,0.03530218449379716,0.0030813829664489414,0.02110325019888148,0.02651661604928851,0.0813609109875068,0.013346472772139028
1.0111034,0.0036689590671736953,0.10475054684518588,0.035482783727764,0.0031310490239210348,0.02134989167932568,0.026828140057423924,0.08063271638437022,0.01343671466974877
1.011569,0.0036261840987061103,0.1051516511122946,0.035662243754958134,0.00318090286329284,0.02159789563810633,0.027140218338773725,0.0799019914782846,0.013526321905432964
1.0120345,0.003584219286713497,0.10554699797528402,0.035840553510586536,0.003230939827035019,0.021847224848466688,0.02745278718441291,0.07916886420265228,0.013615280938155254
1.0125,0.003543061370165376,0.10593654137651247,0.0360177024303099,0.0032811553757967162,0.022097841410236053,0.027765782444855988,0.0784334625290807,0.013703578342839893
1.0129655,0.003502706967519563,0.1063202363657464,0.036193680453807296,0.0033315450878434964,0.022349706759959,0.02807913954820379,0.07769591443072296,0.013791200814398356
1.013431,0.0034631525783929674,0.1066980391097279,0.036368478028148285,0.0033821046584399397,0.022602781681347987,0.02839279351853264,0.07695634784582038,0.013878135171769296
1.0138966,0.00342439458524066,0.10706990690143801,0.03654208611096957,0.003432829899176781,0.02285702631605802,0.028706678994522093,0.0762148906414613,0.013964368361970753
1.0143621,0.003386429255042808,0.10743579816905013,0.03671449617345346,0.0034837167372424416,0.023112400174781878,0.029020730248317306,0.07547167057756883,0.014049887464163387
1.0148276,0.003349252740999072,0.10779567248456727,0.036885700203105616,0.0035347612146388084,0.023368862148664342,0.029334881204621892,0.07472681527113066,0.014134679693723475
1.0152931,0.003312861084230109,0.10814949057213677,0.03705569070632997,0.0035859594873411103,0.02362637052103351,0.02964906546001699,0.07398045216068244,0.014218732406324267
1.0157586,0.0032772502154858195,0.10849721431603583,0.03722446071079939,0.00363730782440174,0.023884882979447315,0.029963216302501962,0.07323270847105623,0.014302033102024244
1.0162241,0.0032424159568600346,0.10883880676832071,0.037392003767621196,0.003688802606997862,0.02414435662805312,0.030277266731251966,0.07248371117840444,0.014384569429360682
1.0166897,0.0032083540235113427,0.10917423215613252,0.03755831395329707,0.0037404403274226717,0.02440474800025813,0.03059114947658731,0.07173358697550956,0.014466329189446875
1.0171552,0.0031750600253898044,0.10950345588865312,0.037723385871477506,0.0037922175880201643,0.02466601307170837,0.030904797020149387,0.0709824622373891,0.01454730034007123
1.0176207,0.0031425294689693124,0.10982644456370519,0.037887214654510996,0.0038441311000632847,0.024928107273573738,0.031218141615277712,0.07023046298720462,0.01462747099979635
1.0180862,0.0031107577589853577,0.1101431659739929,0.03804979596478865,0.0038961776825753506,0.02519098550613675,0.03153111530758242,0.0694777148624839,0.014706829452056017
1.0185517,0.00307974020017796,0.1104535891129813,0.03821112599588554,0.00394835426109468,0.025454602152682346,0.031843649955706474,0.06872434308166517,0.014785364149247986
1.0190172,0.003049471999039534,0.11075768418041462,0.03837120147350052,0.004000657866382407,0.025718911093686143,0.032155677252271475,0.06797047241097202,0.014863063716820292
1.0194828,0.0030199482655674536,0.11105542258747583,0.03853001965619704,0.004053085633073573,0.025983865721298318,0.032467128745001156,0.06721622713162825,0.014939916957348753
1.0199483,0.0029911640150210796,0.11134677696159057,0.03868757833594806,0.0041056347982716445,0.026249418954120255,0.03277793585801616,0.06646173100742134,0.0150159128546032
1.0204138,0.0029631141696830304,0.11163172115087976,0.03884387583848826,0.004158302700086698,0.026515523252270894,0.033088029913293626,0.06570710725262344,0.015091040577599935
1.0208793,0.0029357935606244877,0.1119102302282642,0.038998911023477,0.004211086776117607,0.026782130632739598,0.03339734215228488,0.0649524785002781,0.015165289484637865
1.0213448,0.0029091969294743245,0.11218228049522538,0.0391526832844756,0.004263984561878658,0.02704919268502207,0.03370580375768422,0.0641979667708609,0.015238649127315674
1.0218103,0.002883318930191853,0.11244784948522528,0.03930519254874244,0.004316993689171135,0.027316660587035906,0.03401334587534174,0.06344369344132172,0.015311109254527297
1.0222759,0.0028581541308429948,0.11270691596678772,0.039456439276849574,0.004370111884400527,0.02758448512131189,0.034319899636312726,0.06268977921451685,0.015382659816432982
1.0227414,0.0028336970153796655,0.11295945994624396,0.03960642446212444,0.004423336966840141,0.027852616691457187,0.03462539617903603,0.061936344089038094,0.015453290968403064
1.0232069,0.002809941985422151,0.1132054626701442,0.0397551496299203,0.004476666846841966,0.02812100533888624,0.03492976667163347,0.06118350732944716,0.015522993074931634
1.0236724,0.002786883362044244,0.1134449066273365,0.03990261683671882,0.004530099523995738,0.028389600759815118,0.035232942334322226,0.0604313874369224,0.015591756713517119
1.0241379,0.0027645153875608883,0.11367777555071344,0.04004882866906803,0.004583633085237171,0.028658352322514676,0.03553485446193176,0.05968010212032562,0.01565957267850679
1.0246034,0.0027428322273180795,0.11390405441862707,0.040193788242358704,0.00463726570290639,0.0289272090848179,0.03583543444651668,0.05892976826769673,0.01572643198490213
1.025069,0.0027218279714847663,0.11412372945597106,0.04033749919944187,0.00469099563275767,0.029196119811876486,0.036134613800056614,0.05818050191818379,0.015792325872122003
1.0255345,0.002701496636846506,0.11433678813492944,0.040479965709089745,0.00474482121192163,0.02946503299416162,0.03643232417723427,0.05743241823441619,0.01585724580772046
1.026,0.0026818321686006325,0.11454321917538994,0.040621192464302104,0.004798740856821099,0.02973389686570363,0.03672849739828222,0.05668563147532813,0.015921183491056073
1.0264655,0.002662828442152728,0.11474301254502028,0.04076118468045984,0.004852753061041875,0.030002659422565043,0.037023065471889306,0.055940254969439426,0.015984130856909466
1.026931,0.0026444792649141656,0.11493615945900454,0.040899948093327004,0.00490685639315965,0.030271268441541266,0.03731596061815717,0.05519640108860006,0.01604608007904583
1.0273966,0.00262677837810053,0.11512265237943622,0.04103748895690243,0.00496104949452432,0.030539671499083026,0.03760711529159739,0.05445418122220506,0.016107023573719147
1.0278621,0.0026097194585307077,0.11530248501436437,0.041173814041121415,0.005015331077002941,0.03080781599043429,0.03789646220415948,0.0537137057518856,0.016166954003114867
1.0283276,0.002593296120426447,0.11547565231648844,0.04130893062940786,0.005069699920682559,0.031075649148979173,0.03818393434827984,0.05297508402668229,0.016225864278727787
1.0287931,0.00257750191721218,0.1156421504814975,0.04144284651607674,0.005124154871534202,0.031343118065791174,0.03846946501994134,0.05223842433870624,0.016283747564671925
1.0292586,0.0025623303433148946,0.11580197694604856,0.04157557000358662,0.005178694839039307,0.03161016970937781,0.03875298784173312,0.05150383389929418,0.016340597280919196
1.0297241,0.002547774835963842,0.11595513038538058,0.041707109899641534,0.005233318793779922,0.031876750945613305,0.039034436785899726,0.0507714188156633,0.01639640710646369
1.0301897,0.002533828776989863,0.1161016107105606,0.04183747551414141,0.005288025764994011,0.032142808557851954,0.03931374619736864,0.050041284068072456,0.01645117098240843
1.0306552,0.0025204854946240954,0.11624141906536144,0.04196667665598022,0.005342814838097219,0.032408289267214355,0.03959085081674485,0.049313533487495766,0.016504883114971596
1.0311207,0.0025077382652958233,0.11637455782277195,0.0420947236296907,0.005397685152172455,0.0326731397530386,0.03986568580326083,0.04858826973381494,0.016557537978409285
1.0315862,0.0024955803154292086,0.1165010305811437,0.042221627231934865,0.005452635897428624,0.03293730667348826,0.04013818675767042,0.047865594274536405,0.016609130317852022
1.0320517,0.002484004823238632,0.11662084215997942,0.04234739874783972,0.005507666312629814,0.03320073668630864,0.04040828974507471,0.04714560736403913,0.016659655152052134
1.0325172,0.002473004920522352,0.11673399859537098,0.04247204994717789,0.005562775682496226,0.03346337646972297,0.04067593131766811,0.046428408023358785,0.01670910777603909
1.0329828,0.0024625736944541756,0.11684050713509554,0.04259559308039315,0.005617963335078096,0.03372517274345943,0.040941048537392534,0.04571409402051358,0.016757483763679835
1.0334483,0.0024527041893728243,0.11694037623337979,0.042718040874471466,0.0056732286391038425,0.033986072289900304,0.04120357899848766,0.04500276185137697,0.01680477897014093
1.0339138,0.002443389408568665,0.11703361554534215,0.042839406528658176,0.00572857100130372,0.03424602197534384,0.04146346084992492,0.04429450672110194,0.016850989534249378
1.0343793,0.0024346223160674656,0.11712023592112235,0.042959703710022334,0.005783989863710293,0.034504968771369444,0.041720632817712704,0.04358942252610118,0.016896111880748795
1.0348448,0.0024263958384108265,0.11720024939970723,0.043078946548869075,0.005839484700937132,0.0347628597762964,0.04197503422706005,0.0428876018365873,0.016940142722447697
1.0353103,0.0024187028664329206,0.1172736692024615,0.043197149634000724,0.005895055017437224,0.035019642236726184,0.042226605024386174,0.04218913587967666,0.016983079062256594
1.0357759,0.002411536257033183,0.11734050972637104,0.04331432800782742,0.005950700344742696,0.035275263569157944,0.0424752857991631,0.041494114523060066,0.017024918195110556
1.0362414,0.002404888834944569,0.11740078653700572,0.04343049716132782,0.0060064202386875334,0.035529671381666836,0.04272101780557888,0.0408026262592433,0.01706565770977408
1.0367069,0.002398753394497013,0.11745451636120867,0.04354567302886004,0.006062214276615051,0.035782813495634204,0.04296374298400906,0.04011475819036002,0.017105295490525103
1.0371724,0.0023931227013757185,0.11750171707951859,0.04365987198282321,0.006118082054571868,0.0360346379675185,0.04320340398228402,0.03943059601355924,0.01714382971871523
1.0376379,0.0023879894943739143,0.11754240771833244,0.043773110828169357,0.006174023184490175,0.03628509311065556,0.043439944176740165,0.038750224006969335,0.01718125887420352
1.0381034,0.002383346487139735,0.11757660844181521,0.04388540679676568,0.006230037291360052,0.0365341275170765,0.04367330769304303,0.03807372501623996,0.017217581736661512
1.038569,0.0023791863699168855,0.11760434054356447,0.04399677754160702,0.006286124010393572,0.03678169007933115,0.04390343942677038,0.037401180441663275,0.017252797386747464
1.0390345,0.0023755018112787698,0.11762562643803634,0.04410724113087793,0.006342282984182368,0.037027730012304694,0.04413028506374392,0.036732670225875154,0.017286905207148276
1.0395,0.0023722854598557668,0.1176404896517395,0.04421681604186427,0.0063985138598503435,0.037272196875014874,0.04435379110009822,0.03606827284213697,0.017319904883487773
1.0399655,0.002369529946055352,0.11764895481420365,0.04432552115471351,0.006454816286203152,0.03751504059237677,0.0445739048620759,0.0354080652831982,0.017351796405100338
1.040431,0.0023672278837747604,0.11765104764872826,0.044433375746043405,0.0065111899108760436,0.0377562114769218,0.04479057452553826,0.0347521230507398,0.01738258006566919
1.0408966,0.002365371872105892,0.11764679496291752,0.04454039948239839,0.006567634377481683,0.037995660250457364,0.04500374913518093,0.03410052014539786,0.017412256463728924
1.0413621,0.002363954497032189,0.11763622463900747,0.04464661241355346,0.0066241493227594565,0.038233338065653454,0.045213378623444364,0.03345332905736701,0.01744082650303258
1.0418276,0.0023629683331171905,0.11761936562399061,0.044752034965664995,0.006680734373727814,0.03846919652754217,0.04541941382910916,0.03281062075758228,0.017468291392784083
1.0422931,0.002362405945184498,0.11759624791954328,0.04485668793426806,0.006737389144841156,0.03870318771491633,0.04562180651556692,0.03217246468947836,0.017494652647737384
1.0427586,0.002362259889988878,0.11756690257175968,0.04496059247711937,0.006794113235152727,0.038935264201613536,0.04582050938875728,0.03153892876132455,0.017519912088164037
1.0432241,0.0023625227178782292,0.1175313616606974,0.04506377010688511,0.006850906225485015,0.03916537907767238,0.04601547611476208,0.030910079339133454,0.017544071839691013
1.0436897,0.002363186974446145,0.11748965828973784,0.045166242683672086,0.006907767675609143,0.03939348597034786,0.04620666133704771,0.030285981240141247,0.017567134333010725
1.0441552,0.002364245202174795,0.11744182657476553,0.04526803240740085,0.006964697121434719,0.0396195390649732,0.046394020693346534,0.029666697726857105,0.017589102303465096
1.0446207,0.0023656899420678433,0.11738790163316902,0.045369161810019196,0.007021694072211585,0.03984349312565564,0.046577510832168205,0.029052290501678922,0.017609978790505368
1.0450862,0.002367513735273117,0.11732791957266644,0.045469653747554864,0.007078758007744926,0.04006530351579325,0.046757089428931524,0.028442819702072356,0.01762976713702944
1.0455517,0.0023697091246947244,0.11726191747995765,0.04556953139200677,0.007135888375625149,0.04028492621840042,0.0469327152017072,0.027838343896309934,0.017648470988598255
1.0460172,0.0023722686565943105,0.11718993340920458,0.045668818223074614,0.007193084588473951,0.0405023178562288,0.04710434792656167,0.02723892007976669,0.017666094292532693
1.0464828,0.0023751848821811396,0.1171120063703411,0.04576753801972768,0.00725034602120802,0.04071743571167082,0.04727194845249246,0.026644603671768553,0.01768264129689249
1.0469483,0.002378450359190687,0.11702817631721356,0.04586571485161359,0.007307672008321807,0.040930237746432396,0.04743547871594493,0.02605544851298948,0.0176981165493385
1.0474138,0.002382057653451432,0.1169384841355534,0.0459633730703082,0.00736506184119082,0.0411406826209612,0.047594901754900665,0.02547150686339318,0.017712524895879708
1.0478793,0.0023859993404395444,0.11684297163078368,0.046060537300407975,0.007422514765396908,0.041348729713616944,0.047750181722527284,0.024892829400714953,0.017725871479506244
1.0483448,0.0023902680068211587,0.11674168151566164,0.04615723243046597,0.007480029978076998,0.04155433913956976,0.04790128390037975,0.024319465219478975,0.017738161738709825
1.0488103,0.002394856251981966,0.11663465739775944,0.04625348360377308,0.007537606625296786,0.04175747176941278,0.04804817471114284,0.023751461830546272,0.017749401405892696
1.0492759,0.0023997566895438377,0.11652194376678572,0.04634931620898598,0.0075952437994508005,0.041958089247475155,0.048190821730904436,0.02318886516118816,0.01775959650566629
1.0497414,0.0024049619488682285,0.1164035859817503,0.04644475587060321,0.007652940536690245,0.042156154009821596,0.04832919370094944,0.02263171955567996,0.017768753353040602
1.0502069,0.0024104646765461166,0.11627963025797519,0.04653982843929087,0.007710695814380001,0.04235162930192447,0.04846326053906366,0.022080067776409515,0.01777687855150525
1.0506724,0.002416257537874253,0.11615012365395491,0.046634559982059565,0.007768508548586104,0.04254447919599453,0.04859299335033774,0.021533951005494895,0.01778397899100313
1.0511379,0.0024223332183175017,0.1160151140580701,0.046728976772294546,0.007826377591594985,0.0427346686079561,0.04871836443746073,0.020993408846905433,0.017790061845797515
1.0516034,0.0024286844249570647,0.11587465017515867,0.04682310527964144,0.007884301729465738,0.042922163314052506,0.04883934731049399,0.02045847932908005,0.017795134572233383
1.052069,0.0024353038879244,0.11572878151294864,0.04691697215975015,0.007942279679616653,0.04310692996706774,0.04895591669611668,0.019929198908036787,0.01779920490639377
1.0525345,0.002442184361820632,0.11557755836835701,0.04701060424387963,0.008000310088447276,0.04328893611215067,0.049068048546334904,0.019405602470967162,0.01780228086165197
1.053,0.0024493186271212723,0.11542103181365809,0.047104028528366086,0.008058391528997238,0.043468150202229,0.049175720046647484,0.01888772334030894,0.017804370726120344
1.0534655,0.002456699491566057,0.11525925368252479,0.047197272163957145,0.008116522498643182,0.04364454161300099,0.0492789096236623,0.018375593278290754,0.01780548305999667
1.053931,0.002464319791533718,0.11509227655594476,0.04729036244501436,0.008174701416835052,0.0438180806574942,0.049377596952158126,0.01786924249194185,0.017805626692808742
1.0543966,0.002472172393401488,0.11492015374801384,0.047383326798586284,0.00823292662287309,0.04398873860018104,0.04947176296158775,0.01736869963856008,0.017804810720558048
1.0548621,0.002480250194889147,0.11474293929160884,0.04747619277335436,0.008291196373726778,0.04415648767064158,0.04956138984201908,0.016873991831631265,0.017803044502763328
1.0553276,0.00248854612638738,0.11456068792394129,0.0475689880284538,0.008349508841897068,0.04432130107676403,0.049646461049511974,0.016385144647192654,0.017800337659404763
1.0557931,0.002497053152270228,0.11437345507199442,0.047661740322171506,0.008407862113323106,0.04448315301747361,0.04972696131092931,0.015902182130633328,0.01779670006776956
1.0562586,0.002505764272191383,0.11418129683784532,0.0477544775005232,0.00846625418533472,0.04464201869497995,0.04980287662818184,0.015425126803924095,0.017792141859199594
1.0567241,0.002514672522364055,0.11398426998387506,0.04784722748571216,0.008524682964651894,0.0447978743265336,0.04987419428190712,0.014953999673269325,0.01778667341574179
1.0571897,0.0025237709768241357,0.11378243191786902,0.04794001826447164,0.00858314626543241,0.044950697155681764,0.04994090283458332,0.014488820237173086,0.01778030536670165
1.0576552,0.0025330527486763445,0.11357584067800955,0.04803287787629356,0.008641641807368764,0.0451004654630143,0.05000299213307946,0.01402960649491175,0.017773048585100384
1.0581207,0.0025425109913230466,0.11336455491776266,0.048125834401545935,0.008700167213835461,0.04524715857639156,0.05006045331064338,0.01357637495540528,0.017764914184035984
1.0585862,0.0025521388996753947,0.11314863389066049,0.04821891594948211,0.008758720010087716,0.04539075688064654,0.050113278788329066,0.013129140646479211,0.017755913512948675
1.0590517,0.0025619297113464354,0.11292813743498098,0.04831215064614542,0.008817297621512543,0.045531241826755234,0.05016146227586459,0.012687917124509394,0.017746058153791232
1.0595172,0.002571876707825804,0.11270312595832717,0.04840556662217351,0.008875897371933198,0.04566859594047047,0.05020499877196161,0.012252716484441454,0.017735359917104794
1.0599828,0.0025819732156356127,0.11247366042210888,0.04849919200050744,0.008934516481967884,0.0458028028304156,0.05024388456406746,0.011823549370177058,0.01772383083800102
1.0604483,0.0025922126074671282,0.11223980232593062,0.048593054884011104,0.008993152067443602,0.045933847195635896,0.05027811722756048,0.011400424985318892,0.017711483172051505
1.0609138,0.002602588303297825,0.11200161369188973,0.048687183343006965,0.009051801137866015,0.04606171483260643,0.0503076956243894,0.010983351104266346,0.017698329391085427
1.0613793,0.0026130937714883987,0.11175915704878975,0.048781605402734234,0.009110460594946142,0.04618639264169645,0.05033261990115762,0.01057233408365382,0.01768438217889629
1.0618448,0.002623722529859325,0.11151249541627374,0.04887634903073567,0.009169127231184664,0.046307868633091095,0.050352891486653464,0.010167378874123518,0.017669654426858597
1.0623103,0.002634468146746549,0.11126169228888191,0.04897144212417935,0.009227797728514654,0.04642613193217216,0.05036851308882776,0.009768489032424573,0.017654159229455135
1.0627759,0.0026453242420359214,0.1110068116200382,0.049066912497121945,0.009286468657003472,0.046541172784360124,0.05037948869122045,0.009375666733830218,0.01763790987971538
1.0632414,0.0026562844881760418,0.11074791780596953,0.049162787867720915,0.009345136473614613,0.046652982559420096,0.05038582354883798,0.008988912784864786,0.017620919864565546
1.0637069,0.0026673426111692208,0.1104850756695621,0.049259095845403375,0.009403797521030327,0.04676155375523435,0.05038752418348401,0.008608226636332261,0.01760320286009052
1.0641724,0.0026784923915403385,0.11021835044415948,0.04935586391799998,0.009462448026535826,0.046866880001044234,0.0503845983785459,0.008233606396638149,0.017584772726708078
1.0646379,0.002689727665283432,0.10994780775730838,0.04945311943885296,0.009521084100965962,0.046968956060163776,0.050377055173240017,0.007865048845396462,0.017565643504255674
1.0651034,0.0027010423247858855,0.10967351361445883,0.04955088961390776,0.00957970173771532,0.047067777832167416,0.0503649048563194,0.007502549447313747,0.017545829406990295
1.065569,0.002712430319730135,0.10939553438262675,0.04964920148879842,0.009638296811812708,0.04716334235455372,0.05034815895924759,0.007146102366342114,0.01752534481850185
1.0660345,0.002723885657972797,0.10911393677402728,0.04974808193593686,0.009696865079061113,0.04725564780388692,0.05032683024884322,0.006795700480093391,0.017504204286540825
1.0665,0.0027354024064011368,0.10882878782968779,0.049847557641616476,0.009755402175244243,0.047344693496418004,0.05030093271940084,0.006451335394506513,0.017482422517760783
1.0669655,0.0027469746917667967,0.1085401549030487,0.049947655093140406,0.009813903615400806,0.04743047988818717,0.05027048158429394,0.006112997458760392,0.017460014372376605
1.067431,0.002758596701496686,0.10824810564356052,0.0500484005659847,0.009872364793167655,0.04751300857460918,0.05023549326706716,0.005780675780424437,0.01743699485873917
1.0678966,0.00277026268448094,0.10795270798028388,0.050149820111006334,0.009930780980192962,0.04759228228954371,0.05019598539202542,0.00545435824083894,0.01741337912782761
1.0683621,0.0027819669518378744,0.10765403010549986,0.050251939541706016,0.009989147325620467,0.04766830490385265,0.05015197677432856,0.005134031510717497,0.017389182467660365
1.0688276,0.0027937038776558827,0.10735214045833656,0.05035478442155561,0.010047458855645851,0.04774108142344698,0.05010348740960067,0.0048196810659636045,0.017364420297626693
1.0692931,0.002805467899712242,0.10704710770841772,0.05045838005139964,0.010105710473146233,0.0478106179868261,0.05005053846306369,0.004511291203693564,0.01733910816274034
1.0697586,0.002817253520168857,0.10673900073953878,0.05056275145694025,0.010163896957383763,0.047876921862113224,0.049993152258205616,0.0042088450584577665,0.017313261727817345
1.0702241,0.0028290553062449903,0.10642788863337527,0.050667923376314906,0.010222012963784347,0.047940001443590945,0.04993135226499346,0.003912324618652433,0.017286896771579886
1.0706897,0.0028408678908670845,0.1061138406532274,0.050773920247775634,0.01028005302379255,0.04799986624774163,0.049865163087641586,0.00362171074311389,0.017260029180688273
1.0711552,0.0028526859732958183,0.10579692622780484,0.050880766197478944,0.010338011544803818,0.048056526908797505,0.049794610451945914,0.0033369831778874556,0.01723267494370307
1.0716207,0.0028645043197305722,0.10547721493505462,0.050988485027394996,0.010395882810175228,0.04810999517380529,0.04971972119219435,0.003058120573163022,0.01720485014497955
1.0720862,0.002876317763891489,0.10515477648603513,0.05109710020334483,0.010453660979316052,0.048160283897210464,0.049640523237663464,0.002785100500369442,0.017176570958496683
1.0725517,0.002888121207579334,0.10482968070883855,0.051206634843174004,0.010511340087859445,0.04820740703496574,0.049557045598711214,0.0025178994694198464,0.017147853641622936
1.0730172,0.002899909621213357,0.1045019975325635,0.05131711170507071,0.010568914047916612,0.048251379638168446,0.049469318352475485,0.002256492946100053,0.017118714528821154
1.0734828,0.0029116780443473366,0.10417179697133983,0.05142855317603598,0.01062637664841482,0.04829221784623092,0.04937737262818785,0.0020008553695922827,0.017089170025294673
1.0739483,0.002923421586164002,0.10383914910840618,0.05154098126051381,0.010683721555520548,0.048329938879587905,0.04928124059211208,0.001750960170126454,0.0170592366005768
1.0744138,0.002935135425947992,0.10350412408024132,0.051654417569188225,0.010740942313149072,0.048364561031944656,0.049180955432117174,0.0015067797867514094,0.017028930782065754
1.0748793,0.0029468148135375094,0.10316679206074839,0.05176888330795428,0.010798032343561659,0.04839610366206922,0.049076551341894856,0.0012682856852184884,0.016998269148507283
1.0753448,0.002958455069754825,0.10282722324549129,0.05188439926706958,0.01085498494805155,0.04842458718513196,0.048968063504831745,0.001035448375969961,0.016967268323427223
1.0758103,0.002970051586815756,0.10248548783598146,0.05200098581049262,0.01091179330771982,0.04845003306359529,0.048855528077546694,0.0008082374322249239,0.016935944968516758
1.0762759,0.002981599828718246,0.10214165602401272,0.052118662865413716,0.010968450484342132,0.04847246379765615,0.04873898217310421,0.0005866215081553526,0.016904315776973357
1.0767414,0.0029930953316101914,0.1017957979760419,0.05223744991198402,0.011024949421327437,0.048491902915243704,0.04861846384391523,0.0003705683571450794,0.016872397466800776
1.0772069,0.0030045337041366537,0.10144798381761305,0.052357365973247603,0.011081282944769521,0.04850837496157436,0.04849401206433664,0.00016004485012453834,0.016840206774071647
1.0776724,0.003015910627766594,0.10109828361782344,0.05247842960528136,0.011137443764592306,0.04852190548826619,0.04836566671298131,-4.498300602583128e-05,0.016807760446156172
1.0781379,0.0030272218570992853,0.10074676737382986,0.052600658887546996,0.01119342447578974,0.048532521042014665,0.04823346855475051,-0.0002445500500105556,0.01677507523492046
1.0786034,0.003038463220150538,0.10039350499539455,0.052724071413459,0.011249217559761044,0.048540249152832005,0.04809745922260087,-0.0004386919475994176,0.016742167889897838
1.079069,0.0030496306186188916,0.10003856628947096,0.05284868428117196,0.011304815385742049,0.04854511832185315,0.04795768119905778,-0.0006274451730599245,0.016709055151436485
1.0795345,0.0030607200281319133,0.09968202094482964,0.05297451408459045,0.011360210212333209,0.04854715800871222,0.04781417779748768,-0.0008108469905487149,0.016675753743826523
1.08,0.0030717274984727494,0.09932393851672613,0.053101576904604306,0.011415394189124838,0.04854639861849463,0.04766699314314112,-0.0009889354354685898,0.01664228036840973
1.0804655,0.003082649153787078,0.09896438841161247,0.05322988830055158,0.011470359358420034,0.0485428714882713,0.04751617215397856,-0.0011617492957977798,0.016608651696674845
1.080931,0.0030934811927705932,0.09860343987189485,0.0533594633019116,0.011525097657055679,0.04853660887322215,0.04736176052129077,-0.0013293280933980086,0.016574884363341463
1.0813966,0.0031042198888371654,0.09824116196073983,0.05349031640022984,0.011579600918321817,0.048527643932356694,0.047203804690125487,-0.0014917120653078673,0.016540994959435316
1.0818621,0.0031148615902677973,0.0978776235469312,0.05362246154127594,0.011633860873979674,0.04851601071384003,0.047042351839531975,-0.0016489421450279896,0.016507000025357866
1.0823276,0.003125402720340499,0.09751289328978002,0.053755912117436126,0.011687869156378441,0.04850174413993234,0.04687744986263451,-0.0018010599438044851,0.016472916043952922
1.0827931,0.0031358397774411814,0.09714703962408955,0.05389068096034077,0.01174161730067093,0.04848487999155008,0.04670914734654608,-0.0019481077319170644,0.016438759433572987
1.0832586,0.0031461693351556618,0.09678013074517822,0.05402678033372761,0.011795096747128043,0.04846545489245681,0.04653749355213312,-0.002090128419978268,0.016404546541147993
1.0837241,0.003156388042342846,0.09641223459396303,0.05416422192654097,0.011848298843551998,0.04844350629309183,0.046362538393641885,-0.0022271655402501746,0.0163702936352589
1.0841897,0.003166492623189131,0.09604341884210679,0.054303016846266726,0.011901214847788104,0.048419072454044386,0.046184332418197103,-0.0023592632279849338,0.01633601689921871
1.0846552,0.003176479877244057,0.0956737508772324,0.054443175612502684,0.011953835930334802,0.04839219242918167,0.046002926785183376,-0.0024864662027954255,0.016301732424163305
1.0851207,0.003186346679437208,0.0953032977882074,0.05458470815076371,0.01200615317705159,0.04836290604843966,0.04581837324551933,-0.002608819750062282,0.016267456202154418
1.0855862,0.0031960899800763448,0.09493212635050219,0.054727623786520636,0.012058157591964344,0.04833125390028635,0.04563072412083484,-0.002726369702383401,0.016233204119297254
1.0860517,0.003205706804826768,0.09456030301162482,0.05487193123947185,0.01210984010016746,0.04829727731386815,0.045440032282561243,-0.002839162421071978,0.016198991948875058
1.0865172,0.0032151942546718745,0.09418789387663559,0.055017638618046434,0.012161191550822181,0.04826101834085113,0.045246351130944044,-0.0029472447777089354,0.016164835344503303
1.0869828,0.003224549505854885,0.09381496469374384,0.05516475341413788,0.012212202720250325,0.04822251973696953,0.045049734573987595,-0.0030506641357555134,0.016130749833306188
1.0874483,0.0032337698098017283,0.09344158083998946,0.05531328249806745,0.01226286431512261,0.04818182494329485,0.04485023700634096,-0.0031494683322316687,0.016096750809118383
1.0879138,0.0032428524930250622,0.09306780730701114,0.05546323211377628,0.012313166975740683,0.04813897806723888,0.04464791328813415,-0.0032437056594658495,0.016062853525715202
1.0883793,0.0032517949570094328,0.09269370868690395,0.05561460787424549,0.012363101279411873,0.04809402386330481,0.04444281872377398,-0.0033334248469216385,0.01602907309007445
1.0888448,0.003260594678077574,0.0923193491581688,0.055767414757143474,0.012412657743915638,0.04804700771360007,0.0442350090407084,-0.0034186750431066796,0.015995424455673382
1.0893103,0.003269249207237863,0.09194479247175774,0.05592165710069947,0.012461826831060572,0.04799797560812486,0.04402454036816882,-0.003499505797569201,0.015961922415824274
1.0897759,0.003277756170012961,0.09157010193721996,0.05607733859980197,0.012510598950330723,0.04794697412484991,0.04381146921589954,-0.0035759670429873266,0.01592858159705215
1.0902414,0.0032861132662496944,0.09119534040895505,0.056234462302320536,0.01255896446261993,0.04789405040959734,0.04359585245288389,-0.0036481090773562153,0.01589541645251835
1.0907069,0.003294318269910228,0.09082057027258057,0.05639303060564936,0.012606913684052859,0.0478392521557382,0.043377747286076684,-0.003715982546277911,0.015862441255493492
1.0911724,0.003302369028844608,0.09044585343142295,0.05655304525347027,0.012654436889891266,0.04778262758372046,0.04315721123915263,-0.003779638425358604,0.01582967009288346
1.0916379,0.0033102634645447507,0.09007125129314068,0.05671450733273313,0.012701524318524057,0.04772422542044107,0.04293430213128059,-0.003839128002717823,0.01579711685881188
1.0921034,0.0033179995718799695,0.08969682475648988,0.05687741727085132,0.012748166175539517,0.0476640948784754,0.04270907805593348,-0.0038945028616139306,0.015764795248262603
1.092569,0.003325575418814145,0.08932263419824202,0.05704177483310958,0.012794352637878084,0.04760228563517718,0.042481597359743495,-0.003945814863190131,0.01573271875078549
1.0930345,0.0033329891461046568,0.08894873946026419,0.057207579120281765,0.01284007385806387,0.047538847811661615,0.042251918621412664,-0.0039931161293451185,0.015700900644268902
1.0935,0.0033402389669831946,0.08857519983677158,0.05737482856645606,0.012885319968513116,0.047473831951684316,0.04202010063068831,-0.004036459025732367,0.015669353988782213
1.0939655,0.0033473231668185756,0.0882020740617621,0.057543520937064836,0.01293008108591756,0.047407289000428135,0.0417862023674131,-0.004075896144892021,0.015638091620491554
1.094431,0.0033542401027616747,0.08782942029664186,0.057713653327116345,0.012974347315700676,0.047339270283209924,0.041550282980659145,-0.004111480289519258,0.015607126145652083
1.0948966,0.003360988203372569,0.08745729611805,0.05788522215962472,0.013018108756544577,0.04726982748411896,0.04131240176795533,-0.00414326445587291,0.015576469934679867
1.0953621,0.0033675659682299674,0.08708575850589131,0.05805822318423478,0.013061355504985323,0.04719901262459851,0.04107261815461685,-0.004171301817328039,0.015546135116306443
1.0958276,0.0033739719675230017,0.08671486383158356,0.058232651476037345,0.013104077660074277,0.047126878041982005,0.04083099167318568,-0.004195645708076073,0.015516133571818972
1.0962931,0.0033802048416254225,0.0863446678465266,0.058408501434571124,0.013146265328103039,0.04705347636799505,0.0405875819429906,-0.004216349606976024,0.01548647692938892
1.0967586,0.0033862633006522575,0.0859752256707992,0.058585766783006574,0.013187908627389429,0.04697886050723434,0.040342448649835154,-0.004233467121560212,0.015457176558492082
1.0972241,0.00339214612399897,0.08560659178208935,0.0587644405675076,0.01322899769312192,0.04690308361563418,0.040095651525821424,-0.004247051972197877,0.01542824356442275
1.0976897,0.0033978521598631716,0.08523882000486262,0.058944515156767054,0.013269522682259687,0.04682619907893101,0.03984725032931754,-0.004257157976419957,0.015399688782904788
1.0981552,0.003403380324748958,0.08487196349977294,0.059125982241712546,0.013309473778485514,0.046748260491136395,0.03959730482507629,-0.004263839033408234,0.01537152277480223
1.0986207,0.0034087296029539477,0.08450607475331959,0.05930883283537913,0.013348841197208626,0.04666932163302808,0.03934587476451211,-0.004267149108651929,0.015343755820931898
1.0990862,0.003413899046039138,0.08414120556775381,0.05949305727294618,0.013387615190614394,0.046589436450669035,0.03909301986614316,-0.004267142218774758,0.015316397916980475
1.0995517,0.003418887772281724,0.08377740705123876,0.05967864521193579,0.01342578605275785,0.046508659033963604,0.03883879979620526,-0.004263872416535337,0.015289458768528294
1.1000172,0.0034236949661110585,0.08341472960826603,0.05986558563257018,0.013463344124697784,0.04642704359525983,0.03858327414944377,-0.0042573937760038046,0.01526294778618201
1.1004828,0.00342831987752799,0.08305322293033272,0.06005386683828561,0.013500279799668176,0.04634464444800637,0.03832650243008935,-0.004247760377917387,0.015236874080818169
1.1009483,0.0034327618215078417,0.08269293598688303,0.06024347645639988,0.013536583528283564,0.04626151598547266,0.03806854403302346,-0.004235026295217573,0.015211246458939582
1.1014138,0.003437020177387347,0.08233391701651828,0.06043440143893062,0.013572245823774932,0.046177712659539835,0.037809458225138724,-0.004219245578771425,0.015186073418146376
1.1018793,0.003441094388235897,0.0819762135184803,0.060626628063561075,0.013607257267252561,0.04609328895957053,0.03754930412689934,-0.004200472243279437,0.015161363142723507
1.1023448,0.003444983960211497,0.08161987224441247,0.060820141934750244,0.01364160851299226,0.0460082993913649,0.037288140694106305,-0.004178760253372168,0.015137123499346532
1.1028103,0.003448688461901847,0.08126493919040316,0.061014927984984146,0.013675290293741248,0.0459227984562103,0.03702602669987199,-0.004154163509897762,0.015113362032907533
1.1032759,0.0034522075236509955,0.08091145958931621,0.061210970476164785,0.013708293426039976,0.045836840630031656,0.03676302071680821,-0.004126735836402305,0.015090085962463048
1.1037414,0.0034555408368720317,0.08055947790341281,0.06140825300113328,0.013740608815556069,0.04575048034264974,0.03649918109943159,-0.004096530965804868,0.015067302177305935
1.1042069,0.0034586881533462885,0.08020903781726874,0.06160675848532336,0.013772227462426534,0.045663771957154,0.03623456596678991,-0.004063602527268944,0.015045017233163163
1.1046724,0.0034616492845095516,0.07986018223099084,0.061806469188541706,0.013803140466604413,0.04557676974939638,0.03596923318531274,-0.004028004033271966,0.015023237348521557
1.1051379,0.0034644241007257778,0.079512953253736,0.06200736670687112,0.013833339033205994,0.045489527887612534,0.035703240351889404,-0.00398978886687445,0.015001968401083702
1.1056034,0.0034670125305488126,0.07916739219753524,0.06220943197469334,0.01386281447785471,0.04540210041217657,0.03543664477717736,-0.0039490102691903065,0.01498121592435629
1.106069,0.003469414559972615,0.07882353957142565,0.06241264526682818,0.01389155823201781,0.04531454121549553,0.03516950346914387,-0.0039057213270597326,0.014960985104373287
1.1065345,0.003471630231670467,0.07848143507589192,0.06261698620078678,0.013919561848331893,0.04522690402204965,0.03490187311684372,-0.0038599749609260887,0.014941280776556229
1.107,0.003473659644223645,0.07814111759761927,0.06282243373913787,0.013946817005913287,0.04513924236858433,0.034633810074435945,-0.003811823912918066,0.014922107422714041
1.1074655,0.0034755029513400234,0.07780262520455945,0.06302896619198697,0.013973315515649185,0.045051609584459744,0.034365370345441876,-0.0037613207351384036,0.014903469168184571
1.107931,0.003477160361063059,0.07746599514131074,0.06323656121956964,0.013999049325465404,0.04496405877216362,0.034096609567247374,-0.003708517778160341,0.014885369779120063
1.1083966,0.003478632134971591,0.07713126382481304,0.06344519583496115,0.014024010525566493,0.04487664278799263,0.033827582995851715,-0.0036534671797329344,0.014867812659918694
1.1088621,0.0034799185873708675,0.07679846684035886,0.06365484640690565,0.014048191353643883,0.044789414222907324,0.03355834549086578,-0.003596220853696287,0.014850800850804218
1.1093276,0.003481020084475192,0.07646763893792065,0.06386548866276845,0.014071584200047659,0.04470242538356526,0.033288951500762345,-0.0035368304791077074,0.014834337025555712
1.1097931,0.003481937043582566,0.07613881402879523,0.06407709769161561,0.014094181612917485,0.0446157282735366,0.03301945504838157,-0.0034753474895797424,0.014818423489389306
1.1102586,0.0034826699322417012,0.07581202518256559,0.06428964794742469,0.014115976303268097,0.044529374574706106,0.032749909716695,-0.003411823062830985,0.014803062176993726
1.1107241,0.003483219267411787,0.07548730462438007,0.06450311325243122,0.014136961150024769,0.04444341562886502,0.03248036863483145,-0.003346308110450496,0.014788254650721372
1.1111897,0.0034835856146153937,0.07516468373254899,0.06471746680061483,0.014157129205004032,0.044357902419496616,0.0322108844643683,-0.0032788532678765976,0.014774002098936513
1.1116552,0.0034837695870849274,0.07484419303645826,0.06493268116132883,0.014176473697834941,0.04427288555375851,0.03194150938589171,-0.003209508884590723,0.014760305334522127
1.1121207,0.0034837718449030474,0.07452586221479932,0.06514872828307709,0.014194988040816047,0.04418841524466542,0.03167229508582875,-0.0031383250145269673,0.014747164793546715
1.1125862,0.003483593094137512,0.07420972009411476,0.06536557949744139,0.014212665833703208,0.04410454129347573,0.03140329274355499,-0.003065351406697903,0.01473458053409239
1.1130517,0.0034832340859709317,0.07389579464765846,0.06558320552316226,0.01422950086842329,0.04402131307228579,0.031134553018780254,-0.0029906374960371497,0.014722552235245361
1.1135172,0.003482695615825937,0.07358411299456893,0.065801576470376,0.014245487133708726,0.04393877950683622,0.030866126039215784,-0.0029142323944591265,0.01471107919624983
1.1139828,0.0034819785224863065,0.07327470139935446,0.0660206618450102,0.014260618819647873,0.043856989059534765,0.030598061388525687,-0.002836184882136286,0.014700160335826232
1.1144483,0.003481083687214622,0.07296758527168734,0.06624043055333985,0.014274890322146126,0.043775989712700414,0.030330408094565768,-0.0027565433989940485,0.014689794191654644
1.1149138,0.0034800120328670305,0.07266278916650491,0.06646085090670618,0.014288296247292645,0.04369582895203395,0.030063214617912764,-0.0026753560364235446,0.014679978920024143
1.1153793,0.003478764523005699,0.07236033678441418,0.06668189062640001,0.01430083141562757,0.04361655375032001,0.029796528840687064,-0.002592670529212189,0.014670712295648768
1.1158448,0.0034773421610095503,0.07206025097239661,0.06690351684871158,0.014312490866304517,0.04353821055136562,0.029530398055672116,-0.002508534247692043,0.014661991711650715
1.1163103,0.0034757459891838417,0.07176255372480954,0.06712569613014874,0.014323269861143241,0.04346084525418003,0.029264868955733585,-0.0024229941901058754,0.014653814179711282
1.1167759,0.003473977087869143,0.07146726618468091,0.06734839445282485,0.014333163888567368,0.04338450319740039,0.02899998762354138,-0.0023360969751907903,0.014646176330389993
1.1172414,0.0034720365745502333,0.07117440864529347,0.06757157723001767,0.014342168667422245,0.04330922914396789,0.028735799521597463,-0.0022478888349792363,0.014639074413612218
1.1177069,0.003469925602965423,0.0708840005520551,0.06779520931189995,0.014350280150668138,0.04323506726605848,0.028472349482572358,-0.002158415607817167,0.014632504299325473
1.1181724,0.0034676453622167723,0.07059606050465174,0.06801925499144236,0.014357494528944088,0.04316206113027266,0.028209681699952954,-0.002067722731599046,0.014626461478324576
1.1186379,0.0034651970758816653,0.07031060625947924,0.06824367801048846,0.014363808233997776,0.04309025368308879,0.02794783971900404,-0.0019758552372193313,0.014620941063245617
1.1191034,0.0034625820011261682,0.07002765473235048,0.06846844156600174,0.014369217941976733,0.04301968723658463,0.02768686642804577,-0.0018828577422400268,0.01461593778972867
1.119569,0.0034598014278205843,0.06974722200147372,0.0686935083164842,0.014373720576576298,0.042950403454432254,0.027426804050049054,-0.0017887744447738177,0.014611446017749136
1.1200345,0.0034568566776575853,0.0694693233106979,0.06891884038856583,0.014377313312039766,0.042882443338171705,0.027167694134550547,-0.0016936491175822892,0.014607459733117554
1.1205,0.003453749103273302,0.06919397307301997,0.06914439938376415,0.014379993576006443,0.04281584721376872,0.026909577549888795,-0.0015975251023886544,0.014603972549147791
1.1209655,0.0034504800873717055,0.0689211848743492,0.06937014638541313,0.01438175905220366,0.04275065471846212,0.02665249447576278,-0.0015004453044043628,0.014600977708493494
1.121431,0.0034470510418526095,0.0686509714775226,0.06959604196576046,0.014382607682979241,0.04268690478790612,0.026396484396113848,-0.00140245218706885,0.014598468085152687
1.1218966,0.0034434634069436146,0.06838334482656559,0.06982204619323261,0.014382537671671403,0.04262463564361255,0.02614158609233197,-0.0013035877670015744,0.014596436186640352
1.1223621,0.003439718650336268,0.06811831605119173,0.07004811863986644,0.0143815474848135,0.04256388478069797,0.025887837636786867,-0.0012038936091653412,0.014594874156328748
1.1228276,0.0034358182663267226,0.06785589547153488,0.07027421838890664,0.014379635854171393,0.04250468895593983,0.025635276386684405,-0.0011034108222397752,0.014593773775955084
1.1232931,0.0034317637749611634,0.06759609260310795,0.07050030404256817,0.014376801778611467,0.04244708417614618,0.02538393897824845,-0.0010021800542036503,0.014593126468296079
1.1237586,0.0034275567211862175,0.06733891616198173,0.070726333729963,0.014373044525797381,0.04239110568684265,0.025133861321228176,-0.0009002414881246662,0.014592923300008796
1.1242241,0.0034231986740045827,0.06708437407017805,0.07095226511519011,0.014368363633713724,0.04233678796128082,0.02488507859373057,-0.0007976348381551473,0.014593154984637166
1.1246897,0.0034186912256360777,0.06683247346127152,0.07117805540558804,0.014362758912014663,0.04228416468977116,0.024637625237377652,-0.0006943993457320418,0.014593811885783433
1.1251552,0.003414035990684308,0.0665832206861953,0.07140366136014939,0.014356230443195834,0.0422332687693442,0.02439153495278777,-0.0005905737759795099,0.014594884020443804
1.1256207,0.0034092346053091424,0.06633662131924606,0.07162903929809675,0.014348778583587901,0.04218413229374292,0.02414684069538016,-0.0004861964143123079,0.014596361062507423
1.1260862,0.003404288726405191,0.06609268016428455,0.07185414510761978,0.014340403964170679,0.04213678654374953,0.023903574671501757,-0.0003813050632381092,0.014598232346417795
1.1265517,0.003399200030786485,0.06585140126112726,0.0720789342547734,0.014331107491207383,0.04209126197784956,0.023661768334875242,-0.0002759370393568537,0.014600486870995633
1.1270172,0.003393970214377547,0.06561278789212546,0.07230336179253734,0.01432089034669944,0.04204758822323659,0.02342145238336719,-0.00017012917055519078,0.014603113303422045
1.1274828,0.0033886009914110603,0.0653768425889272,0.0725273823700379,0.014309753988662934,0.042005794067160596,0.023182656756075233,-6.391779339405936e-05,0.01460609998338083
1.1279483,0.0033830940936323394,0.06514356713941839,0.07275095024193251,0.014297700151228368,0.041965907448623135,0.022945410630732903,4.266124931256798e-05,0.014609434927358647
1.1284138,0.0033774512695107896,0.06491296259483863,0.07297401927795813,0.014284730844565748,0.04192795545042229,0.02270974242143096,0.00014957261072977055,0.01461310583310166
1.1288793,0.003371674283458544,0.06468502927706771,0.07319654297264476,0.014270848354637017,0.04189196429155006,0.0224756797766536,0.0002567814420466171,0.01461710008422724
1.1293448,0.0033657649150564267,0.06445976678607891,0.07341847445519521,0.014256055242777912,0.041857959319944626,0.02224324957762802,0.0003642533943360136,0.01462140475498924
1.1298103,0.003359724958287395,0.06423717400755495,0.07363976649953202,0.014240354345111169,0.041825965005599604,0.022012477936985655,0.00047195462023155764,0.014626006615195196
1.1302759,0.003353556220777568,0.06401724912066256,0.07386037153451208,0.01422374877179297,0.04179600493403207,0.021783390197733107,0.0005798517754235395,0.014630892135273776
1.1307414,0.0033472605230449723,0.06379998960598206,0.07408024165430954,0.014206241906094496,0.04176810180011097,0.0215560109325308,0.0006879120199762678,0.014636047491490743
1.1312069,0.0033408396977560994,0.06358539225358782,0.07429932862896717,0.014187837403320332,0.041742277402247355,0.02133036394327706,0.0007961030194689436,0.014641458571311548
1.1316724,0.003334295588990379,0.06337345317127599,0.07451758391511609,0.01416853918956549,0.04171855263694776,0.021106472260995306,0.000904392945962354,0.014647110978908664
1.1321379,0.003327630051512659,0.06316416779293585,0.07473495866686433,0.014148351460312812,0.04169694749373184,0.02088435814602193,0.0010127504787936998,0.014652990040811633
1.1326034,0.003320844950053765,0.06295753088706135,0.07495140374685445,0.01412727867887242,0.041677481050415195,0.02066404308849221,0.0011211448052019283,0.014659080811697704
1.133069,0.003313942158599199,0.06275353656539949,0.07516686973749113,0.014105325574664963,0.041660171468758056,0.02044554780912173,0.0012295456207859806,0.01466536808032082
1.1335345,0.003306923559686022,0.06255217829173275,0.07538130695233937,0.014082497141350379,0.04164503599048048,0.020228892260280504,0.0013379231297984127,0.014671836375576633
1.134,0.0032997910437079507,0.06235344889079281,0.07559466544769482,0.01405879863480391,0.04163209093364447,0.02001409562735697,0.001446248045276866,0.014678469972701112
1.1344655,0.0032925465082286744,0.06215734055730275,0.07580689503432791,0.014034235570941165,0.04162135168940298,0.019801176330408905,0.0015544915890158958,0.014685252899600265
1.134931,0.003285191857303394,0.06196384486514538,0.07601794528940373,0.014008813723393928,0.041612832719115776,0.019590152026098095,0.001662625491381658,0.01469216894330837
1.1353966,0.0032777290008085855,0.061772952776654594,0.0762277655685797,0.013982539121038598,0.0416065475518316,0.01938103960990548,0.0017706219909719638,0.014699201656572116
1.1358621,0.003270159853779982,0.06158465465202664,0.07643630501828375,0.013955418045379187,0.0416025087821359,0.019173855218623328,0.0018784538341242057,0.014706334364557943
1.1363276,0.00326248633575878,0.06139894025884785,0.0766435125881749,0.013927457027787218,0.041600728068362985,0.018968614233120896,0.0019860942742736505,0.014713550171679727
1.1367931,0.003254710370146085,0.06121579878173491,0.07684933704378857,0.01389866284660123,0.041601216131171175,0.01876533128137985,0.0020935170711645916,0.014720831968543974
1.1372586,0.003246833883565614,0.061035218832083425,0.0770537269793682,0.013869042524089137,0.041603982752479146,0.01856402024179567,0.002200696489916841,0.014728162439009453
1.1377241,0.003238858805234676,0.06085718845792053,0.07725663083088449,0.013838603323277049,0.041609036774761445,0.01836469424674115,0.002307607299950041,0.014735524067358192
1.1381897,0.0032307870663434725,0.060681695153856664,0.07745799688924292,0.01380735274464843,0.041616386100700856,0.0181673656863879,0.002414224773768267,0.014742899145574657
1.1386552,0.003222620599442763,0.060508725871132096,0.0776577733136797,0.013775298522717609,0.041626037693195055,0.01797204621278179,0.0025205246856073856,0.014750269780729828
1.1391207,0.0032143613378399693,0.06033826702775367,0.07785590814534646,0.013742448622481803,0.041637997575714895,0.017778746744168027,0.0026264833099476407,0.014757617902466807
1.1395862,0.003206011215003793,0.06017030451871737,0.07805234932108271,0.013708811235755947,0.04165227083301152,0.0175874774695615,0.002732077419893915,0.014764925270584577
1.1400517,0.0031975721639774363,0.060004823726312245,0.07824704468737574,0.013674394777394787,0.04166886161216922,0.017398247853558018,0.002837284285426128,0.014772173482716467
1.1405172,0.0031890461168005303,0.05984180953050102,0.0784399420145064,0.013639207881406762,0.04168777312400106,0.017211066641381778,0.002942081671522202,0.014779343982099869
1.1409828,0.0031804350039398703,0.05968124631937285,0.07863098901087935,0.013603259396964305,0.04170900764478382,0.01702594186416456,0.0030464478361560523,0.0147864180654337
1.1414483,0.003171740753729086,0.05952311799966314,0.07882013333753604,0.01356655838431515,0.04173256651832874,0.016842880844451902,0.0031503615281729905,0.014793376890820099
1.1419138,0.003162965291817382,0.05936740800733559,0.07900732262284771,0.013529114110599328,0.041758450158384405,0.01666189020193151,0.003253801985044952,0.014800201485786897
1.1423793,0.0031541105406274962,0.05921409931822125,0.0791925044773862,0.013490936045576569,0.04178665805136836,0.016482975859379002,0.003356748930507925,0.014806872755387418
1.1428448,0.0031451784188230303,0.059063174458709546,0.07937562650896965,0.013452033857268762,0.04181718875942377,0.016306143048816082,0.0034591825720839357,0.014813371490374332
1.1433103,0.0031361708407853057,0.05891461551648611,0.07955663633787964,0.01341241740752211,0.04185003992379782,0.01613139631787608,0.003561083598489934,0.014819678375444362
1.1437759,0.003127089716099886,0.05876840415131163,0.07973548161224607,0.013372096747493484,0.04188520826853871,0.015958739536371808,0.0036624331769359204,0.014825773997550902
1.1442414,0.0031179369490528987,0.058624521605836304,0.07991211002359537,0.013331082113065508,0.04192268960450811,0.015788175903060656,0.0037632129503146314,0.014831638854281555
1.1447069,0.0031087144381373054,0.058482948716444064,0.080086469322557,0.013289383920194771,0.0419624788337062,0.01561970795260185,0.00386340503428512,0.014837253362297818
1.1451724,0.0030994240755692656,0.05834366592412103,0.08025850733472258,0.013247012760197496,0.04200456995390643,0.015453337562700925,0.003962992014252597,0.014842597865834252
1.1456379,0.0030900677468147365,0.05820665328534268,0.08042817197665146,0.013203979394976908,0.04204895606359731,0.015289065961436577,0.004061956942246919,0.014847652645254698
1.1461034,0.0030806473301264485,0.05807189048297463,0.08059541127201608,0.01316029475219654,0.04209562936722834,0.015126893734765222,0.004160283333702205,0.014852397925663476
1.146569,0.0030711646960913897,0.05793935683718214,0.08076017336787952,0.013115969920403541,0.04214458118075731,0.01496682083419864,0.004257955164140069,0.014856813885569626
1.1470345,0.0030616217071889286,0.05780903131634377,0.08092240655109731,0.013071016144106083,0.042195801937496086,0.014808846584650193,0.004354956865759021,0.014860880665602462
1.1475,0.0030520202173597195,0.057680892547965025,0.08108205926483479,0.013025444818808893,0.04224928119425181,0.01465296969244505,0.0044512733239325765,0.014864578377276715
1.1479655,0.003042362071585528,0.05755491882958859,0.08123908012519099,0.01297926748601095,0.042305007637761134,0.014499188253489783,0.004546889873618625,0.014867887111805532
1.148431,0.0030326491054801573,0.05743108813969792,0.08139341793791977,0.012932495828169285,0.042362969091415015,0.014347499761596652,0.0046417922956826065,0.014870786948959437
1.1488966,0.0030228831448916547,0.05730937814861201,0.08154502171523857,0.012885141663632855,0.04242315252227218,0.014197901116957793,0.004735966813137049,0.014873257965969371
1.1493621,0.0030130660055160178,0.0571897662293692,0.08169384069271525,0.012837216941550373,0.04248554404835957,0.014050388634764429,0.004829400087300031,0.014875280246471815
1.1498276,0.003003199492522611,0.05707222946859796,0.08183982434622317,0.012788733736755969,0.04255012894625784,0.013904958053966233,0.004922079213875146,0.014876833889493896
1.1502931,0.002993285400191523,0.05695674467737288,0.08198292240895479,0.012739704244636413,0.04261689165896998,0.013761604546165956,0.005013991718955589,0.014877899018476345
1.1507586,0.002983325511563061,0.05684328840205316,0.0821230848884834,0.012690140775983636,0.04268581580407077,0.013620322724644461,0.0051051255549549495,0.014878455790332047
1.1512241,0.002973321598099592,0.05673183693510113,0.08226026208386245,0.012640055751836222,0.042756884182134414,0.013481106653511267,0.005195469096467359,0.0148784844045379
1.1516897,0.002963275419359925,0.0566223663258776,0.0823944046027516,0.012589461698313485,0.04283007878543746,0.01334394985697579,0.005285011136059613,0.014877965112257682
1.1521552,0.002953188722686385,0.05651485239141052,0.08252546337855834,0.012538371241445748,0.0429053808069339,0.01320884532873451,0.005373740879997909,0.014876878225493486
1.1526207,0.0029430632429047554,0.05640927072713321,0.08265338968758411,0.012486797102004413,0.04298277064949905,0.013075785541469353,0.00546164794391179,0.014875204126263279
1.1530862,0.002932900702037211,0.05630559671758851,0.08277813516616393,0.01243475209033537,0.043062227935438575,0.012944762456452655,0.005548722348397959,0.014872923275802077
1.1535517,0.0029227028090283687,0.05620380554709512,0.08289965182778886,0.01238224910119928,0.04314373151625936,0.012815767533254021,0.00563495451456652,0.014870016223784132
1.1540172,0.002912471259484559,0.0561038722103733,0.0830178920802003,0.01232930110862223,0.04322725948269809,0.012688791739544401,0.005720335259532264,0.014866463617563469
1.1544828,0.0029022077354263916,0.05600577152312779,0.08313280874244613,0.012275921160760176,0.0433127891750039,0.012563825560992727,0.005804855791853581,0.014862246211430221
1.1549483,0.002891913905054672,0.05590947813258668,0.08324435506188808,0.012222122374780578,0.04340029719347106,0.012440859011250326,0.005888507706921593,0.014857344875880075
1.1554138,0.002881591422529698,0.05581496652799581,0.08335248473115078,0.012167917931764482,0.04348975940921745,0.01231988164201839,0.005971282982302074,0.014851740606894181
1.1558793,0.0028712419277639478,0.055722211051068525,0.08345715190500357,0.012113321071632255,0.043581150975204624,0.012200882553193727,0.006053173973032745,0.014845414535226878
1.1563448,0.0028608670462281533,0.05563118590639119,0.08355831121716632,0.012058345088096159,0.043674446337495294,0.012083850403088016,0.0061341734068784595,0.014838347935698503
1.1568103,0.00285046838877073,0.05554186517178433,0.08365591779703199,0.012003003323642715,0.04376961924674368,0.01196877341871584,0.006214274379546795,0.014830522236490572
1.1572759,0.002840047551450516,0.05545422280861947,0.08374992728629896,0.011947309164547837,0.04386664276991475,0.011855639406146706,0.006293470349866498,0.014821919028440505
1.1577414,0.0028296061153827486,0.05536823267209147,0.08384029585550763,0.01189127603592754,0.04396548930222786,0.011744435760916282,0.006371755134931241,0.014812520074333068
1.1582069,0.0028191456465981903,0.05528386852144587,0.08392698022047561,0.011834917396826973,0.04406613057932039,0.011635149478492056,0.006449122905211033,0.014802307318185704
1.1586724,0.002808667695915285,0.05520110403016062,0.08400993765862633,0.01177824673535043,0.044168537689627224,0.011527767164788467,0.006525568179633659,0.014791262894524848
1.1591379,0.0027981737988252197,0.05511991279608128,0.0840891260252064,0.01172127756383493,0.044272681086971626,0.01142227504672657,0.006601085820638441,0.014779369137650315
1.1596034,0.0027876654753897323,0.05504026835150837,0.08416450376938604,0.011664023414069863,0.04437853060336367,0.01131865898283313,0.0066756710292046,0.014766608590884764
1.160069,0.0027771442301515008,0.05496214417323543,0.08423602995023695,0.011606497832565135,0.04448605546200216,0.011216904473874044,0.006749319339856449,0.014752964015805196
1.1605345,0.0027666115520569075,0.05488551369253579,0.08430366425258191,0.011548714375870179,0.04459522429047632,0.011116996673516885,0.00682202661564765,0.014738418401453459
1.161,0.002756068914390971,0.054810350305095734,0.0843673670027101,0.011490686605946049,0.04470600513416354,0.011018920399017362,0.006893789043126753,0.01472295497352256
1.1614655,0.002745517774724198,0.05473662738089147,0.08442709918395203,0.0114324280855928,0.04481836546981904,0.010922660141924487,0.006964603127286252,0.014706557203515741
1.161931,0.0027349595748710986,0.05466431827400684,0.08448282245210863,0.01137395237393423,0.04493227221935322,0.010828200078799255,0.007034465686497405,0.014689208817875263
1.1623966,0.002724395740860075,0.05459339633238846,0.08453449915072855,0.011315273021961999,0.0450476917637923,0.010735524081941679,0.007103373847433058,0.014670893807077912
1.1628621,0.0027138276829143824,0.054523834907534305,0.0845820923262279,0.01125640356814102,0.04516458995741738,0.010644615730121071,0.007171325039980718,0.014651596434694405
1.1633276,0.00270325679544384,0.05445560736411197,0.08462556574284646,0.011197357534078047,0.04528293214207702,0.010555458319304604,0.00723831699214813,0.014631301246409998
1.1637931,0.002692684457046941,0.05438868708950233,0.0846648838974344,0.011138148420255184,0.04540268316166832,0.010468034873379219,0.00730434772496358,0.014609993079003684
1.1642586,0.0026821120305230116,0.054323047503264506,0.08470001203406334,0.011078789701830108,0.04552380737678107,0.010382328154862138,0.007369415547373144,0.014587657069283456
1.1647241,0.0026715408628940206,0.054258662066518026,0.08473091615845536,0.011019294824504674,0.04564626867950014,0.010298320675595322,0.007433519051137064,0.014564278662975086
1.1651897,0.002660972285435652,0.05419550429123789,0.08475756305222405,0.010959677200463504,0.045770030508360704,0.01021599470741938,0.007496657105727417,0.014539843623561892
1.1656552,0.0026504076137172207,0.05413354774945818,0.0847799202869209,0.010899950204384154,0.045895055863451405,0.01013533229282264,0.0075588288532291775,0.01451433804107289
1.1661207,0.0026398481476500144,0.05407276608237979,0.08479795623788117,0.010840127169520293,0.04602130732166044,0.010056315255561166,0.007620033703246731,0.014487748340816781
1.1665862,0.002629295171543613,0.054013133009377906,0.08481164009786314,0.010780221383859352,0.04614874705205945,0.009978925211245774,0.0076802713278178265,0.014460061292059224
1.1670517,0.0026187499541697537,0.053954622336904574,0.08482094189047451,0.010720246086355896,0.04627733683142011,0.009903143577892081,0.007739541656336937,0.014431264016640978
1.1675172,0.002608213748833288,0.053897207967281875,0.0848258324833798,0.01066021446324202,0.04640703805985804,0.009828951586429758,0.0077978448704898945,0.014401343997534477
1.1679828,0.0025976877934497803,0.05384086390738106,0.08482628360128289,0.01060013964441598,0.04653781177659829,0.00975633029116709,0.00785518139920166,0.0143702890873364
1.1684483,0.0025871733106293086,0.05378556427718282,0.08482226783867874,0.010540034699910165,0.046669618675856415,0.009685260580206925,0.007911551913599033,0.014338087516693692
1.1689138,0.002576671507766043,0.05373128331821369,0.08481375867236839,0.010479912636439532,0.04680241912282912,0.009615723185810053,0.00796695732199004,0.014304727902660496
1.1693793,0.002566183577133199,0.05367799540185399,0.08480073047373123,0.01041978639403151,0.04693617316978817,0.00954769869470197,0.008021398764861768,0.014270199256983281
1.1698448,0.0025557106959829853,0.053625675037512276,0.08478315852074964,0.010359668842738368,0.047070840572271226,0.009481167558319042,0.008074877609898296,0.01423449099431147
1.1703103,0.002545254026651201,0.05357429688066191,0.08476101900978049,0.01029957277943303,0.04720638080536335,0.009416110102989976,0.008127395447020477,0.014197592940330768
1.1707759,0.002534814716666152,0.053523835740735236,0.0847342890670691,0.010239510924689223,0.047342753080062625,0.009352506540048537,0.00817895408344926,0.014159495339816324
1.1712414,0.0025243938988616004,0.05347426658887106,0.08470294676000102,0.010179495919746824,0.04747991635972344,0.009290336975873446,0.008229555538794283,0.014120188864602881
1.1717069,0.0025139926914934728,0.05342556456551129,0.08466697110808694,0.010119540323563271,0.047617829376570685,0.009229581421851278,0.008279202040169442,0.014079664621469017
1.1721724,0.00250361219836008,0.05337770498784241,0.08462634209367606,0.010059656609951825,0.04775645064827795,0.0091702198042582,0.008327896017337109,0.014037914159932578
1.1726379,0.0024932535089256004,0.053330663357077646,0.084581040672393,0.009999857164807452,0.047895738494602796,0.00911223197405628,0.008375640097882666,0.013994929479954368
1.1731034,0.00248291769844659,0.05328441536557571,0.08453104878329304,0.009940154283421064,0.04803565105407184,0.009055597716600104,0.008422437102420929,0.013950703039547199
1.173569,0.002472605828101278,0.053238936903792035,0.08447634935873133,0.009880560167882805,0.04817614630070851,0.009000296761249457,0.008468290039836021,0.013905227762287335
1.1740345,0.0024623189451213885,0.053194204067058944,0.08441692633394174,0.009821086924575015,0.04831718206079621,0.008946308790883888,0.008513202102556192,0.013858497044725327
1.1745,0.00245205808292622,0.0531501931621917,0.08435276465632179,0.009761746561755505,0.04845871602966973,0.008893613451315159,0.008557176661865045,0.01381050476369328
1.1749655,0.0024418242612587178,0.053106880713917684,0.08428385029442088,0.009702550987231651,0.04860070578852758,0.008842190360593678,0.008600217263250585,0.013761245283505655
1.175431,0.002431618486323267,0.05306424347112648,0.08421017024662959,0.00964351200612584,0.048743108821257715,0.008792019118205128,0.008642327621793443,0.013710713463050804
1.1758966,0.002421441750924957,0.053022258412939116,0.08413171254956803,0.009584641318732708,0.04888588253126898,0.008743079314153588,0.008683511617595615,0.01365890466277064
1.1763621,0.0024112950346101046,0.052980902754594224,0.08404846628617142,0.009525950518468598,0.04902898425832014,0.008695350537927521,0.008723773291250934,0.013605814751525962
1.1768276,0.0024011793038078485,0.05294015395314904,0.083960421593471,0.009467451089913578,0.04917237129533847,0.008648812387345106,0.008763116839358515,0.013551440113345118
1.1772931,0.0023910955119726953,0.05289998971299283,0.08386756967006737,0.009409154406946351,0.04931600090521917,0.008603444477275615,0.008801546610080263,0.013495777654053851
1.1777586,0.0023810445997279393,0.05286038799116998,0.0837699027832933,0.00935107173097233,0.049459830337596905,0.00855922644823378,0.008839067098743525,0.013438824807784319
1.1782241,0.0023710274950099267,0.05282132700250987,0.08366741427606221,0.009293214209245112,0.049603816845580316,0.008516137974844311,0.008875682943489846,0.013380579543361328
1.1786897,0.0023610451132131806,0.05278278522456095,0.08356009857339765,0.009235592873281503,0.04974791770244021,0.008474158774173965,0.00891139892097077,0.013321040370564176
1.1791552,0.0023510983573364307,0.05274474140232659,0.08344795118863904,0.009178218637370207,0.049892090218241716,0.008433268613928738,0.008946219942091516,0.013260206346262586
1.1796207,0.002341188118129625,0.05270717455280138,0.08333096872931814,0.009121102297174215,0.050036291756410424,0.00839344732051375,0.008980151047803345,0.01319807708042554
1.1800862,0.002331315274242012,0.05267006396930783,0.08320914890270077,0.009064254528426885,0.0501804797502224,0.008354674786953504,0.009013197404945316,0.013134652742001877
1.1805517,0.0023214806923713997,0.0526333892256352,0.08308249052098843,0.009007685885721631,0.05032461171920746,0.008316930980670177,0.009045364302136137,0.013069934064671544
1.1810172,0.0023116852274147268,0.05259713017998328,0.08295099350617476,0.00895140680139509,0.05046864528545509,0.00828019595111761,0.009076657145716748,0.013003922352466444
1.1814828,0.0023019297226200648,0.05256126697871568,0.08281465889455246,0.00889542758450356,0.05061253818981262,0.008244449837268807,0.009107081455744176,0.012936619485259666
1.1819483,0.0022922150097401863,0.05252578005992736,0.08267348884086675,0.008839758419892457,0.050756248307965615,0.008209672874954808,0.009136642862037235,0.012868027924121934
1.1824138,0.00228254190918782,0.05249065015683169,0.0825274866221117,0.008784409367358451,0.050899733666390834,0.008175845404052874,0.009165347100274526,0.012798150716544027
1.1828793,0.002272911230192698,0.05245585830097249,0.08237665664096569,0.008729390360903876,0.0510429524581728,0.008142947875522024,0.009193200008145146,0.012726991501523965
1.1833448,0.0022633237709604958,0.05242138582526648,0.08222100442886227,0.008674711208082966,0.051185863058675236,0.008110960858283991,0.00922020752155246,0.012654554514517687
1.1838103,0.0022537803188337553,0.05238721436688181,0.08206053664869228,0.008620381589439334,0.05132842404105906,0.008079865045947767,0.0092463756708712,0.01258084459225201
1.1842759,0.0022442816504548695,0.05235332586995829,0.08189526109713223,0.008566411058034134,0.0514705941916385,0.008049641263376121,0.009271710577258185,0.0125058671773986
1.1847414,0.0022348285319311887,0.05231970258817483,0.08172518670659343,0.008512809039064224,0.05161233252506677,0.008020270473092698,0.009296218449016897,0.012429628323107676
1.1852069,0.0022254217190023047,0.052286327087169085,0.08155032354678579,0.008459584829569626,0.05175359829934322,0.007991733781528534,0.009319905578016137,0.012352134697400262
1.1856724,0.0022160619572095517,0.052253182246814335,0.08137068282588926,0.008406747598229533,0.05189435103063351,0.007964012445107044,0.009342778336162974,0.012273393587417785
1.1861379,0.002206749982067747,0.052220251263358074,0.08118627689132582,0.008354306385246077,0.052034550507895086,0.007937087876166607,0.009364843171930232,0.012193412903527859
1.1866034,0.002197486519239191,0.052187517651426533,0.08099711923012416,0.008302270102315035,0.05217415680730009,0.007910941648719867,0.009386106606938708,0.012112201183285128
1.187069,0.002188272284709915,0.05215496524589918,0.08080322446886858,0.00825064753268266,0.05231313030644806,0.007885555504048923,0.009406575232594295,0.01202976759524608
1.1875345,0.0021791079849681687,0.052122578203656754,0.08060460837322302,0.00819944733128781,0.05245143169836079,0.0078609113561355,0.009426255706780132,0.01194612194263672
1.188,0.0021699943171851156,0.05209034100520628,0.08040128784702082,0.008148678024988544,0.05258902200525152,0.00783699129692524,0.009445154750603825,0.011861274666872017
1.1884655,0.0021609319693976976,0.05205823845618577,0.08019328093091038,0.008098348012872337,0.052725862592060704,0.007813777601425168,0.00946327914519974,0.011775236850926143
1.188931,0.002151921620693601,0.052026255688751175,0.0799806068005468,0.008048465566649132,0.05286191517975048,0.007791252732633441,0.009480635728586324,0.011688020222552387
1.1893966,0.0021429639413982665,0.051994378162847875,0.07976328576432017,0.007999038831126406,0.052997141858349764,0.0077693993463005375,0.009497231392578303,0.011599637157351874
1.1898621,0.002134059593263864,0.051962591667368704,0.07954133926061252,0.007950075824765453,0.053131505099741905,0.007748200295521141,0.00951307307975362,0.011510100681690038
1.1903276,0.0021252092296601592,0.051930882321200515,0.07931478985457704,0.00790158444031805,0.05326496777018653,0.007727638635156175,0.009528167780474937,0.01141942447545979
1.1907931,0.00211641349576721,0.05189923657416149,0.0790836612344346,0.00785357244554268,0.05339749314256687,0.007707697626084651,0.009542522529965515,0.011327622874690326
1.1912586,0.002107673028769821,0.05186764120783135,0.07884797820728416,0.007806047483999412,0.053529044908353834,0.007688360739285221,0.009556144405439263,0.011234710874000423
1.1917241,0.002098988458053697,0.05183608333627686,0.07860776669442468,0.007759017075922522,0.05365958718927762,0.007669611659747637,0.00956904052328469,0.011140704128894993
1.1921897,0.0020903604054032213,0.05180455040667519,0.07836305372618628,0.007712488619169927,0.05378908454869759,0.007651434290214488,0.009581218036302505,0.01104561895790372
1.1926552,0.0020817894852007976,0.05177303019983749,0.07811386743626911,0.007666469390248429,0.05391750200266086,0.007633812754753772,0.00959268413099648,0.010949472344560637
1.1931207,0.0020732763046276653,0.05174151083063528,0.07786023705558849,0.007620966545413762,0.05404480503064024,0.007616731402162938,0.00960344602491721,0.010852281939223583
1.1935862,0.0020648214638661054,0.05170998074833185,0.07760219290562549,0.007575987121844387,0.05417095958594152,0.00760017480920509,0.009613510964058313,0.010754066060732636
1.1940517,0.002056425556302947,0.05167842873682107,0.07733976639128316,0.007531538038887936,0.05429593210577007,0.007584127783678095,0.009622886220304577,0.01065484369790673
1.1945172,0.0020480891687342908,0.051646843914775836,0.07707298999324966,0.00748762609937916,0.054419689520946626,0.007568575367317467,0.009631579088931546,0.01055463451087775
1.1949828,0.0020398128815713517,0.051615215735708195,0.07680189725987056,0.007444257991028208,0.0545421992652621,0.007553502838534063,0.009639596886155882,0.010453458832261403
1.1954483,0.0020315972690473443,0.05158353398794295,0.07652652279853381,0.007401440287878019,0.05466342928446209,0.007538895714987859,0.009646946946735917,0.010351337668164253
1.1959138,0.0020234428994253192,0.05155178879450664,0.076246902266571,0.00735917945182954,0.054783348044853054,0.007524739755999398,0.009653636621621643,0.010248292699026367
1.1963793,0.00201535033520687,0.051519970612933605,0.0759630723616798,0.007317481834233464,0.05490192454152314,0.007511020964800763,0.009659673275653393,0.010144346280298979
1.1968448,0.0020073201333416085,0.05148807023499069,0.07567507081187178,0.007276353677547077,0.05501912830617197,0.00749772559062825,0.009665064285308349,0.010039521442956686
1.1973103,0.001999352845437315,0.05145607878632239,0.07538293636495032,0.007235801117054805,0.05513492941454438,0.00748484013065912,0.009669817036493994,0.009933841893843671
1.1977759,0.0019914490179706646,0.051423987726018326,0.0750867087775231,0.0071958301826509875,0.055249298493463536,0.007472351331794992,0.009673938922387581,0.009827332015853396
1.1982414,0.0019836091924984255,0.05139178884610448,0.0747864288035537,0.007156446800683316,0.05536220672746004,0.007460246192294459,0.009677437341320618,0.009720016867941222
1.1987069,0.0019758339058690236,0.051359474270959715,0.07448213818245718,0.007117656795855416,0.05547362586499382,0.007448511963257544,0.009680319694707396,0.0096119221849693
1.1991724,0.0019681236904343516,0.05132703645665889,0.07417387962674547,0.007079465893186939,0.05558352822426732,0.007437136149964528,0.009682593385016541,0.009503074377383028
1.1996379,0.001960479074261692,0.05129446819024373,0.0738616968092286,0.007041879720029528,0.05569188669862938,0.007426106513071691,0.0096842658137846,0.00939350053071833
1.2001034,0.0019529005813456184,0.051261762588922725,0.07354563434977927,0.007004903808136974,0.05579867476157017,0.007415411069666433,0.009685344379670724,0.009283228404938997
1.200569,0.0019453887318197196,0.05122891309920133,0.07322573780166905,0.00696854359578784,0.055903866471308745,0.007405038094184261,0.009685836476551536,0.009172286433603283
1.2010345,0.0019379440421679885,0.051195913495944115,0.07290205363748586,0.006932804429958828,0.05600743647497553,0.007394976119190113,0.00968574949165527,0.009060703722858918
1.2015,0.001930567025435721,0.05116275788137017,0.07257462923464329,0.006897691568547077,0.056109360012392855,0.007385213936026412,0.0096850908037343,0.008948510050265689
1.2019655,0.0019232581914397561,0.051129440683983625,0.07224351286049253,0.006863210182639573,0.05620961291945719,0.007375740595330284,0.009683867781275094,0.008835735863444726
1.202431,0.00191601804697791,0.05109595665744088,0.07190875365704867,0.006829365358827829,0.05630817163112761,0.007366545407422338,0.009682087780744683,0.008722412278553606
1.2028966,0.0019088470960374438,0.051062300879356315,0.07157040162534196,0.006796162101565905,0.05640501318402552,0.007357617942569358,0.009679758144872678,0.008608571078586461
1.2033621,0.001901745840002422,0.051028468750048454,0.07122850760940504,0.006763605335569836,0.056500115218651704,0.007348948031123254,0.009676886200967934,0.008494244711498341
1.2038276,0.0018947147778598074,0.050994455991228385,0.07088312327990652,0.006731699908256475,0.05659345598122753,0.007340525763538583,0.009673479259268996,0.008379466288153134
1.2042931,0.0018877544064041444,0.05096025864463225,0.07053430111744098,0.006700450592219755,0.056685014325167725,0.007332341490270893,0.00966954461132751,0.008264269580094345
1.2047586,0.001880865220440671,0.0509258730705998,0.07018209439548515,0.00666986208774236,0.05677476971219231,0.007324385821558165,0.009665089528423848,0.008148689017138064
1.2052241,0.0018740477129866896,0.05089129594660053,0.0698265571630302,0.006639939025340772,0.0568627022130855,0.007316649627087553,0.009660121260014152,0.008032759684787371
1.2056897,0.0018673023754710383,0.050856524265709004,0.06946774422690019,0.006610685968341658,0.05694879250810903,0.007309124035549654,0.00965464703220809,0.007916517321467437
1.2061552,0.0018606296979314933,0.05082155533503067,0.06910571113376678,0.006582107415487568,0.057033021887077366,0.007301800434082487,0.00964867404627651,0.0077999983155804765
1.2066207,0.0018540301692099486,0.050786386774079574,0.06874051415187103,0.006554207803569899,0.057115372249101966,0.007294670467607413,0.009642209477188208,0.007683239702379647
1.2070862,0.0018475042771452254,0.05075101651310932,0.0683722102524633,0.006526991510087068,0.05719582610201177,0.0072877260380592775,0.009635260472174953,0.007566279160660977
1.2075517,0.0018410525087633775,0.05071544279139827,0.06800085709097257,0.006500462855925848,0.057274366561457304,0.007280959303513056,0.009627834149323935,0.0074491550092722755
1.2080172,0.0018346753504653605,0.05067966415549021,0.06762651298791714,0.006474626108063775,0.05735097734970572,0.007274362677209397,0.009619937596196698,0.007331906203437985
1.2084828,0.0018283732882119414,0.05064367945739112,0.06724923690956834,0.00644948548229055,0.05742564279413434,0.007267928826481432,0.009611577868473652,0.007214572330898851
1.2089483,0.0018221468077057191,0.050607487852722705,0.06686908844837998,0.0064250451459462905,0.05749834782543042,0.0072616506715852125,0.009602761988623176,0.007097193607865269
1.2094138,0.0018159963945701303,0.050571088798833076,0.06648612780319607,0.006401309220674507,0.05756907797550517,0.0072555213844361695,0.009593496944594309,0.0069798108747831464
1.2098793,0.0018099225345253067,0.050534482052865044,0.06610041575925017,0.0063782817851876835,0.057637819375130205,0.007249534387253902,0.009583789688531916,0.006862465591911098
1.2103448,0.001803925713560672,0.05049766766978218,0.06571201366796975,0.006355966878043268,0.05770455875130482,0.007243683351117637,0.009573647135513211,0.006745199834707775
1.2108103,0.0017980064181041672,0.05046064600035297,0.0653209834265998,0.006334368500427938,0.05776928342436306,0.007237962194434677,0.009563076162304437,0.006628056289028098
1.2112759,0.0017921651351880032,0.05042341768909336,0.06492738745766005,0.006313490618947918,0.05783198130482909,0.007232365081324153,0.00955208360613645,0.006511078246127151
1.2117414,0.0017864023526108525,0.05038598367216788,0.0645312886882501,0.0062933371684231005,0.057892640890029816,0.00722688641991834,0.009540676263497916,0.0063943095974704775
1.2122069,0.001780718559096386,0.05034834517524986,0.06413275052921684,0.006273912054682705,0.057951251260474096,0.007221520860583759,0.009528860888944798,0.006277794829349529
1.2126724,0.0017751142444480813,0.050310503711340875,0.06373183685419845,0.006255219157360142,0.058007802076007316,0.0072162632940642605,0.009516644193924772,0.0061615790173010585
1.2131379,0.00176958989970022,0.05027246107854982,0.06332861197855862,0.006237262332684737,0.05806228357175038,0.007211108849548171,0.0095040328456153,0.006045707820329313
1.2136034,0.0017641460172650118,0.050234219357832,0.06292314063822453,0.00622004541626796,0.05811468655383209,0.007206052892661635,0.00949103346577413,0.005930227474929953
1.214069,0.0017587830910757826,0.05019578091068848,0.0625154879684421,0.006203572225881762,0.058165002394923705,0.007201091023390158,0.009477652629601168,0.005815184788914748
1.2145345,0.0017535016167261684,0.05015714837682561,0.06210571948246177,0.006187846564226637,0.0582132230295844,0.007196219073930421,0.009463896864610875,0.00570062713503623
1.215,0.001748302091605258,0.05011832467177438,0.0616939010501682,0.006172872221686965,0.05825934094942588,0.007191433106474378,0.009449772649514526,0.0055866024444115375
1.2154655,0.001743185015028628,0.050079312984468966,0.061280098876667195,0.0061586529790712205,0.05830334919810429,0.007186729410927682,0.00943528641311202,0.005473159199744795
1.215931,0.0017381508883652177,0.05004011677478345,0.060864379480843056,0.006145192610334541,0.0583452413661471,0.0071821045025644336,0.00942044453319336,0.0053603464283474645
1.2163966,0.0017332002151600099,0.05000073977102516,0.0604468096738994,0.006132494885281176,0.05838501158562244,0.007177555119620213,0.009405253335450251,0.00524821369495623
1.2168621,0.001728333501252498,0.04996118596738306,0.060027456537896054,0.0061205635722443134,0.058422654524657794,0.007173078220825387,0.009389719092398666,0.005136811094348116
1.2173276,0.0017235512548909315,0.049921459621329156,0.059606387404294386,0.006109402440740792,0.05845816538181472,0.007168670982880577,0.00937384802231332,0.005026189243752603
1.2177931,0.0017188539868423609,0.049881565250971,0.05918366983252281,0.006099015264098182,0.05849153988032583,0.007164330797876231,0.009357646288175188,0.004916399275060599
1.2182586,0.0017142422104984966,0.04984150763235311,0.0587593715885739,0.006089405822051767,0.058522774262199886,0.007160055270658153,0.009341119996633207,0.004807492826830105
1.2187241,0.0017097164419774239,0.049801291796705456,0.05833356062364403,0.006080577903308937,0.05855186528220044,0.0071558422161408074,0.009324275196981324,0.004699522036088444
1.2191897,0.0017052772002212058,0.04976092302763719,0.05790630505282605,0.00607253530807852,0.05857881020170289,0.0071516896565702315,0.009307117880152016,0.004592539529930965
1.2196552,0.0017009250070894307,0.04972040685827407,0.05747767313386481,0.00606528185056253,0.05860360678243464,0.00714759581873834,0.009289653977727392,0.004486598416916146
1.2201207,0.0016966603874487612,0.04967974906833856,0.05704773324598514,0.006058821361407858,0.058626253280102424,0.007143559131150355,0.00927188936096895,0.0043817522782570876
1.2205862,0.0016924838692585489,0.04963895568117156,0.056616553868801205,0.006053157690115359,0.058646748437910845,0.0071395782211471125,0.009253829839867018,0.004278055158809438
1.2210517,0.0016883959836525844,0.049598032960695586,0.056184203561315656,0.006048294707403765,0.05866509147997572,0.007135651911983869,0.009235481162210978,0.0041755615578559415
1.2215172,0.001684397265017062,0.04955698740831896,0.055750750941016676,0.006044236307525884,0.05868128210463596,0.007131779219867248,0.009216849012681279,0.004074326419687925
1.2219828,0.001680488251064834,0.04951582575978126,0.05531626466308056,0.006040986410534453,0.05869532047766747,0.007127959350951877,0.00919793901196439,0.003974405123984243
1.2224483,0.001676669482906055,0.04947455498193985,0.05488081339968698,0.006038548964495041,0.058707207225402284,0.007124191698298252,0.00917875671589173,0.0038758534759883215
1.2229138,0.0016729415051152993,0.04943318226949747,0.054444465819453836,0.006036927947643363,0.058716943427755824,0.007120475838793315,0.009159307614603717,0.003778727696484031
1.2233793,0.0016693048657952577,0.0493917150416708,0.054007290566998246,0.006036127370484339,0.05872453061116507,0.00711681153003521,0.009139597131740049,0.0036830844115712147
1.2238448,0.0016657601166370894,0.04935016093880027,0.05356935624262973,0.006036151277830193,0.05872997074143963,0.007113198707183662,0.009119630623657263,0.003588980642241699
1.2243103,0.0016623078129775154,0.04930852781890134,0.05313073138218143,0.006037003750774874,0.058733266216527795,0.007109637479777441,0.009099413378674686,0.0034964737937566845
1.2247759,0.0016589485138527214,0.04926682375415817,0.05269148443698498,0.006038688908602084,0.058734419859198986,0.007106128128520357,0.009078950616349777,0.0034056216448264346
1.2252414,0.0016556827820491257,0.049225057027360394,0.052251683753993965,0.006041210910624197,0.05873343490964418,0.007102671102037249,0.009058247486783936,0.0033164823365932072
1.2257069,0.0016525111841510687,0.04918323612828398,0.05181139755606103,0.006044573957949349,0.05873031501799519,0.007099267013601427,0.009037309069959722,0.0032291143614184186
1.2261724,0.0016494342905854645,0.04914136975001694,0.05137069392237292,0.006048782295174013,0.058725064236763845,0.007095916637834986,0.009016140375110478,0.0031435765514750713
1.2266379,0.0016464526756634526,0.04909946678523068,0.050929640769047664,0.006053840211998384,0.058717687013202145,0.007092620907383355,0.008994746340123214,0.0030599280671466276
1.2271034,0.0016435669176190818,0.04905753632239761,0.050488305829897884,0.006059752044761938,0.05870818818158443,0.007089380909565432,0.008973131830975596,0.002978228385233706
1.227569,0.0016407775986450625,0.04901558764195536,0.050046756637364395,0.0060665221778965096,0.05869657295541325,0.007086197883000603,0.008951301641207785,0.002898537286970203
1.2280345,0.0016380853049256325,0.04897363021241767,0.04960506050362422,0.006074155045294306,0.05868284691955099,0.007083073214213911,0.008929260491429804,0.002820914845850691
1.2285,0.0016354906266665972,0.04893167368643188,0.04916328450187753,0.006082655131588344,0.05866701602227949,0.0070800084342206105,0.008907013028865044,0.0027454214152711305
1.2289655,0.001632994158122611,0.04888972789678289,0.04872149544781883,0.0060920269733429,0.05864908656729038,0.00707700521509127,0.008884563826930387,0.0026721176159850957
1.229431,0.001630596497621794,0.04884780285234295,0.04827975988129785,0.006102275160151745,0.0586290652056085,0.007074065366498558,0.008861917384853422,0.0026010643233778485
1.2298966,0.0016282982475877808,0.048805908733966855,0.04783814404817627,0.006113404335642049,0.05860695892745108,0.0070711908322467825,0.008839078127327123,0.002532322654560674
1.2303621,0.001626100014559311,0.048764055890332315,0.04739671388238658,0.006125419198381977,0.058582775054024976,0.007068383686785224,0.008816050404202287,0.0024659539552879498
1.2308276,0.001624002409207471,0.04872225483372514,0.04695553498819961,0.006138324502690044,0.058556521229264615,0.0070656461317062415,0.00879283849021799,0.002402019786699469
1.2312931,0.0016220060463506987,0.04868051623576939,0.04651467262270659,0.006152125059344347,0.05852820541151355,0.0070629804922291185,0.00876944658477024,0.0023405819118905388
1.2317586,0.0016201115449676526,0.04863885092310257,0.04607419167852182,0.006166825736189761,0.058497835865153086,0.007060389213670599,0.00874587881171896,0.002281702282312395
1.2322241,0.0016183195282080424,0.04859726987299606,0.045634156666711466,0.006182431458641227,0.05846542115218191,0.0070578748579029835,0.0087221392192334,0.0022254430240054718
1.2326897,0.001616630623401515,0.048555784208921295,0.04519463169995367,0.006198947210081297,0.058430970123751536,0.007055440099800669,0.008698231779675995,0.0021718664236680804
1.2331552,0.0016150454620646717,0.048514405196061976,0.0447556804759348,0.006216378032150183,0.05839449191166296,0.007053087723675956,0.008674160389524694,0.0021210349145630385
1.2336207,0.0016135646799062956,0.04847314423677288,0.04431736626098645,0.006234729024926698,0.058355995919830865,0.007050820619704926,0.008649928869333775,0.0020730110622648157
1.2340862,0.0016121889168308615,0.048432012865985856,0.04387975187396758,0.006254005346998561,0.05831549181572231,0.007048641780344207,0.008625540963733117,0.0020278575502497664
1.2345517,0.0016109188169403875,0.04839102274656337,0.04344289967039577,0.006274212215420647,0.058272989521777625,0.007046554296739467,0.008601000341465975,0.0019856371653320494
1.2350172,0.001609755028534684,0.04835018566459999,0.04300687152683162,0.00629535490555979,0.05822849920682157,0.007044561355126477,0.008576310595465236,0.0019464127829478671
1.2354828,0.001608698204110047,0.04830951352467186,0.04257172882552013,0.006317438750824788,0.05818203127747342,0.007042666233225703,0.00855147524296817,0.00191024735229072
1.2359483,0.0016077490003564324,0.04826901834503385,0.0421375324392927,0.006340469142280286,0.05813359636956461,0.007040872296631367,0.008526497725669607,0.001877203881300445
1.2364138,0.0016069080781531352,0.0482287122527638,0.041704342716733796,0.00636445152814326,0.058083205339572605,0.007039182995195988,0.008501381409913505,0.0018473454215089228
1.2368793,0.0016061761025630038,0.04818860747885307,0.0412722194676158,0.006389391413160897,0.05803086925607962,0.007037601859411408,0.008476129586922785,0.0018207350527454638
1.2373448,0.001605553742825206,0.04814871635324243,0.040841221948605795,0.0064152943578687505,0.0579765993912642,0.007036132496787299,0.008450745473067331,0.00179743586770502
1.2378103,0.0016050416723465705,0.048109051299802495,0.04041140884924805,0.0064421659777281395,0.057920407212433515,0.007034778588228105,0.008425232210169966,0.0017775109563824979
1.2382759,0.001604640568691519,0.04806962483125804,0.03998283827822541,0.006470011942141778,0.057862304373603755,0.0070335438844093805,0.008399592865850222,0.0017610233903765404
1.2387414,0.0016043511135706066,0.04803044954405603,0.03955556774990301,0.006498837973346635,0.05780230270713553,0.00703243220215448,0.008373830433905667,0.0017480362070662273
1.2392069,0.0016041739928276785,0.04799153811317743,0.03912965417115728,0.006528649845183121,0.05774041421543114,0.007031447420812517,0.008347947834730517,0.0017386123936641708
1.2396724,0.001604109896425659,0.04795290328689323,0.03870515382849312,0.006559453381739797,0.05767665106270011,0.007030593478638533,0.00832194791577122,0.0017328148711495213
1.2401379,0.0016041595184309767,0.047914557881465474,0.03828212237545188,0.006591254455872988,0.05761102556679942,0.007029874369176785,0.008295833452018604,0.0017307064780844145
1.2406034,0.001604323556996626,0.04787651477579389,0.03786061482031273,0.006624058987600824,0.057543550191154855,0.0070292941376481205,0.008269607146536132,0.0017323499543173957
1.241069,0.0016046027143438695,0.047838786906008846,0.037440685514089724,0.006657872942371378,0.05747423753676985,0.007028856877342379,0.008243271631023752,0.0017378079245773822
1.2415345,0.0016049976967425687,0.04780138726001118,0.03702238813882684,0.0066927023292046705,0.05740310033432826,0.007028566726016811,0.00821682946641673,0.001747142881961733
1.242,0.001605509214490135,0.04776432887195908,0.03660577569619301,0.006728553198708326,0.057330151436397324,0.007028427862301461,0.00819028314351882,0.0017604171713220206
1.2424655,0.0016061379818890764,0.04772762481670199,0.036190900496379,0.0067654316409667325,0.05725540380973707,0.007028444502112482,0.008163635083669046,0.0017776929725511173
1.242931,0.0016068847172231095,0.04769128820416119,0.03577781414729798,0.006803343783303562,0.057178870527722345,0.00702862089507427,0.008136887639441292,0.0017990322837752348
1.2433966,0.0016077501427317917,0.04765533217365634,0.03536656754409159,0.006842295787917578,0.05710056476288324,0.007028961320951362,0.00811004309537586,0.0018244969044545884
1.2438621,0.0016087349845836168,0.04761976988817671,0.03495721085894329,0.006882293849391716,0.0570204997795694,0.007029470086090942,0.008083103668742085,0.0018541484183963782
1.2443276,0.0016098399728475055,0.04758461452859588,0.03454979353120081,0.006923344192075467,0.056938688926743246,0.007030151519876891,0.008056071510331046,0.0018880481766838145
1.2447931,0.0016110658414626193,0.04754987928782802,0.034144364257809715,0.006965453067340697,0.05685514563090701,0.007031009971196283,0.008028948705277409,0.001926257280524959
1.2452586,0.0016124133282064135,0.04751557736492403,0.033740970984059385,0.00700862675071104,0.056769883389167754,0.007032049804919258,0.00800173727390937,0.001968836564025183
1.2457241,0.0016138831746608407,0.04748172195910545,0.033339660894643144,0.007052871538865075,0.05668291576244422,0.007033275398393224,0.007974439172625657,0.0020158465768870897
1.2461897,0.0016154761261766085,0.04744832626373397,0.03294048040503347,0.007098193746513467,0.05659425636881883,0.007034691137952328,0.0079470562947985,0.002067347567041752
1.2466552,0.0016171929318353994,0.0474154034602144,0.0325434751531732,0.007144599703150272,0.05650391887703809,0.007036301415443141,0.007919590471701446,0.0021233994632151626
1.2471207,0.001619034344409964,0.047382966711829476,0.032148689991483174,0.007192095749678551,0.056411917000164104,0.007038110624767471,0.007892043473460803,0.00218406185743379
1.2475862,0.0016210011203220038,0.04735102915750523,0.0317561689791867,0.007240688234910542,0.05631826448938002,0.007040123158443192,0.007864417010029504,0.0022493939874731555
1.2480517,0.001623094019597771,0.04731960390550681,0.03136595537495066,0.007290383511942607,0.056222975127952,0.007042343404183972,0.007836712732182036,0.00231945471925339
1.2485172,0.0016253138058213324,0.04728870402706509,0.03097809162984319,0.007341187934405318,0.05612606272535005,0.007044775741498786,0.007808932232529107,0.0023943025291857695
1.2489828,0.0016276612460854598,0.04725834254993505,0.030592619380607502,0.007393107852589219,0.05602754111153011,0.007047424538312124,0.007781077046550611,0.002473995486474361
1.2494483,0.0016301371109401176,0.047228532451887205,0.030209579443251495,0.007446149609447136,0.055927424131379154,0.007050294147605854,0.007753148653645471,0.0025585912353770293
1.2499138,0.0016327421743385201,0.047199286654133484,0.02982901180695281,0.007500319536474279,0.0558257256393251,0.0070533889040837235,0.007725148478196843,0.0026481469774301963
1.2503793,0.0016354772135807392,0.04717061801468938,0.02945095562827909,0.007555623949467822,0.05572245949411289,0.0070567131208595455,0.00769707789065119,0.0027427194536418123
1.2508448,0.001638343009254837,0.047142539321674275,0.029075449225723266,0.007612069144167953,0.05561763955374787,0.007060271086170086,0.00766893820860969,0.002842364926657059
1.2513103,0.0016413403451754917,0.04711506328655216,0.028702530074553787,0.007669661391782681,0.05551127967060752,0.007064067060113705,0.0076407306979304045,0.0029471391629013206
1.2517759,0.001644470008320093,0.04708820253731509,0.028332234801979692,0.0077284069343988545,0.05540339368672257,0.007068105271415797,0.00761245657383967,0.003057097414704982
1.2522414,0.0016477327887622782,0.04706196961161169,0.02796459918263037,0.007788311980281923,0.055293995429228665,0.007072389914222079,0.007584117002051281,0.003172294402414658
1.2527069,0.001651129479602886,0.0470363769498238,0.02759965813434964,0.007849382699067197,0.05518309870598941,0.007076925144920805,0.007555713099892114,0.003292784296495496
1.2531724,0.0016546608768982938,0.047011436888094324,0.02723744571430376,0.00791162521684548,0.05507071730139206,0.0070817150789950125,0.007527245937433064,0.0034186206996292675
1.2536379,0.0016583277795861173,0.04698716165131027,0.026877995115402665,0.007975045611146321,0.05495686497231672,0.007086763787905941,0.00749871653862432,0.0035498566288130065
1.2541034,0.001662130989408222,0.04696356334604506,0.026521338663033623,0.008039649905822345,0.05484155544428016,0.007092075296008786,0.007470125882434319,0.003686544497463
1.254569,0.0016660713108310118,0.04694065395346508,0.026167507812106135,0.008105444065838421,0.054724802407754486,0.007097653577502016,0.007441474903991955,0.0038287360975289538
1.2550345,0.0016701495509629392,0.0469184453222053,0.025816533144406833,0.00817243399196968,0.054606619514660996,0.007103502553411489,0.007412764495732015,0.003976482581623162
1.2555,0.001674366519469189,0.04689694916121922,0.025468444366262864,0.008240625515412592,0.05448702037503897,0.007109626088610624,0.007383995508543982,0.004129834445169522
1.2559655,0.0016787230284834695,0.04687617703260814,0.025123270306512055,0.008310024392313405,0.05436601855388857,0.007116027988877918,0.007355168752924514,0.004288841508577278
1.256431,0.001683219892516845,0.04685614034443496,0.02478103891477807,0.00838063629821825,0.05424362756818698,0.007122711997993084,0.007326285000133902,0.004453552899444386
1.2568966,0.0016878579283635406,0.04683685034352719,0.02444177726004857,0.00845246682244927,0.0541198608840764,0.007129681794873046,0.007297344983356837,0.004624017034795438
1.2573621,0.0016926379550036464,0.046818318108274366,0.024105511529554507,0.008525521462410987,0.05399473191422283,0.0071369409907490085,0.007268349398867776,0.004800281603359128
1.2578276,0.0016975607935026497,0.04680055454142468,0.023772267027948758,0.008599805617831174,0.05386825401534435,0.007144493126385735,0.007239298907201259,0.004982393547890221
1.2582931,0.0017026272669077303,0.04678357036288619,0.023442068176782432,0.00867532458494039,0.05374044048590841,0.0071523416693442116,0.007210194134327546,0.005170399047541017
1.2587586,0.001707838200140763,0.04676737610253826,0.023114938514277292,0.008752083550594392,0.05361130456399757,0.007160490011288772,0.007181035672833974,0.005364343500287362
1.2592241,0.0017131944198879915,0.046751982093058635,0.022790900695392937,0.008830087586343589,0.05348085942534353,0.007168941465339798,0.00715182408311242,0.00556427150541427
1.2596897,0.0017186967544863408,0.046737398462772264,0.022469976492187238,0.008909341642453765,0.05334911818152962,0.007177699263473039,0.007122559894553245,0.005770226846066304
1.2601552,0.0017243460338063521,0.04672363512852775,0.02215218679446852,0.008989850541882312,0.05321609387836183,0.007186766553966612,0.007093243606746053,0.0059822524718679175
1.2606207,0.0017301430891317282,0.04671070178860733,0.02183755161073779,0.009071618974214189,0.05308179949440841,0.0071961463988966835,0.007063875690687564,0.006200390481619111
1.2610862,0.0017360887530354818,0.04669860791567627,0.021526090069419204,0.009154651489561906,0.05294624793970794,0.007205841771682766,0.0070344565899969356,0.006424682106071843
1.2615517,0.001742183859252677,0.04668736274977794,0.021217820420376805,0.009238952492433844,0.0528094520546454,0.007215855554683535,0.007004986722138816,0.006655167690792893
1.2620172,0.0017484292425497443,0.04667697529138066,0.020912760036715498,0.009324526235575132,0.05267142460899546,0.007226190536844065,0.006975466479654505,0.006891886679118956
1.2624828,0.0017548257385903438,0.04666745429448243,0.02061092541686403,0.009411376813785455,0.05253217830113176,0.007236849411395325,0.0069458962314016106,0.007134877595209856
1.2629483,0.0017613741837977364,0.04665880825978008,0.020312332186937794,0.009499508157718082,0.05239172575740066,0.0072478347736068165,0.006916276323802599,0.007384178027205801
1.2634138,0.001768075415213614,0.04665104542790882,0.020016995103379016,0.009588924027664442,0.05225007953165741,0.007259149118593187,0.006886607082102641,0.0076398246104945906
1.2638793,0.0017749302703533294,0.046644173772758354,0.01972492805587183,0.009679628007328574,0.052107252104962726,0.007270794839175659,0.006856888811637132,0.007901853011094653
1.2643448,0.001781939587057455,0.0466382009948716,0.01943614407052962,0.00977162349759572,0.05196325588543765,0.007282774223799126,0.006827121799109211,0.00817029790915982
1.2648103,0.0017891042033396022,0.046633134514931986,0.019150655313351823,0.009864913710299347,0.051818103208273965,0.007295089454505674,0.006797306313877595,0.008445192982611725
1.2652759,0.0017964249572304427,0.04662898146734487,0.01886847309394733,0.009959501661990824,0.051671806335897914,0.007307742604965349,0.006767442609254976,0.008726570890905795
1.2657414,0.0018039026866178568,0.04662574869391879,0.018589607869521445,0.010055390167715905,0.05152437745828431,0.007320735638564893,0.00673753092381724,0.009014463258936801
1.2662069,0.0018115382290831577,0.046623442737651954,0.018314069249123203,0.010152581834802095,0.051375828693418495,0.007334070406555167,0.006707571482723704,0.009308900661089983
1.2666724,0.001819332421733327,0.04662206983662959,0.018041865998149758,0.010251079056660969,0.051226172087903414,0.007347748646257981,0.0066775644990485555,0.009609912605443714
1.2671379,0.0018272861010291894,0.04662163591803761,0.01777300604310442,0.010350884006609369,0.05107541961770897,0.00736177197933299,0.0066475101751236705,0.009917527518129689
1.2676034,0.0018354001026094535,0.046622146592298526,0.017507496476604732,0.010451998631713455,0.050923583189060276,0.007376141910105356,0.006617408703892937,0.010231772727856506
1.268069,0.0018436752611105443,0.046623607147335475,0.017245343562636937,0.010554424646659503,0.05077067463946122,0.007390859823954819,0.006587260270278168,0.01055267445060253
1.2685345,0.001852112409982143,0.04662602254297074,0.016986552742053036,0.010658163527655357,0.0506167057388495,0.007405926985766901,0.006557065052556658,0.010880257774483818
1.269,0.0018607123812983647,0.046629397405464755,0.01673112863830647,0.010763216506366432,0.05046168819087893,0.007421344538446867,0.006526823223750448,0.011214546644802885
1.2694655,0.0018694760055645134,0.04663373602220179,0.016479075063422437,0.010869584563890224,0.05030563363432488,0.007437113501497134,0.006496534953027327,0.011555563849284082
1.269931,0.0018784041115193619,0.04663904233652832,0.016230395024198624,0.010977268424773264,0.050148553644608754,0.007453234769658758,0.006466200407113583,0.011903331003501338
1.2703966,0.0018874975259329265,0.04664531994274957,0.01598509072863218,0.011086268551074514,0.04999045973543736,0.007469709111617653,0.0064358197517184945,0.01225786853650414
1.2708621,0.0018967570733997153,0.0466525720812898,0.01574316359256841,0.011196585136479273,0.04983136336055337,0.007486537168776167,0.00640539315297055,0.012619195676647639
1.2713276,0.001906183576127436,0.04666080163402124,0.015504614246566824,0.01130821810046765,0.04967127591559337,0.007503719454090631,0.006374920778865322,0.012987330437632802
1.2717931,0.0019157778537211515,0.046670011119766666,0.01526944254297991,0.011421167082541716,0.04951020874005052,0.007521256350975483,0.006344402800724857,0.013362289604762496
1.2722586,0.0019255407229628746,0.04668020268997992,0.015037647563239954,0.011535431436515465,0.04934817311933881,0.007539148112274517,0.006313839394668431,0.01374408872141946
1.2727241,0.001935472997586583,0.046691378124608614,0.014809227625349117,0.011651010224871736,0.04918518028695696,0.007557394859299816,0.006283230743094442,0.01413274207577213
1.2731897,0.0019455754880486312,0.046703538828142606,0.014584180291568003,0.011767902213190231,0.04902124142674976,0.007575996580938839,0.0062525770361731665,0.014528262687714233
1.2736552,0.0019558490012935264,0.04671668582585181,0.014362502376297787,0.011886105864650748,0.04885636767526486,0.007594953132830127,0.006221878473350115,0.014930662296044143
1.2741207,0.001966294340515012,0.04673081976021648,0.014144189954151044,0.012005619334615693,0.04869057012420318,0.007614264236608023,0.00619113526485967,0.015339951345889993
1.2745862,0.001976912304912404,0.046745940887552684,0.01392923836820625,0.012126440465295893,0.048523859822960855,0.007633929479216812,0.00616034763324869,0.015756138976386596
1.2750517,0.0019877036894421084,0.04676204907483548,0.013717642238440889,0.012248566780503628,0.048356247781260395,0.007653948312294631,0.0061295158149098,0.016179233008610218
1.2755172,0.001998669284564249,0.04677914379672204,0.013509395470337969,0.01237199548049677,0.04818774497186868,0.007674320051627506,0.006098640061624019,0.016609239933777237
1.2759828,0.002009809875984352,0.04679722413277651,0.01330449126366065,0.012496723436917857,0.04801836233339889,0.007695043876673866,0.0060677206421124,0.01704616490171275
1.2764483,0.0020211262443900475,0.04681628876489813,0.013102922121389575,0.012622747187831927,0.047848110773193314,0.007716118830159837,0.006036757843596299,0.017490011709595046
1.2769138,0.002032619165182788,0.04683633597495384,0.012904679858817429,0.012750062932866906,0.04767700117028393,0.007737543817745616,0.0060057519733658785,0.01794078279098196
1.2773793,0.0020442894082046024,0.04685736364261639,0.012709755612795168,0.01287866652846034,0.04750504437842737,0.007759317607763148,0.005974703360356416,0.018398479205124753
1.2778448,0.002056137737459943,0.046879369243408554,0.012518139851124243,0.013008553483216279,0.04733225122921084,0.007781438831025235,0.005943612356731962,0.018863100626575226
1.2783103,0.0020681649108326965,0.04690234984695382,0.012329822382089144,0.013139718953376074,0.0471586325352255,0.007803905980706229,0.0059124793394758676,0.019334645335091542
1.2787759,0.002080371679798461,0.04692630211543353,0.012144792364124508,0.013272157738406839,0.046984199093304056,0.00782671741229432,0.005881304711987699,0.019813110205848125
1.2792414,0.0020927587891322076,0.04695122230225015,0.011963038315611008,0.013405864276711232,0.04680896168781891,0.007849871343615412,0.005850088905685984,0.02029849069995485
1.2797069,0.0021053269766114803,0.046977106250895836,0.011784548124794183,0.01354083264146225,0.046632931094037454,0.007873365854928475,0.005818832381616246,0.020790780855290573
1.2801724,0.002118076972715312,0.04700394939402514,0.011609309059820374,0.013677056536566565,0.04645611808153092,0.00789719888909228,0.005787535632063705,0.02128997327765607
1.2806379,0.0021310095003190693,0.0470317467527307,0.011437307778883944,0.013814529292759895,0.046278533417633175,0.007921368251803245,0.005756199182170036,0.021796059132251234
1.2811034,0.0021441252743854373,0.04706049293602032,0.01126853034047988,0.013953243863837839,0.04610018787094599,0.007945871611904163,0.005724823591553485,0.022309028135481534
1.281569,0.0021574250016517553,0.047090182140493896,0.011102962213756002,0.01409319282302548,0.04592109221488684,0.007970706501763469,0.005693409455931658,0.022828868547098535
1.2820345,0.0021709093803139222,0.04712080815021876,0.010940588288958912,0.014234368359488969,0.045741257231275485,0.007995870317724653,0.005661957408746229,0.023355567162679475
1.2825,0.002184579099707072,0.047152364336801804,0.010781392887967903,0.014376762274992173,0.04556069371395531,0.008021360320625412,0.005630468122788788,0.023889109306450825
1.2829655,0.0021984348399832353,0.04718484365965674,0.01062535977491106,0.014520365980701406,0.045379412472445035,0.00804717363638604,0.005598942311826992,0.024429478824460584
1.283431,0.0022124772717862055,0.04721823866646501,0.010472472166857795,0.014665170494141113,0.04519742433561617,0.008073307256666577,0.005567380732230172,0.02497665807810399
1.2838966,0.0022267070559238316,0.04725254149382858,0.010322712744582133,0.01481116643630326,0.04501474015539117,0.008099758039592089,0.005535784184593448,0.025530627938007314
1.2843621,0.0022411248430379816,0.047287743868112825,0.010176063663391011,0.014958344028913082,0.04483137081045701,0.0081265227105455,0.0055041535153594,0.026091367778274158
1.2848276,0.0022557312732724094,0.04732383710647769,0.010032506564011917,0.01510669309185376,0.04464732720998825,0.008153597863027232,0.005472489618436258,0.026658855471098485
1.2852931,0.002270526975938783,0.04736081211809479,0.00989202258353416,0.015256203040752472,0.04446262029737358,0.008180979959580932,0.005440793436811578,0.027233067381748632
1.2857586,0.002285512569181124,0.04739865940554816,0.009754592366398073,0.015406862884730227,0.04427726105393942,0.008208665332784455,0.005409065964160288,0.02781397836392616
1.2862241,0.002300688659638922,0.04743736906641575,0.009620196075426385,0.01555866122431771,0.04409126050266364,0.008236650186305235,0.005377308246445954,0.028401561755503374
1.2866897,0.002316055842109174,0.047476930795029036,0.009488813402892012,0.01571158624953938,0.043904629711872305,0.008264930596019116,0.005345521383514117,0.02899578937464307
1.2871552,0.0023316146992076086,0.04751733388440771,0.00936042358161642,0.01586562573816793,0.04371737979891213,0.008293502511191661,0.005313706530676484,0.02959663151630378
1.2876207,0.0023473658010293294,0.047558567228366336,0.009235005396092684,0.0160207670541512,0.04352952193379101,0.008322361755720927,0.005281864900284715,0.030204056949133765
1.2880862,0.002363309704809116,0.04760061932379018,0.009112537193627337,0.016176997146213446,0.043341067342778795,0.008351504029440677,0.0052499977632925465,0.030818032912756633
1.2885517,0.0023794469545815994,0.04764347827307701,0.008992996895495004,0.016334302546632977,0.04315202731196032,0.008380924909482996,0.005218106450804947,0.031438525115451414
1.2890172,0.0023957780808415326,0.04768713178674199,0.008876362008099867,0.016492669370197773,0.042962413190732414,0.008410619851699254,0.005186192355612961,0.03206549773222963
1.2894828,0.002412303600204374,0.047731567186182385,0.008762609634137941,0.016652083313340872,0.04277223639523634,0.008440584192138332,0.005154256933712908,0.03269891340331186
1.2899483,0.0024290240150674175,0.04777677140659909,0.008651716483754264,0.016812529653456955,0.042581508411717456,0.008470813148581053,0.0051223017058085706,0.03333873323300612
1.2904138,0.002445939813271733,0.04782273100007191,0.008543658885689129,0.01697399324840153,0.04239024079980351,0.00850130182212971,0.005090328258794984,0.03398491678899008
1.2908793,0.0024630514677651885,0.04786943213878554,0.008438412798407645,0.01713645853617403,0.0421984451956936,0.008532045198851599,0.0050583382472224195,0.034637422101999105
1.2913448,0.00248035943626687,0.04791686061840332,0.008335953821207045,0.01729990953478592,0.042006133315249834,0.008563038151475423,0.0050263333947391745,0.035296205665921676
1.2918103,0.0024978641609332444,0.047965001861585595,0.008236257205296325,0.01746432984231501,0.041813316956984425,0.00859427544113949,0.004994315495511742,0.035961222438303665
1.2922759,0.002515566068026433,0.048013840921649516,0.008139297864843022,0.017629702637146902,0.04162000800493523,0.00862575171919051,0.0049622864156209775,0.03663242584126279
1.2927414,0.002533465567584989,0.04806336248636658,0.008045050387982124,0.017796010678404514,0.04142621843142336,0.008657461529031829,0.004930248094432894,0.03730976776281437
1.2932069,0.002551563053097596,0.04811355088189412,0.007953489047782354,0.017963236306566568,0.04123196029968662,0.008689399308019855,0.00489820254594277,0.037993198558609324
1.2936724,0.0025698589011801053,0.04816439007683685,0.007864587813165283,0.018131361444275712,0.041037245766382915,0.008721559389407406,0.0048661518600912985,0.03868266705408541
1.2941379,0.002588353471256347,0.04821586368643381,0.0077783203597729935,0.01830036759733702,0.040842087083957625,0.00875393600433266,0.004834098204051543,0.03937812054703221
1.2946034,0.0026070471052431475,0.04826795497686613,0.007694660080780223,0.018470235855907454,0.04064649660286884,0.00878652328385237,0.004802043823485556,0.040079504810570446
1.295069,0.002625940127239978,0.048320646869680586,0.007613580097647139,0.01864094689587679,0.04045048677366468,0.008819315261017962,0.00476999104376953,0.0407867640965457
1.2955345,0.0026450328432236626,0.048373921946323555,0.007535053270809139,0.018812480980440537,0.04025407014890697,0.008852305872993113,0.0047379422711864225,0.04149984113933653
1.296,0.002664325540748582,0.04842776245277969,0.007459052210300246,0.018984817961865103,0.04005725938493628,0.00888548896321139,0.004705899994085004,0.04221867716007679
1.2964655,0.0026838184886528,0.04848215030430931,0.0073855492863068185,0.01915793728344562,0.03986006724347363,0.008918858283572471,0.004673866784004258,0.042943211871291395
1.296931,0.002703511936770526,0.048537067090278316,0.0073145166396484575,0.019331817981656424,0.03966250659305516,0.008952407496675573,0.004641845296762112,0.04367338348194495
1.2973966,0.00272340611565134,0.04859249407907437,0.007245926192183074,0.019506438688494228,0.03946459041029673,0.008986130178088603,0.004609838273507449,0.0444091287029021
1.2978621,0.0027435012362865495,0.04864841222310341,0.0071797496571331465,0.019681777634013884,0.039266331780985986,0.009020019818651593,0.004577848541734422,0.04515038275279813
1.2983276,0.0027637974898430833,0.04870480216386064,0.007115958549330298,0.019857812649056374,0.039067743901000256,0.009054069826812875,0.004545879016258124,0.04589707936431863
1.2987931,0.0027842950474052585,0.048761644237070606,0.007054524195375361,0.020034521168168593,0.03886884007704894,0.00908827353099645,0.004513932700150778,0.04664915079088615
1.2992586,0.0028049940597247745,0.04881891847789157,0.006995417743711164,0.02021188023271438,0.03866963372723943,0.009122624181998933,0.004482012685637651,0.04740652781375205
1.2997241,0.0028258946569792542,0.04887660462617975,0.006938610174605242,0.020389866494176043,0.03847013838146559,0.009157114955414367,0.004450122154952048,0.04816913974949119
1.3001897,0.002846996948539646,0.04893468213180974,0.00688407231003971,0.020568456217645508,0.03827036768161783,0.009191738954085272,0.004418264381148757,0.04893691445789707
1.3006552,0.002868301022746782,0.04899313016004736,0.006831774823505475,0.020747625285504154,0.038070335381614064,0.00922648921057815,0.004386442728875436,0.049709778350274805
1.3011207,0.0028898069466973594,0.04905192759697187,0.00678168824969794,0.02092734920129016,0.037870055347250936,0.009261358689681698,0.004354660655101411,0.05048765639812923
1.3015862,0.002911514766039607,0.04911105305494397,0.006733782994111307,0.021107603093752092,0.03766954155587534,0.009296340290925943,0.0043229217098034395,0.05127047214224566
1.3020517,0.0029334245047788554,0.04917048487811628,0.006688029342528584,0.021288361721087345,0.03746880809587673,0.009331426851120449,0.0042912295366079175,0.05205814770216081
1.3025172,0.002955536165093227,0.049230201147983106,0.006644397470404401,0.021469599475363952,0.03726786916600134,0.009366611146909724,0.004259587873389049,0.05285060378602227
1.3029828,0.002977849727159636,0.04929017968896617,0.006602857452137783,0.021651290387124114,0.037066739074489784,0.009401885897343946,0.0042280005528224345,0.05364775970083495
1.3034483,0.0030003651489902577,0.04935039807403381,0.006563379270232153,0.0218334081301677,0.03686543223803994,0.00943724376646305,0.004196471502893544,0.05444953336309399
1.3039138,0.003023082366279614,0.04941083363035118,0.006525932824339897,0.02201592602651391,0.036663963180596976,0.009472677365892225,0.004165004747360528,0.05525584130980383
1.3043793,0.0030460012922623914,0.04947146344495961,0.006490487940189094,0.022198817051539206,0.036462346531972584,0.009508179257446823,0.0041336044061708295,0.05606659870988351
1.3048448,0.0030691218175820907,0.04953226437048345,0.00645701437839018,0.022382053839289543,0.036260597026295645,0.009543741955744749,0.004102274695831074,0.056881719375958824
1.3053103,0.0030924438101705776,0.04959321303086291,0.006425481843120666,0.02256560868796502,0.03605872950029696,0.009579357930824326,0.00407101992972974,0.05770111577654252
1.3057759,0.0031159671151385904,0.04965428582711154,0.006395859990686311,0.022749453565574985,0.03585675889143095,0.00961501961076571,0.004039844518412129,0.05852469904860472
1.3062414,0.003139691554677255,0.049715458943097104,0.006368118437957477,0.022933560115761635,0.03565470023583751,0.009650719384313859,0.0040087529698071556,0.05935237901053702
1.3067069,0.0031636169279706527,0.049776708351344436,0.0063422267706797295,0.023117899663789968,0.03545256866614737,0.00968644960350113,0.003977749889405487,0.06018406417551514
1.3071724,0.0031877430111194797,0.04983800981885968,0.006318154551657979,0.023302443222702036,0.03525037940913469,0.009722202586267608,0.003946839980388592,0.0610196617652652
1.3076379,0.0032120695570758686,0.04989933891297562,0.00629587132881372,0.02348716149963301,0.03504814778322046,0.009757970619077242,0.00391602804370828,0.06185907772423942
1.3081034,0.0032365962955894093,0.04996067100721844,0.006275346643115159,0.023672024902286686,0.034845889195831016,0.009793745959528024,0.0038853189781163627,0.06270221673420641
1.308569,0.0032613229331644495,0.05002198128719656,0.00625655003638022,0.023857003545567745,0.03464361914061551,0.00982952083895445,0.0038547177801441295,0.0635489822292615
1.3090345,0.003286249153028739,0.050083244756512976,0.006239451058952619,0.024042067258367977,0.034441353194526965,0.009865287465020653,0.003824229544031394,0.06439927641126167
1.3095,0.003311374615113476,0.05014443624270221,0.00622401927725131,0.02422718559050362,0.034239107014770925,0.009901038024302748,0.0037938594616048816,0.06525300026568943
1.3099655,0.0033366989560448244,0.050205530403193144,0.006210224281193785,0.02441232781980073,0.034036896335626336,0.009936764684859106,0.003763612822105782,0.06611005357794972
1.310431,0.0033622217891469317,0.05026650173129883,0.006198035691493795,0.024597462959325633,0.033834736965143004,0.009972459598787406,0.003733495011966277,0.06697033495010292
1.3108966,0.0033879427044564685,0.05032732456223464,0.006187423166834175,0.024782559764757437,0.033632644781720344,0.010008114904767555,0.003703511514534871,0.06783374181803725
1.3113621,0.003413861268748699,0.05038797307916536,0.006178356410915504,0.024967586741899542,0.03343063573057236,0.01004372273058956,0.0036736679097503517,0.0687001704690829
1.3118276,0.003439977025575049,0.050448421319282455,0.006170805179381376,0.025152512154327192,0.033228725820083994,0.010079275195665628,0.003643969873764232,0.06956951606006997
1.3122931,0.0034662894953121433,0.05050864317991201,0.006164739286621084,0.025337304031168146,0.03302693111806396,0.010114764413525702,0.0036144231785116042,0.0704416726358319
1.3127586,0.003492798175222263,0.05056861242465393,0.006160128612450483,0.025521930175013384,0.032825267747899324,0.01015018249429579,0.0035850336912303894,0.0713165331481556
1.3132241,0.003519502539525149,0.050628302689552575,0.006156943108671756,0.02570635816995476,0.032623751884617073,0.01018552154715836,0.003555807373929096,0.07219398947517906
1.3136897,0.003546402039481075,0.05068768748929884,0.006155152805512805,0.025890555389746574,0.03242239975085784,0.01022077368279408,0.003526750282803318,0.07307393244123687
1.3141552,0.0035734961034851005,0.05074674022346385,0.006154727817946875,0.026074489006088067,0.032221227612767064,0.010255931015804114,0.003497868567601321,0.07395625183715392
1.3146207,0.003600784137172405,0.05080543418276419,0.006155638351893076,0.02625812599702405,0.03202025177580879,0.010290985667112135,0.0034691684709391413,0.07484083644098659
1.3150862,0.003628265523534597,0.050863742555358964,0.006157854710298353,0.02644143315546092,0.031819488580507364,0.010325929766345181,0.0034406563275656958,0.075727574039211
1.3155517,0.0036559396230468923,0.05092163843317887,0.006161347299101452,0.026624377097795443,0.03161895439812249,0.01036075545419243,0.00341233856357839,0.07661635144835666
1.3160172,0.003683805773806026,0.05097909481828771,0.0061660866330794295,0.026806924272653732,0.031418665626262894,0.010395454884741001,0.0033842216955897314,0.07750705453708379
1.3164828,0.003711863291678737,0.051036084629276474,0.006172043341577191,0.026989040969737876,0.031218638684443994,0.010430020227787962,0.003356312329845425,0.07839956824870171
1.3169483,0.00374011147046065,0.05109258070769007,0.006179188174120582,0.027170693328777945,0.031018890009594752,0.010464443671127692,0.0033286171612944265,0.07929377662412501
1.3174138,0.0037685495820453476,0.051148555824486304,0.00618749200591354,0.027351847348587043,0.030819436051518777,0.01049871742281377,0.0033011429726114237,0.08018956282526386
1.3178793,0.0037971768766034172,0.05120398268652683,0.0061969258432198115,0.02753246889621738,0.03062029326831449,0.01053283371339454,0.003273896633172208,0.08108680915884414
1.3183448,0.0038259925827712382,0.05125883394309994,0.0062074608286297695,0.027712523716215416,0.030421478121758886,0.01056678479812151,0.0032468850979823966,0.08198539710065249
1.3188103,0.003854995907849275,0.05131308219247495,0.0062190682462128985,0.02789197743997407,0.030223007072659354,0.010600562959129756,0.0032201154065599554,0.08288520732020131
1.3192759,0.003884186038009662,0.051366699988488446,0.006231719526556519,0.02807079559518002,0.030024896576177632,0.010634160507589559,0.0031935946817719797,0.08378611970580872
1.3197414,0.003913562138512871,0.05141965984716309,0.006245386251691409,0.02824894361535397,0.029827163077130053,0.010667569785828574,0.0031673301286261834,0.08468801339008787
1.3202069,0.003943123353933279,0.0514719342533597,0.006260040159905,0.02842638684948169,0.02962982300526797,0.010700783169423786,0.003141329033017535,0.0855907667758406
1.3206724,0.003972868808393485,0.05152349566746407,0.0062756531504428986,0.0286030905717336,0.02943289277054239,0.010733793069262658,0.0031155987604304714,0.0864942575623504
1.3211379,0.00400279760580726,0.05157431653210975,0.006292197288099536,0.02877901999127048,0.029236388758356952,0.010766591933572902,0.003090146754597101,0.08739836277206957
1.3216034,0.004032908830131044,0.0516243692789383,0.006309644807698797,0.02895414026213273,0.029040327324813587,0.010799172249920306,0.0030649805361117922,0.08830295877769546
1.322069,0.004063201545623916,0.05167362633539828,0.006327968118465534,0.02912841649321052,0.028844724791955385,0.010831526547174382,0.00304010770100253,0.0892079213296306
1.3225345,0.004093674797116019,0.0517220601315837,0.0063471398082889,0.029301813758291925,0.028649597443011425,0.01086364739744166,0.0030155359192594153,0.09011312558382227
1.323,0.004124327610285405,0.051769643107112635,0.006367132647878511,0.029474297106186136,0.02845496151764827,0.010895527417966702,0.0029912729333206878,0.09101844612997685
1.3234655,0.004155158991943291,0.0518163477180463,0.006387919594814482,0.029645831570918615,0.028260833207232838,0.010927159273001003,0.0029673265565166784,0.09192375702014365
1.323931,0.0041861679303277196,0.051862146443848796,0.006409473797492447,0.029816382181995282,0.02806722865011128,0.01095853567564017,0.0029437046714721536,0.09282893179766354
1.3243966,0.004217353395405607,0.05190701179438703,0.006431768598964678,0.02998591397473262,0.027874163926908616,0.010989649389629777,0.0029204152284675604,0.09373384352647648
1.3248621,0.0042487143391831675,0.051950916316970484,0.00645477754067849,0.03015439200065075,0.027681655055853703,0.011020493231140344,0.0028974662437597594,0.0946383648207816
1.3253276,0.004280249696024678,0.05199383260342975,0.006478474366113117,0.030321781337926276,0.027489717988134325,0.011051060070512009,0.0028748657978628633,0.0955423678750428
1.3257931,0.004311958382979493,0.05203573329723286,0.0065028330243162786,0.030488047101901714,0.0272983686032871,0.011081342833969396,0.002852622033789856,0.09644572449433263
1.3262586,0.004343839300117246,0.05207659110063761,0.0065278276733416385,0.03065315445564792,0.027107622704626824,0.011111334505307267,0.0028307431552556696,0.09734830612500574
1.3267241,0.0043758913308710925,0.052116378781877845,0.006553432683588371,0.030817068620575944,0.026917496014719745,0.011141028127547525,0.002809237424842407,0.09824998388569339
1.3271897,0.004408113342388855,0.052155069182381504,0.006579622641044037,0.03097975488709422,0.026728004170905137,0.011170416804568135,0.002788113162127371,0.09915062859860858
1.3276552,0.004440504185891894,0.05219263522401763,0.006606372350431928,0.03114117862530699,0.026539162720869383,0.011199493702704484,0.0027673787417745884,0.10005011082115191
1.3281207,0.004473062697041526,0.05222904991636962,0.006633656838264069,0.03130130529574959,0.02635098711827666,0.011228252052323754,0.002747042591590456,0.100948300877806
1.3285862,0.004505787696312773,0.0522642863640315,0.006661451355801009,0.03146010046015602,0.026163492718460083,0.01125668514937285,0.002727113190544172,0.10184506889230663
1.3290517,0.004538677989375236,0.052298317773924394,0.006689731381919578,0.03161752979225386,0.025976694774177127,0.0112847863569005,0.0027075990667535616,0.1027402848200772
1.3295172,0.00457173236748087,0.05233111746262994,0.006718472625889761,0.03177355908858173,0.025790608431432917,0.011312549106554241,0.002688508795436935,0.10363381848091278
1.3299828,0.004604949607858406,0.05236265886373758,0.0067476510300618206,0.0319281542793241,0.025605248725374827,0.011339966900053114,0.0026698509968315913,0.10452553959189903
1.3304483,0.004638328474114187,0.052392915535202846,0.006777242772464845,0.03208128143915812,0.0254206305762616,0.011367033310637018,0.0026516343340795842,0.10541531780055031
1.3309138,0.004671867716639144,0.05242186116671334,0.006807224269317846,0.0322329067981074,0.025236768785510073,0.011393741984493657,0.002633867511081376,0.1063030227181513
1.3313793,0.004705566073021626,0.05244946958705975,0.006837572177454546,0.032382996752397225,0.025053678031822388,0.011420086642164146,0.002616559270317977,0.10718852395328507
1.3318448,0.004739422268465768,0.05247571477150924,0.006868263396662957,0.032531517875305914,0.02487137286739638,0.011446061079928323,0.0025997183906421835,0.10807169114553081
1.3323103,0.004773435016215068,0.05250057084917882,0.006899275071940878,0.0326784369280067,0.024689867714221606,0.011471659171170772,0.00258335368503951,0.10895239399931332
1.3327759,0.0048076030179807884,0.052524012110406366,0.006930584595668374,0.03282372087039465,0.02450917686046344,0.01149687486772861,0.0025674739983594197,0.10983050231788628
1.3332414,0.0048419249643748075,0.05254601301411713,0.006962169609698329,0.032967336871892856,0.024329314456937284,0.011521702201222013,0.002552088205017462,0.1107058860374309
1.3337069,0.004876399535346496,0.05256654819518307,0.006994008007366121,0.033109252322231976,0.024150294513674852,0.011546135284368483,0.002537205206668933,0.11157841526125105
1.3341724,0.004911025400623193,0.052585592471772545,0.0070260779354194775,0.03324943484219733,0.02397213089658424,0.011570168312281802,0.0025228339298546936,0.1124479602940457
1.3346379,0.004945801220153818,0.05260312085268767,0.007058357795869568,0.033387852294337154,0.023794837324205287,0.01159379556375651,0.002508983323619777,0.11331439167623919
1.3351034,0.004980725644555174,0.05261910854468691,0.007090826247764316,0.033524472793625824,0.02361842736456161,0.011617011402538763,0.0024956623571054317,0.11417758021834999
1.335569,0.005015797315560449,0.05263353095979084,0.007123462208884924,0.03365926471807543,0.02344291443211043,0.01163981027858426,0.002482880017115227,0.11503739703537798
1.3360345,0.005051014866469427,0.0526463637225691,0.007156244857366538,0.0337921967192892,0.02326831178479122,0.011662186729303884,0.0024706453056558353,0.11589371358119128
1.3365,0.005086376922599916,0.05265758267740728,0.007189153633243934,0.03392323773294992,0.023094632521174042,0.011684135380797635,0.002458967237453094,0.11674640168289335
1.3369655,0.005121882101739879,0.0526671638957526,0.007222168239923077,0.03405235698923609,0.022921889577708174,0.011705650949077358,0.002447854837443931,0.11759533357515073
1.337431,0.00515752901459973,0.05267508368333795,0.0072552686455793405,0.03417952402315869,0.02275009572607167,0.01172672824127879,0.002437317138244728,0.11844038193446216
1.3378966,0.005193316265264237,0.0526813185873836,0.007288435084483131,0.03430470868481085,0.02257926357062203,0.01174736215686333,0.002427363177596695,0.1192814199133489
1.3383621,0.005229242451643437,0.052685845403775966,0.007321648058253671,0.03442788114952297,0.022409405545948353,0.011767547688809952,0.0024180019957888124,0.12011832117444646
1.3388276,0.005265306165921955,0.052688641184222514,0.007354888337041656,0.0345490119279159,0.02224053391452491,0.01178727992479756,0.00240924263305893,0.12095095992447806
1.3392931,0.005301505995006057,0.05268968324338171,0.007388136960641481,0.034668071875844836,0.022072660764466047,0.011806554048378031,0.0024010941269736025,0.1217792109480907
1.3397586,0.005337840520967767,0.052688949165966704,0.0074213752395337505,0.03478503220422783,0.02190579800738202,0.011825365340140117,0.0023935655097872743,0.12260294964153509
1.3402241,0.0053743083214853144,0.05268641681382134,0.007454584755858779,0.03489986448875366,0.021739957376335356,0.011843709178864223,0.0023866658057814256,0.12342205204617121
1.3406897,0.005410907970279184,0.052682064332966946,0.007487747364321769,0.035012540679465465,0.0215751504238971,0.011861581042668053,0.002380404028584283,0.12423639488178195
1.3411552,0.00544763803754301,0.052675870160618206,0.007520845193030389,0.0351230331102181,0.021411388520302093,0.011878976510142995,0.0023747891784717014,0.12504585557967834
1.3416207,0.005484497090368548,0.0526678130321666,0.007553860644265481,0.03523131450800802,0.021248682851702307,0.01189589126148104,0.002369830239649794,0.1258503123155808
1.3420862,0.005521483693163947,0.05265787198812941,0.007586776395185653,0.03533735800217487,0.021087044418517074,0.011912321079591934,0.0023655361775198843,0.1266496440422633
1.3425517,0.005558596408064521,0.052646026381062055,0.00761957539846655,0.03544113713347432,0.02092648403387898,0.011928261851210214,0.002361915935926344,0.12744373052194913
1.3430172,0.005595833795335266,0.052632255882431214,0.007652240882875636,0.03554262586302124,0.020767012322173938,0.011943709567991708,0.0023589784343878606,0.1282324523584485
1.3434828,0.0056331944137643485,0.052616540489446,0.007684756353783352,0.03564179858110248,0.020608639717673946,0.011958660327599003,0.00235673256531271,0.12901569102902863
1.3439483,0.005670676821046846,0.05259886053184398,0.007717105593611531,0.03573863011585822,0.02045137646326097,0.011973110334775487,0.00235518719119859,0.12979332891600615
1.3444138,0.005708279574158032,0.05257919667862872,0.0077492726622199635,0.03583309574183079,0.02029523260924022,0.011987055902407475,0.0023543511418176034,0.13056524933805128
1.3448793,0.005746001229715544,0.05255752994475554,0.0077812418972320226,0.03592517118837997,0.020140218012240956,0.012000493452574028,0.0023542332113869946,0.13133133658119225
1.3453448,0.00578384034432982,0.052533841697762235,0.007812997914300243,0.036014832647963665,0.019986342334202864,0.012013419517584079,0.0023548421557262385,0.13209147592950735
1.3458103,0.005821795474942182,0.05250811366434142,0.007844525607312762,0.036102056784282625,0.01983361504144583,0.012025830741000536,0.0023561866894011092,0.1328455536954913
1.3462759,0.005859865179150026,0.05248032793685197,0.007875810148541482,0.036186820740288075,0.01968204540382079,0.012037723878651043,0.0023582754828553347,0.13359345725008226
1.3467414,0.005898048015518588,0.05245046697976663,0.007906836988732848,0.036269102146050725,0.019531642493939336,0.0120490957996252,0.0023611171595304685,0.13433507505233527
1.3472069,0.005936342543878832,0.05241851363605347,0.007937591857142065,0.03634887912648955,0.0193824151864793,0.012059943487258112,0.002364720292974606,0.13507029667872916
1.3476724,0.005974747325611025,0.052384451133488955,0.007968060761511573,0.0364261303089583,0.01923437215756373,0.012070264040100117,0.0023690934039405716,0.13579901285209262
1.3481379,0.006013260923913587,0.0523482630909005,0.007998229987994572,0.03650083483068751,0.019087521884210205,0.012080054672872632,0.0023742449574742207,0.13652111547013657
1.3486034,0.006051881904056885,0.0523099335243363,0.008028086101024292,0.036572972346079584,0.018941872643847557,0.012089312717410036,0.0023801833599934735,0.13723649763358065
1.349069,0.00609060883362159,0.05226944685316038,0.008057615943129703,0.036642523033854006,0.018797432513896702,0.012098035623587458,0.0023869169563587103,0.13794505367386078
1.3495345,0.0061294402827212205,0.052226787906070694,0.008086806634698279,0.03670946760403966,0.018654209371412322,0.01210622096023432,0.0023944540269351397,0.13864667918040635
1.35,0.006168374824208521,0.05218194192703779,0.008115645573686341,0.03677378730481096,0.01851221089278195,0.01211386641603337,0.0024028027846477455,0.1393412710274748
1.3504655,0.006207411033865236,0.052134894581161904,0.00814412043527751,0.036835463929164286,0.018371444553479097,0.012120969800404937,0.0024119713720294465,0.14002872740053282
1.350931,0.006246547490574831,0.05208563196044654,0.008172219171489673,0.03689447982143098,0.018231917627867036,0.012127529044375958,0.0024219678582631204,0.14070894782217452
1.3513966,0.006285782776477672,0.05203414058948687,0.008199930010730879,0.036950817883623,0.018093637189049994,0.012133542201433289,0.002432800236218202,0.14138183317756609
1.3518621,0.006325115477108145,0.05198040743107175,0.008227241457304517,0.037004461581607306,0.017956610108768582,0.012139007448360812,0.002444476419482606,0.14204728573940847
1.3523276,0.006364544181513138,0.051924419891698395,0.00825414229086412,0.03705539495110501,0.01782084305733634,0.012143923086059629,0.0024570042393907907,0.14270520919240753
1.3527931,0.006404067482351295,0.051866165826998815,0.008280621565818085,0.03710360260351143,0.017686342503614276,0.0121482875403507,0.0024703914420488044,0.14335550865724092
1.3532586,0.006443683975972413,0.05180563354707668,0.008306668610684574,0.03714906973153356,0.017553114715020184,0.012152099362759211,0.002484645685357202,0.14399809071401
1.3537241,0.006483392262476318,0.05174281182175308,0.008332273027396853,0.03719178211464212,0.01742116575756951,0.012155357231280015,0.0024997745360327553,0.14463286342516438
1.3541897,0.006523190945750521,0.051677689885719545,0.008357424690559247,0.037231726124335396,0.01729050149594444,0.012158059951123578,0.002515785466629919,0.1452597363578848
1.3546552,0.006563078633485974,0.051610257443596264,0.008382113746653925,0.03726888872921291,0.017161127593587986,0.012160206455441892,0.0025326858525630577,0.1458786206059105
1.3551207,0.006603053937170179,0.0515405046748932,0.008406330613198676,0.03730325749985697,0.017033049512819906,0.012161795806034022,0.002550482969130467,0.14648942881079458
1.3555862,0.006643115472056927,0.05146842223887138,0.008430065977855889,0.037334820613520336,0.016906272514971628,0.012162827194030962,0.0025691839885412407,0.1470920751825714
1.3560517,0.006683261857111885,0.05139400127930149,0.008453310797492883,0.03736356685861827,0.01678080166053744,0.012163299940559655,0.0025887959769460528,0.14768647551981898
1.3565172,0.006723491714933309,0.051317233429116475,0.008476056297193849,0.03738948563902296,0.016656641809339564,0.01216321349738597,0.00260932589147294,0.1482725472290988
1.3569828,0.006763803671647091,0.05123811081495446,0.008498293969223584,0.037412566978158424,0.016533797620704813,0.01216256744753653,0.002630780577269197,0.1488502093437556
1.3574483,0.006804196356775471,0.051156626061588356,0.008520015571943259,0.03743280152289389,0.016412273553650568,0.012161361505899197,0.002653166764550523,0.14941938254206086
1.3579138,0.006844668403078703,0.051072772296237856,0.008541213128678391,0.03745018054723398,0.016292073867077816,0.01215959551980209,0.0026764910656585953,0.1499799891646836
1.3583793,0.006885218446369087,0.05098654315275977,0.008561878926539248,0.03746469595580403,0.01617320261996907,0.012157269469570948,0.002700759972128242,0.15053195323147284
1.3588448,0.00692584512529685,0.0508979327757124,0.00858200551519382,0.03747634028712908,0.016055663671588956,0.012154383469064558,0.002725979851765402,0.15107520045753703
1.3593103,0.0069665470811074775,0.05080693582428968,0.00860158570559354,0.03748510671670494,0.01593946068168554,0.012150937766188028,0.0027521569457370494,0.15160965826860576
1.3597759,0.007007322957370266,0.05071354747612087,0.008620612568651879,0.037490989059859745,0.015824597110690584,0.012146932743383609,0.002779297365674242,0.15213525581565918
1.3602414,0.007048171399678014,0.050617763430931204,0.00863907943387593,0.03749398177440398,0.015711076219917176,0.012142368918098766,0.002807407090789451,0.15265192398881144
1.3607069,0.007089091055317963,0.05051957991405928,0.008656979887951109,0.03749407996306704,0.01559890107175327,0.012137246943231244,0.0028364919650093,0.15315959543043597
1.3611724,0.007130080572914249,0.0504189936798264,0.008674307773279093,0.037491279375717924,0.01548807452984981,0.012131567607550952,0.002866557694123843,0.1536582045475214
1.3616379,0.007171138602042308,0.050316002014753204,0.00869105718646912,0.03748557641136772,0.015378599259302052,0.012125331836098641,0.0028976098429534737,0.1541476875232499
1.3621034,0.007212263792815836,0.05021060274061887,0.00870722247678285,0.037476968119951624,0.015270477726822844,0.012118540690561567,0.0029296538325345733,0.1546279823277921
1.362569,0.0072534547954469855,0.050102794217357687,0.008722798244532926,0.037465452203888375,0.015163712200906617,0.012111195369626472,0.0029626949373250124,0.15509902872831868
1.3630345,0.0072947102597806365,0.04999257534578816,0.00873777933943544,0.03745102701941498,0.015058304751982953,0.012103297209310377,0.0029967382824306206,0.15556076829823323
1.3635,0.0073360288348036365,0.04987994557017005,0.008752160858916443,0.03743369157769481,0.014954257252558846,0.01209484768326972,0.003031788840853782,0.1560131444256363
1.3639655,0.007377409168129926,0.04976490488058477,0.008765938146372675,0.037413445545696984,0.014851571377349005,0.012085848403088347,0.003067851430765315,0.15645610232103366
1.364431,0.007418849905462527,0.04964745381513487,0.00877910678938659,0.03739028924684487,0.014750248603393992,0.012076301118544904,0.003104930712800809,0.15688958902430228
1.3648966,0.007460349690033346,0.04952759346195854,0.008791662617895815,0.03736422366143126,0.014650290210166393,0.012066207717860109,0.0031430311873825874,0.1573135534109271
1.3653621,0.0075019071620217505,0.04940532546105469,0.008803601702317088,0.03733525042679792,0.014551697279665564,0.01205557022792441,0.0031821571920684546,0.15772794619752106
1.3658276,0.007543520957952816,0.04928065200591467,0.008814920351624784,0.037303371837277124,0.014454470696501773,0.01204439081450653,0.0032223128989283933,0.1581327199466394
1.3662931,0.007585189710076133,0.049153575844956346,0.008825615111384213,0.03726859084389324,0.014358611147970865,0.01203267178244332,0.003263502311950369,0.1585278290708981
1.3667586,0.007626912045726,0.049024100282756965,0.008835682761739915,0.037230911053822494,0.014264119124120657,0.012020415575811343,0.003305729264476405,0.1589132298364059
1.3672241,0.007668686586663758,0.048892229181081714,0.00884512031535929,0.03719033672960983,0.0141709949178104,0.012007624778080577,0.003348997416670098,0.15928888036551803
1.3676897,0.007710511948403021,0.04875796695970559,0.008853925015331996,0.03714687278814192,0.01407923862476466,0.011994302112250528,0.003393310253016728,0.1596547406389188
1.3681552,0.007752386739518506,0.04862131859702692,0.00886209433302567,0.03710052479937648,0.013988850143623,0.011980450440969018,0.0034386710798571148,0.16001077249704013
1.3686207,0.0077943095609391945,0.04848228963047177,0.008869625965898636,0.037051298984828784,0.013899829175986839,0.011966072766633782,0.003485083022956355,0.1603569396408218
1.3690862,0.007836279005226543,0.048340886156688974,0.008876517835270407,0.036999202215816936,0.013812175226464796,0.011951172231476995,0.0035325490251085765,0.1606932076318185
1.3695517,0.0078782936558385,0.048197114831535874,0.00888276808405094,0.036944242011468086,0.013725887602717849,0.011935752117632712,0.0035810718437788457,0.16101954389165787
1.3700172,0.007920352086380108,0.048050982869854944,0.008888375074429711,0.036886426536487826,0.013640965415505482,0.011919815847187185,0.003630654048783388,0.16133591770085312
1.3704828,0.007962452859841486,0.04790249804504119,0.008893337385525779,0.03682576459869495,0.013557407578733999,0.011903366982211923,0.003681298020009284,0.16164230019697337
1.3709483,0.008004594527824024,0.047751668688400174,0.008897653811000156,0.036762265646323615,0.013475212809508127,0.011886409224779269,0.0037330059451748357,0.16193866437217427
1.3714138,0.008046775629755702,0.04759850368829576,0.008901323356631812,0.036695939765094845,0.013394379628187092,0.01186894641696026,0.0037857798176317795,0.16222498507009173
1.3718793,0.008088994692096457,0.04744301248908669,0.008904345237858782,0.036626797675059344,0.013314906358446399,0.011850982540804517,0.0038396214342105357,0.16250123898210084
1.3723448,0.008131250227534656,0.047285205089850964,0.008906718877285889,0.03655485072721353,0.013236791127346732,0.011832521718301918,0.003894532393109644,0.16276740464294231
1.3728103,0.00817354073417576,0.047125092042896916,0.008908443902160631,0.036480110899891165,0.013160031865411457,0.011813568211325825,0.003950514091830561,0.16302346242571855
1.3732759,0.008215864694724379,0.04696268445205983,0.008909520141818797,0.036402590794933104,0.013084626306714392,0.011794126421557645,0.0040075677251589815,0.16326939453626135
1.3737414,0.008258220575660918,0.046797993970783165,0.008909947625101371,0.03632230363363816,0.013010571988979492,0.01177420089039257,0.004065694283193847,0.16350518500687444
1.3742069,0.008300606826414115,0.04663103279998389,0.008909726577744238,0.03623926325249824,0.012937866253694199,0.011753796298826336,0.0041248945494252185,0.16373081968945322
1.3746724,0.00834302187853069,0.04646181368570156,0.008908857419742152,0.03615348409872081,0.012866506246238214,0.011732917467322943,0.0041851690988622,0.16394628624798574
1.3751379,0.008385464144843478,0.046290349916531255,0.008907340762688416,0.036064981225541935,0.01279648891602942,0.011711569355663438,0.004246518296212086,0.16415157415044035
1.3756034,0.008427932018639318,0.04611665532084093,0.008905177407091585,0.03597377028733266,0.012727811016688703,0.011689757062775828,0.004308942294111884,0.1643466746600464
1.376069,0.008470423872828077,0.045940744263774445,0.00890236833967053,0.03587986753450145,0.012660469106225316,0.011667485826546434,0.004372441031413388,0.16453158082597655
1.3765345,0.008512938059114124,0.04576263164404183,0.008898914730629112,0.03578328980819538,0.01259445954724445,0.011644761023612874,0.004437014231522902,0.1647062874734389
1.377,0.008555472907171612,0.045582332890499275,0.008894817930911658,0.035684054534802154,0.012529778507178558,0.011621588169138929,0.004502661400796763,0.1648707911931882
1.3774655,0.008598026723824847,0.045399863958521657,0.008890079469440447,0.0355821797202553,0.012466421958543935,0.011597972916571464,0.004569381826993753,0.16502509033046428
1.377931,0.008640597792235064,0.045215241326170996,0.00888470105033633,0.035477683944144404,0.012404385679224045,0.011573921057379517,0.004637174577785474,0.16516918497336625
1.3783966,0.008683184371094832,0.04502848199016417,0.008878684550123639,0.035370586353632334,0.012343665252780987,0.011549438520775588,0.004706038499325726,0.1653030769406705
1.3788621,0.008725784693831345,0.0448396034616436,0.008872032014920518,0.03526090665718139,0.012284256068796497,0.011524531373419071,0.004775972214879901,0.1654267697691016
1.3793276,0.008768396967819779,0.044648623761754436,0.008864745657615804,0.03514866511809038,0.012226153323243871,0.011499205819101764,0.0048469741235153815,0.16554026870006527
1.3797931,0.008811019373607861,0.04445556141703159,0.008856827855033585,0.035033882547844515,0.012169352018892127,0.01147346819841525,0.004919042398853879,0.16564358066585455
1.3802586,0.008853650064152715,0.044260435454600074,0.008848281145086637,0.03491658029928009,0.012113846965743741,0.011447324988399898,0.0049921749878866625,0.16573671427534023
1.3807241,0.008896287164071006,0.044063265397192075,0.00883910822391992,0.03479678025956568,0.012059632781507288,0.011420782802175154,0.005066369609853623,0.16581967979915882
1.3811897,0.008938928768903348,0.04386407125798438,0.008829311943045332,0.034674504843001414,0.012006703892106325,0.011393848388550707,0.00514162375518713,0.16589248915441066
1.3816552,0.00898157294439387,0.04366287353526026,0.008818895306468906,0.03454977698363794,0.011955054532225782,0.011366528631618172,0.005217934684521669,0.16595515588888154
1.3821207,0.00902421772578581,0.043459693206899845,0.008807861467811677,0.034422620127716956,0.011904678745897176,0.011338830550322818,0.005295299427770212,0.16600769516480157
1.3825862,0.009066861117133989,0.04325455172470344,0.008796213727425384,0.03429305822593556,0.01185557038712386,0.01131076129801498,0.005373714783268297,0.16605012374215566
1.3830517,0.009109501090635077,0.04304747100855203,0.008783955529504194,0.03416111572553725,0.01180772312054753,0.011282328161980685,0.005453177316986714,0.16608245996156035
1.3835172,0.009152135585976499,0.04283847344040926,0.008771090459193621,0.03402681756223268,0.011761130422157125,0.011253538562951141,0.005533683361813691,0.16610472372672133
1.3839828,0.009194762509704921,0.04262758185816875,0.008757622239697855,0.03389018915195389,0.011715785580041278,0.011224400054590538,0.005615229016907443,0.16611693648648573
1.3844483,0.009237379734615253,0.04241481954935026,0.008743554729386656,0.03375125638244571,0.011671681695185393,0.011194920322961733,0.005697810147119898,0.16611912121650296
1.3849138,0.009279985099161104,0.042200210244648144,0.008728891918903003,0.03361004560469874,0.011628811682314544,0.011165107185969152,0.005781422382492413,0.1661113024005085
1.3853793,0.009322576406887665,0.04198377811133526,0.008713637928272663,0.03346658362422856,0.01158716827078332,0.01113496859277828,0.005866061117824192,0.16609350601124545
1.3858448,0.00936515142588793,0.04176554774652524,0.008697797004016801,0.03332089769220609,0.01154674400551371,0.01110451262321099,0.00595172151231414,0.16606575949103952
1.3863103,0.00940770788828317,0.04154554417029624,0.0086813735162687,0.03317301549644435,0.011507531247982084,0.011073747487115886,0.006038398489276817,0.16602809173204336
1.3867759,0.009450243489728566,0.041323792818679116,0.008664371955895632,0.03302296515224652,0.011469522177256254,0.011042681523712747,0.006126086735933099,0.16598053305616658
1.3872414,0.009492755888944882,0.04110031953651313,0.008646796931626842,0.032870775193120705,0.011432708791083535,0.011011323200910124,0.00621478070327612,0.16592311519470943
1.3877069,0.009535242707277073,0.04087515057017242,0.008628653167188543,0.03271647456136678,0.011397082907030696,0.010979681114594984,0.0063044746060130245,0.16585587126771983
1.3881724,0.009577701528280637,0.04064831256016649,0.008609945498446726,0.03256009259854098,0.011362636163676654,0.010947763987893289,0.00639516242258301,0.16577883576309616
1.3886379,0.00962012989733647,0.040419832533617875,0.00859067887055857,0.032401659035804255,0.01132936002185872,0.010915580670400351,0.006486837895252092,0.16569204451545846
1.3891034,0.009662525321294952,0.040189737896620524,0.008570858335133175,0.03224120398416086,0.011297245765973282,0.010883140137379848,0.006579494530284976,0.16559553468481278
1.389569,0.009704885268149891,0.039958056426481835,0.008550489047402287,0.03207875792459409,0.011266284505331674,0.010850451488930296,0.006673125598194364,0.16548934473503205
1.3900345,0.00974720716674294,0.03972481626385168,0.008529576263401737,0.0319143516981063,0.01123646717557199,0.010817523949117913,0.006767724134068027,0.16537351441217785
1.3905,0.009789488406499059,0.03949004590474128,0.008508125337164267,0.031748016495670564,0.011207784540127573,0.010784366865074842,0.006863282937973878,0.16524808472268537
1.3909655,0.009831726337193536,0.03925377419243517,0.008486141717924436,0.03157978384810131,0.011180227191752845,0.01075098970606175,0.006959794575443315,0.16511309791143433
1.391431,0.009873918268751062,0.03901603030929929,0.008463630947336355,0.031409685615851356,0.011153785554107076,0.010717402062493962,0.007057251378033015,0.16496859743972622
1.3918966,0.009916061471077254,0.038776843768488646,0.008440598656704906,0.031237753978742417,0.011128449883396755,0.010683613644930345,0.007155645443965396,0.16481462796318883
1.3923621,0.009958153173923009,0.038536244405557925,0.008417050564231159,0.03106402142563631,0.011104210270077214,0.010649634283024225,0.0072549686388478935,0.16465123530962675
1.3928276,0.010000190566781957,0.03829426236997853,0.008392992472272638,0.030888520744053793,0.011081056640614035,0.01061547392443572,0.007355212596471243,0.16447846645683695
1.3932931,0.010042170798821231,0.03805092811656587,0.008368430264619054,0.030711285009747832,0.011058978759304868,0.010581142633704896,0.007456368719686927,0.16429636951040702
1.3937586,0.01008409097884572,0.03780627239682048,0.00834336990378408,0.030532347576237923,0.011037966230162108,0.010546650591085251,0.007558428181363924,0.16410499368151485
1.3942241,0.01012594817529594,0.03756032625018679,0.008317817428313747,0.03035174206431191,0.011018008498856913,0.010512008091337004,0.007661381925424903,0.16390438926474776
1.3946897,0.010167739416279556,0.037313120995233366,0.008291778950111994,0.030169502351501447,0.010999094854724974,0.01047722554247981,0.007765220667961976,0.16369460761596
1.3951552,0.010209461689636636,0.03706468822075827,0.00826526065178394,0.02998566256153699,0.010981214432834414,0.010442313464504485,0.007869934898432074,0.1634757011301866
1.3956207,0.01025111194303861,0.03681505977682337,0.008238268783997445,0.029800257053788123,0.010964356216116264,0.010407282488043328,0.007975514880931976,0.16324772321963207
1.3960862,0.010292687084120872,0.03656426776572102,0.008210809662863555,0.029613320412694738,0.010948509037557869,0.010372143352998693,0.00808195065555301,0.16301072829175084
1.3965517,0.010334183980648858,0.03631234453287668,0.008182889667336355,0.029424887437194448,0.010933661582459602,0.010336906907129425,0.008189232039815371,0.16276477172743667
1.3970172,0.010375599460717371,0.036059322657690455,0.008154515236632832,0.029234993130151512,0.010919802390755188,0.010301584104594854,0.008297348630181977,0.1625099098593363
1.3974828,0.010416930312982872,0.03580523494432067,0.0081256928676733,0.029043672687792493,0.0109069198593959,0.010266186004455996,0.008406289803651748,0.162246199950302
1.3979483,0.010458173286928328,0.035550114412411876,0.008096429112542906,0.028850961489153625,0.010895002244798814,0.010230723769133672,0.008516044719432098,0.1619737001719964
1.3984138,0.010499325093160162,0.03529399428776986,0.008066730575974764,0.02865689508554495,0.010884037665359272,0.010195208662823236,0.00862660232069041,0.1616924695836617
1.3988793,0.010540382403736724,0.035036907992985616,0.008036603912855158,0.028461509190036056,0.01087401410402757,0.010159652049865691,0.008737951336384211,0.16140256811106504
1.3993448,0.010581341852527659,0.034778889138010485,0.0080060558257513,0.028264839666968133,0.010864919410949863,0.01012406539307495,0.008850080283169703,0.16110405652562906
1.3998103,0.010622200035603465,0.03451997151068428,0.00797509306246201,0.02806692252149686,0.010856741306173152,0.010088460252021038,0.008962977467388302,0.16079699642375878
1.4002759,0.010662953511654446,0.03426018906721852,0.007943722413591689,0.027867793889170493,0.010849467382414171,0.010052848281268977,0.009076630987130782,0.16048145020637292
1.4007414,0.010703598802438265,0.033999575922636874,0.00791195071014795,0.027667490025547425,0.010843085107891887,0.010017241228573129,0.009191028734378574,0.160157481058649
1.4012069,0.010744132393255229,0.03373816634117517,0.007879784821163235,0.027466047295857183,0.01083758182922326,0.009981650933026684,0.009306158397221764,0.15982515292999103
1.4016724,0.010784550733450346,0.03347599472664324,0.00784723165134077,0.02726350216470876,0.010832944774381787,0.009946089323165996,0.009422007462153287,0.15948453051422787
1.4021379,0.010824850236941267,0.03321309561275133,0.007814298138725216,0.027059891185850126,0.01082916105571832,0.00991056841502952,0.009538563216438685,0.15913567923005023
1.4026034,0.010865027282771026,0.032949503653403975,0.0077809912523984495,0.026855250991982597,0.010826217673043525,0.009875100310171194,0.009655812750560813,0.15877866520169354
1.403069,0.01090507821568454,0.03268525361296439,0.007747317990200893,0.026649618284633803,0.010824101516771215,0.00983969719362825,0.009773742960738782,0.15841355523987272
1.4035345,0.010944999346727796,0.03242038035649264,0.007713285376478976,0.026443029824092985,0.010822799371121822,0.009804371331843458,0.009892340551520315,0.15804041682297457
1.404,0.010984786953868562,0.03215491883996099,0.007678900459859264,0.02623552241941257,0.010822297917385048,0.009769135070541926,0.010011592038446683,0.1576593180785123
1.4044655,0.011024437282637608,0.031888904100450144,0.00764417031104987,0.026027132918479957,0.010822583737240736,0.009734000832562512,0.010131483750789318,0.15727032776484628
1.404931,0.011063946546789412,0.031622371246329696,0.007609102020669799,0.025817898198163467,0.010823643316136868,0.009698981115643858,0.010252001834357106,0.15687351525317392
1.4053966,0.011103310928981465,0.031355355447426354,0.007573702697106887,0.02560785515453642,0.01082546304672358,0.009664088490165024,0.010373132254373307,0.15646895050979095
1.4058621,0.011142526581471439,0.0310878919251832,0.007537979464405037,0.025397040693183184,0.010828029232341921,0.009629335596840644,0.010494860798420994,0.15605670407862637
1.4063276,0.011181589626831636,0.030820015942813177,0.007501939460181449,0.025185491719590985,0.010831328090566084,0.009594735144370526,0.01061717307945579,0.1556368470640512
1.4067931,0.011220496158680227,0.030551762795450105,0.0074655898335745695,0.024973245129631207,0.010835345756797768,0.00956029990704361,0.010740054538884618,0.15520945111396192
1.4072586,0.011259242242428982,0.03028316780030043,0.007428937743223432,0.02476033780013358,0.010840068287911252,0.00952604272229617,0.010863490449709138,0.15477458840313832
1.4077241,0.011297823916047322,0.030014266286799148,0.007391990355279038,0.02454680657955667,0.010845481665947633,0.009491976488224203,0.010987465919732412,0.1543323316168754
1.4081897,0.011336237190842632,0.029745093586773713,0.007354754841448377,0.024332688278757834,0.010851571801856665,0.009458114161049913,0.01111196589482735,0.1538827539348885
1.4086552,0.011374478052256921,0.029475685024619926,0.0073172383770716155,0.02411801966186558,0.01085832453928455,0.009424468752542178,0.011236975162265359,0.15342592901549187
1.4091207,0.011412542460679909,0.02920607590749418,0.007279448139232958,0.023902837437257247,0.01086572565840594,0.009391053327390934,0.01136247835410358,0.15296193098005068
1.4095862,0.01145042635227873,0.028936301515526938,0.007241391304905603,0.0236871782486446,0.010873760879798303,0.009357881000535404,0.011488459950629143,0.15249083439770697
1.4100517,0.01148812563984437,0.028666397092062784,0.007203075049131201,0.023471078666269928,0.010882415868356756,0.009324964934446086,0.011614904283858692,0.15201271427037935
1.4105172,0.01152563621365501,0.028396397833932753,0.007164506543234175,0.023254575178214974,0.010891676237247386,0.009292318336360393,0.011741795541091614,0.15152764601803587
1.4109828,0.011562953942356501,0.028126338881764936,0.007125692953071281,0.023037704181824898,0.01090152755189694,0.009259954455471776,0.011869117768515177,0.15103570546423875
1.4114483,0.011600074673860268,0.027856255310339372,0.007086641437316735,0.022820501975249322,0.010911955334016734,0.009227886580072083,0.0119968548748599,0.1505369688219586
1.4119138,0.011636994236258903,0.027586182118993222,0.007047359145783267,0.022603004749102512,0.010922945065658564,0.009196128034646985,0.01212499063510337,0.15003151267965514
1.4123793,0.011673708438759818,0.027316154222082046,0.007007853217779451,0.022385248578244508,0.010934482193300354,0.009164692176924203,0.012253508694220807,0.14951941398762034
1.4128448,0.01171021307263729,0.027046206439502805,0.006968130780503682,0.02216726941368497,0.010946552131959162,0.00913359239487449,0.012382392570980583,0.14900075004458077
1.4133103,0.0117465039122032,0.026776373487284004,0.0069281989474751365,0.02194910307461165,0.010959140269329164,0.009102842103665245,0.01251162566178301,0.14847559848455566
1.4137759,0.011782576715796708,0.026506689968248214,0.0068880648170020885,0.021730785240545072,0.010972231969942172,0.009072454742566839,0.01264119124454069,0.14794403726396815
1.4142414,0.0118184272267931,0.026237190362751954,0.006847735470687899,0.021512351443621097,0.010985812579348232,0.00904244377181174,0.012771072482598688,0.14740614464900714
1.4147069,0.011854051174631945,0.025967909019507827,0.006807217971975001,0.021293837061002893,0.010999867428313811,0.009012822669406654,0.012901252428692911,0.14686199920323695
1.4151724,0.011889444275864696,0.02569888014649345,0.006766519364727157,0.021075277307423562,0.011014381837035108,0.008983604927898027,0.013031714028945037,0.14631167977545284
1.4156379,0.011924602235221704,0.025430137801951684,0.006725646671850212,0.02085670722786065,0.011029341119364022,0.008954804051091513,0.013162440126892444,0.14575526548778117
1.4161034,0.011959520746698604,0.025161715885486335,0.00668460689395157,0.020638161690343586,0.011044730587044376,0.008926433550726112,0.013293413467551656,0.14519283572402342
1.416569,0.011994195494661861,0.024893648129257383,0.006643407008038545,0.02041967537889494,0.011060535553955952,0.008898506943103847,0.01342461670151381,0.14462447011824558
1.4170345,0.012028622154973238,0.024625968089279672,0.006602053966255709,0.020201282786606167,0.011076741340363983,0.008871037745675929,0.013556032389070705,0.14405024854361526
1.4175,0.012062796396132844,0.02435870913682872,0.006560554694661351,0.019983018208848447,0.011093333277171798,0.008844039473586314,0.013687643004369924,0.14347025110148984
1.4179655,0.012096713880440351,0.024091904449957326,0.0065189160920430915,0.019764915736619,0.011110296710174375,0.008817525636173528,0.013819430939597444,0.14288455811075892
1.418431,0.012130370265173942,0.02382558700512636,0.006477145028772698,0.019547009250023104,0.01112761700431057,0.008791509733431574,0.013951378509186065,0.14229325009744392
1.4188966,0.012163761203786514,0.02355978956895307,0.006435248345700051,0.019329332411892053,0.01114527954791189,0.008766005252430676,0.014083467954047885,0.14169640778455697
1.4193621,0.012196882347118704,0.023294544690079945,0.0063932328530862175,0.01911191866153717,0.011163269756945671,0.008741025663698571,0.014215681445828956,0.14109411208221992
1.4198276,0.012229729344628303,0.02302988469116719,0.006351105329575497,0.01889480120864012,0.011181573079250587,0.008716584417562975,0.01434800109118417,0.14048644407804314
1.4202931,0.012262297845635633,0.022765841661011546,0.0063088725212062935,0.01867801302727982,0.011200174998762356,0.008692694940455867,0.014480408936070329,0.1398734850277633
1.4207586,0.012294583500584558,0.02250244744679403,0.006266541140460607,0.018461586850096356,0.011219061039727465,0.008669370631180182,0.014612886970055259,0.1392553163461373
1.4212241,0.01232658196231873,0.022239733646459012,0.006224117865351927,0.018245555162592252,0.011238216770902703,0.008646624857139518,0.014745417130640771,0.13863201959809
1.4216897,0.012358288887372752,0.021977731601226926,0.006181609338551227,0.018029950197571566,0.011257627809738265,0.00862447095053143,0.01487798130759718,0.13800367649011194
1.4221552,0.012389699937277891,0.021716472388242702,0.00613902216655079,0.017814803929716978,0.011277279826542202,0.008602922204504924,0.015010561347306987,0.13737036886190296
1.4226207,0.012420810779881932,0.02145598681336179,0.006096362918865464,0.017600148070305077,0.01129715854862412,0.008581991869282714,0.015143139057115285,0.1367321786782557
1.4230862,0.012451617090682734,0.02119630540407559,0.006053638127270985,0.01738601406205987,0.011317249764416054,0.008561693148248778,0.01527569620968434,0.13608918802117392
1.4235517,0.012482114554174984,0.02093745840257792,0.006010854285078887,0.017172433074144386,0.011337539327568646,0.008542039194001719,0.015408214547349771,0.13544147908221785
1.4240172,0.012512298865209534,0.020679475758974004,0.005968017846447515,0.01695943599729016,0.011358013161020794,0.008523043104374376,0.015540675786475638,0.1347891341550691
1.4244828,0.012542165730364601,0.020422387124633425,0.005925135225728606,0.016747053439064158,0.01137865726104109,0.008504717918420123,0.015673061621805696,0.134132235628306
1.4249483,0.012571710869328146,0.020166221845688243,0.005882212796848879,0.016535315719272744,0.011399457701239428,0.008487076612366189,0.015805353730807974,0.13347086597837993
1.4254138,0.012600930016290606,0.01991100895667747,0.005839256892726066,0.016324252865502046,0.011420400636547125,0.008470132095534374,0.01593753377800969,0.1328051077627824
1.4258793,0.012629818921347215,0.019656777174339,0.005796273804718769,0.01611389460879411,0.011441472307163953,0.008453897206229407,0.016069583419319414,0.13213504361339198
1.4263448,0.01265837335190902,0.019403554891549952,0.005753269782109503,0.015904270379458088,0.011462659042470374,0.008438384707595255,0.01620148430633332,0.13146075622998893
1.4268103,0.012686589094121764,0.019151370171416344,0.005710251031620219,0.015695409303015762,0.01148394726490319,0.008423607283439665,0.01633321809062229,0.1307823283739255
1.4272759,0.012714461954291654,0.018900250741512862,0.005667223716959625,0.015487340196280605,0.011505323493792753,0.008409577534027343,0.016464766427996706,0.13009984286193949
1.4277414,0.012741987760317033,0.018650223988273613,0.005624193958401507,0.015280091563569546,0.01152677434915978,0.00839630797184229,0.016596110982745865,0.12941338256009852
1.4282069,0.012769162363124907,0.018401316951534546,0.005581167832393252,0.0150736915930465,0.01154828655546969,0.008383811017320065,0.01672723343184928,0.12872303037786306
1.4286724,0.012795981638111256,0.018153556319228232,0.005538151371193778,0.014868168153196642,0.011569846945342391,0.008372098994550903,0.016858115469157414,0.1280288692622571
1.4291379,0.01282244148658399,0.017906968422231665,0.005495150562540029,0.01466354878943034,0.011591442463215227,0.008361184126954744,0.016988738809539806,0.12733098219213557
1.4296034,0.01284853783720752,0.017661579229367688,0.005452171349341215,0.01445986072081568,0.011613060168956815,0.008351078532929464,0.017119085192998863,0.12662945217253826
1.430069,0.012874266647447929,0.017417414342560604,0.005409219629399939,0.014257130836938563,0.011634687241429395,0.008341794221473535,0.017249136388747914,0.12592436222911968
1.4305345,0.012899623905017926,0.017174498992146507,0.0053663012551593645,0.014055385694889571,0.011656310981997209,0.008333343087784445,0.017378874199252176,0.12521579540264388
1.431,0.012924605629320945,0.016932858032338734,0.005323422033475558,0.013854651516376812,0.011677918817978479,0.008325736908834225,0.017508280464231314,0.12450383474353365
1.4314655,0.012949207872893794,0.016692515936848864,0.005280587725414129,0.01365495418496426,0.011699498306038555,0.008318987338923558,0.017637337064622477,0.12378856330646357
1.431931,0.012973426722847427,0.01645349679466362,0.005237804046070356,0.013456319243435102,0.011721037135521944,0.008313105905216004,0.017766025926502723,0.12307006414498721
1.4323966,0.01299725830230537,0.016215824305977945,0.005195076664411962,0.013258771891279613,0.011742523131721139,0.008308104003254045,0.017894329024970183,0.1223484203061896
1.4328621,0.013020698771839435,0.01597952177828444,0.005152411203143734,0.013062336982307075,0.011763944259080282,0.00830399289245868,0.018022228387983626,0.12162371482535657
1.4333276,0.013043744330902243,0.015744612122619343,0.005109813238593218,0.012867039022381148,0.01178528862433188,0.008300783691614442,0.01814970610016054,0.12089603072065241
1.4337931,0.013066391219256021,0.015511117849965035,0.005067288300616699,0.012672902167278097,0.011806544479564873,0.008298487374341683,0.018276744306534178,0.12016545098779699
1.4342586,0.013088635718397057,0.015279061067809012,0.005024841872524741,0.012479950220667052,0.011827700225222438,0.008297114764558109,0.018403325216270115,0.11943205859473274
1.4347241,0.01311047415297506,0.015048463476859127,0.004982479391026572,0.012288206632211456,0.01184874441302792,0.008296676531931684,0.01852943110634306,0.1186959364762715
1.4351897,0.013131902892206653,0.014819346367914783,0.004940206246192607,0.012097694495790724,0.01186966574883736,0.008297183187327096,0.018655044325174387,0.11795716752871034
1.4356552,0.013152918351282092,0.01459173061889368,0.004898027781434466,0.011908436547841047,0.011890453095417091,0.008298645078248132,0.01878014729623092,0.11721583460440745
1.4361207,0.01317351699276428,0.014365636692013692,0.004855949293501857,0.011720455165814209,0.011911095475144925,0.008301072384278345,0.018904722521585315,0.11647202050630906
1.4365862,0.013193695327979128,0.014141084631129343,0.004813976032495743,0.01153377236675316,0.011931582072633388,0.008304475112522502,0.019028752585438447,0.11572580798242045
1.4370517,0.013213449918396217,0.013918094059222366,0.004772113201897207,0.01134840980598305,0.01195190223727347,0.008308863093051233,0.0191522201576041,0.1149772797202152
1.4375172,0.013232777376998635,0.013696684176045762,0.004730365958611497,0.011164388775916308,0.01197204548569744,0.008314245974351361,0.019275107996956368,0.11422651834097713
1.4379828,0.013251674369640826,0.013476873755920734,0.004688739413026688,0.010981730204970301,0.011992001504159416,0.008320633218784358,0.01939739895484009,0.11347360639407075
1.4384483,0.013270137616393188,0.013258681145685826,0.0046472386290864285,0.010800454656596022,0.012011760150832553,0.008328034098055348,0.01951907597844468,0.11271862635113604
1.4389138,0.013288163892872079,0.013042124262797593,0.00460586862437619,0.010620582328416197,0.01203131145802183,0.00833645768869514,0.01964012211414169,0.11196166060020454
1.4393793,0.013305750031553806,0.012827220593582012,0.004564634370222432,0.01044213305147114,0.012050645634291746,0.008345912867557691,0.01976052051078642,0.11120279143973492
1.4398448,0.013322892923071254,0.012613987191635813,0.004523540791804064,0.010265126289570596,0.012069753066508256,0.008356408307335467,0.019880254422984012,0.11044210107256576
1.4403103,0.013339589517491807,0.012402440676376903,0.004482592768275554,0.010089581138749725,0.012088624321794484,0.008367952472095118,0.01999930721432023,0.10967967159978459
1.4407759,0.013355836825575321,0.01219259723174293,0.004441795132901102,0.009915516326827363,0.0121072501493999,0.008380553612835972,0.020117662360557398,0.10891558501451132
1.4412414,0.01337163192001094,0.01198447260503706,0.004401152673199239,0.00974295021306456,0.01212562148248275,0.008394219763073928,0.020235303452795658,0.1081499231955941
1.4417069,0.013386971936631648,0.01177808210591998,0.004360670131097312,0.009571900787921393,0.012143729439805582,0.008408958734453383,0.0203522142005997,0.10738276790121595
1.4421724,0.013401854075605686,0.01157344060554711,0.00432035220309532,0.009402385672910015,0.01216156532734386,0.008424778112389867,0.02046837843509101,0.10661420076241031
1.4426379,0.013416275602604041,0.011370562535849962,0.004280203540438586,0.009234422120541852,0.012179120639807521,0.008441685251746133,0.020583780112005443,0.10584430327648395
1.4431034,0.013430233849943414,0.011169461888960553,0.004240228749298805,0.009068027014366861,0.012196387062075455,0.008459687272544347,0.020698403314715997,0.10507315680034678
1.443569,0.013443726217704307,0.01097015221677771,0.004200432390962984,0.00890321686910276,0.01221335647054285,0.008478791055717055,0.020812232257220474,0.10430084254374768
1.4440345,0.013456750174823864,0.010772646630674065,0.0041608189820298395,0.008740007830852088,0.012230020934381304,0.008499003238899494,0.02092525128709372,0.10352744156241556
1.4445,0.013469303260163172,0.010576957801342459,0.004121392994613206,0.008578415677404921,0.01224637271671176,0.008520330212265765,0.021037444888403995,0.10275303475110487
1.4449655,0.0134813830835487,0.01038309795878041,0.0040821588565520305,0.008418455818625024,0.01226240427569028,0.008542778114411377,0.02114879768459304,0.10197770283654396
1.445431,0.013492987326787578,0.01019107889241121,0.004043120951626544,0.00826014329691718,0.012278108265506795,0.008566352828284541,0.021259294441319156,0.1012015263702844
1.4458966,0.013504113744656472,0.010000911951340173,0.00400428361978015,0.008103492787773458,0.012293477537296838,0.00859105997716859,0.02136892006926262,0.10042458572144884
1.4463621,0.013514760165863797,0.009812608044744434,0.003965651157346591,0.007948518600396172,0.01230850513996639,0.008616904920717806,0.02147765962689255,0.0996469610693751
1.4468276,0.013524924493985077,0.009626177642394653,0.003927227817281918,0.007795234678395323,0.012323184320929824,0.008643892751048952,0.021585498323194362,0.09886873239615289
1.4472931,0.013534604708371208,0.00944163077530694,0.0038890178094007667,0.007643654600558338,0.012337508526760991,0.008672028288890795,0.021692421520356674,0.09808997947905047
1.4477586,0.01354379886502944,0.009258977036523333,0.003851025300616439,0.007493791581689958,0.012351471403757442,0.008701316079793867,0.02179841473641667,0.09731078188282793
1.4482241,0.01355250509747681,0.009078225582019088,0.003813254415184268,0.007345658473520162,0.012365066798417774,0.00873176039040269,0.02190346364786257,0.09653121895193492
1.4486897,0.01356072161756571,0.008899385131735079,0.003775709234947761,0.0071992677656779825,0.012378288757832204,0.008763365204792624,0.022007554092191968,0.09575136980259133
1.4491552,0.01356844671628124,0.00872246397073359,0.003738393799587027,0.007054631586729051,0.012391131529986442,0.008796134220873495,0.02211067207042469,0.09497131331475048
1.4496207,0.013575678764510022,0.008547469950475764,0.0037013121068689924,0.006911761705274742,0.012403589563979082,0.008830070846862029,0.022212803749569108,0.0941911281239451
1.4500862,0.013582416213780138,0.008374410490218986,0.0036644681128989148,0.006770669531110739,0.012415657510152769,0.008865178197825181,0.022313935465040784,0.09341089261301777
1.4505517,0.01358865759697193,0.008203292578532452,0.0036278657323726765,0.006631366116442912,0.012427330220139384,0.008901459092296416,0.022414053723032453,0.0926306849037382
1.4510172,0.013594401528999493,0.008034122774929148,0.0035915088388293395,0.006493862157158444,0.012438602746819512,0.008938916048966915,0.022513145202834706,0.09185058284831162
1.4514828,0.013599646707462654,0.007866907211612406,0.0035554012649034105,0.006358167994150182,0.01244947034419644,0.008977551283453794,0.022611196759106486,0.09107066402078398
1.4519483,0.013604391913269348,0.007701651595335251,0.003519546802576265,0.0062242936146923245,0.012459928467184824,0.009017366705147327,0.02270819542409496,0.09029100570835137
1.4524138,0.013608636011228298,0.007538361209370649,0.0034839492034261844,0.0060922486538656,0.012469972771314314,0.009058363914139247,0.02280412840980419,0.0895116849025813
1.4528793,0.013612377950611921,0.00737704091559075,0.003448612178876461,0.005962042396030186,0.012479599112348347,0.009100544198234174,0.022898983110112375,0.08873277829055362
1.4533448,0.013615616765689323,0.007217695156653161,0.0034135394004410516,0.0058336837763446935,0.012488803545818541,0.009143908530046202,0.02299274710283775,0.08795436224592847
1.4538103,0.013618351576229178,0.007060327958292228,0.003378734499967257,0.005707181382329666,0.01249758232647519,0.009188457564182738,0.02308540815175342,0.08717651281994782
1.4542759,0.01362058158797222,0.0069049429317132914,0.0033442010698749155,0.005582543455474098,0.012505931907654538,0.009234191634517587,0.023176954208551672,0.08639930573237739
1.4547414,0.013622306093073008,0.006751543276087772,0.003309942663391597,0.005459777892883634,0.012513848940563548,0.009281110751555284,0.023267373414758163,0.08562281636239576
1.4552069,0.013623524470510538,0.006600131781146918,0.0032759627947832864,0.0053388922489691374,0.012521330273483039,0.009329214599888629,0.023356654103596414,0.084847119739437
1.4556724,0.013624236186467163,0.006450710829872027,0.0032422649395800794,0.005219893737174424,0.01252837295089002,0.009378502535751359,0.023444784801802857,0.08407229053399486
1.4561379,0.013624440794675237,0.006303282401278927,0.0032088525347964366,0.00510278923174197,0.012534974212500227,0.009428973584667842,0.02353175423139256,0.0832984030483956
1.4566034,0.013624137936730854,0.006157848073294512,0.0031757289791455885,0.004987585269515409,0.012541131492231768,0.00948062643920169,0.023617551311375575,0.08252553120754767
1.457069,0.013623327342373936,0.006014409025723097,0.0031428976332477285,0.004874288051777669,0.01254684241709089,0.00953345945680511,0.02370216515942393,0.08175374854967596
1.4575345,0.013622008829733943,0.005872966043300407,0.0031103618198317032,0.004762903446123613,0.012552104805980744,0.009587470657770884,0.023785585093489086,0.08098312821704862
1.458,0.01362018230554039,0.0057335195188329795,0.0030781248239299566,0.004653436988366111,0.012556916668434098,0.009642657723288773,0.02386780063336984,0.08021374294670432
1.4584655,0.01361784776529734,0.005596069456420833,0.00304618989306655,0.004545893884474557,0.012561276203270933,0.009699017993608242,0.023948801502230485,0.0794456650611872
1.458931,0.013615005293421032,0.005460615474761245,0.0030145602374380956,0.004440279012544937,0.012565181797181905,0.009756548466309242,0.024028577628069044,0.078678966459297
1.4593966,0.013611655063339735,0.005327156810531561,0.0029832390300874785,0.00433659692480063,0.012568632023238843,0.009815245794682863,0.0241071191451353,0.07791371860686046
1.4598621,0.013607797337554994,0.005195692321848955,0.0029522294070702124,0.004234851849623162,0.012571625639333535,0.009875106286223541,0.024184416395298225,0.07714999252753034
1.4603276,0.013603432467663436,0.0050662204918051675,0.0029215344676132887,0.004135047693612205,0.012574161586546242,0.009936125901234525,0.024260459929362304,0.0763878587936177
1.4607931,0.013598560894338358,0.00493873943207425,0.002891157274266354,0.004037188043674034,0.012576238987445318,0.009998300251548204,0.024335240508332186,0.07562738751696253
1.4612586,0.013593183147270439,0.004813246886591422,0.0028611008530450384,0.003941276169137696,0.012577857144319455,0.010061624599362835,0.024408749104624854,0.07486864833984826
1.4617241,0.01358729984506708,0.004689740235301167,0.0028313681935662398,0.003847315023898097,0.012579015537343932,0.010126093856197182,0.024480976903228577,0.07411171042596461
1.4621897,0.013580911695109908,0.004568216497972699,0.002801962249175165,0.003755307248585216,0.012579713822682264,0.010191702581964475,0.02455191530280784,0.07335664245142355
1.4626552,0.01357401949337021,0.004448672338080924,0.002772885937063901,0.00366525517275863,0.012579951830524605,0.010258444984167012,0.02462155591675379,0.0726035125958322
1.4631207,0.013566624124182169,0.004331104066751024,0.002744142138381301,0.00357716081712655,0.012579729563064216,0.010326314917212661,0.02468989057417995,0.07185238853342621
1.4635862,0.013558726559973963,0.004215507646764711,0.0027157336983339503,0.0034910258957885363,0.012579047192413265,0.010395305881854463,0.024756911320863252,0.07110333742426667
1.4640517,0.013550327860956978,0.004101878696626226,0.0026876634262779624,0.003406851818501066,0.012577905058459243,0.010465411024754422,0.024822610420130918,0.07035642590550296
1.4645172,0.013541429174773528,0.003990212494686074,0.0026599340958013825,0.0033246396929650823,0.0125763036666632,0.010536623138172531,0.02488698035369371,0.0696117200827037
1.4649828,0.013532031736103655,0.00388050398332048,0.0026325484447969486,0.003244390327134648,0.012574243685801054,0.010608934659782045,0.024950013822426318,0.06886928552125733
1.4654483,0.0135221368662317,0.0037727477731645193,0.0026055091755250066,0.003166104231545803,0.012571725945649181,0.010682337672611916,0.025011703747095757,0.06812918723784347
1.4659138,0.013511745972573326,0.0036669381473968658,0.002578818954666387,0.0030897816216647104,0.012568751434615624,0.01075682390511728,0.025072043269038554,0.06739148969197571
1.4663793,0.013500860548163839,0.0035630690660740758,0.0025524804133650776,0.0030154224202541785,0.012565321297318311,0.010832384731378897,0.025131025750787715,0.06665625677761579
1.4668448,0.013489482171108493,0.0034611341705123723,0.0025264961472605684,0.0029430262597576226,0.012561436832111762,0.010909011171432314,0.025188644776650483,0.06592355181485929
1.4673103,0.013477612503995462,0.0033611267877148884,0.0025008687165097502,0.0028725924846995364,0.012557099488563728,0.010986693891727604,0.02524489415323828,0.06519343754169224
1.4677759,0.013465253293272255,0.003263039934842379,0.002475600645798285,0.002804120154101536,0.01255231086488329,0.01106542320572048,0.02529976790995047,0.0644659761058184
1.4682414,0.013452406368586262,0.003166866323725443,0.0024506944243413847,0.002737608043913017,0.01254707270530178,0.011145189074595573,0.025353260299413895,0.0637412290565571
1.4687069,0.013439073642090146,0.003072598365416324,0.0024261525058739564,0.0026730546494554757,0.012541386897407886,0.011225981108122634,0.02540536579788018,0.06301925733681153
1.4691724,0.013425257107712892,0.002980228174778376,0.0024019773086301037,0.0026104581878795404,0.012535255469438181,0.011307788565646385,0.025456079105582667,0.062300121275108575
1.4696379,0.013410958840397358,0.002889747575111286,0.0023781712153119684,0.002549816600633789,0.012528680587524285,0.011390600357210684,0.02550539514705487,0.06158388057771112
1.4701034,0.013396180995305167,0.0028011481028101665,0.002354736573047924,0.0024911275559444156,0.012521664552897837,0.011474405044817648,0.02555330907141226,0.06087059432080429
1.470569,0.013380925806989899,0.0027144210120566155,0.002331675693340114,0.0024343884513048325,0.012514209799054508,0.011559190843822445,0.02559981625259913,0.06016032094275712
1.4710345,0.013365195588539514,0.002629557279539872,0.00230899085200135,0.002379596415974299,0.01250631888887831,0.011644945624464383,0.02564491228960227,0.05945311823646165
1.4715,0.013348992730688961,0.002546547609206184,0.00228668428908136,0.0023267483134846636,0.012497994511727551,0.011731656913534966,0.025688593006633603,0.05874904334175165
1.4719655,0.013332319700903929,0.002465382437034537,0.002264758208782404,0.0022758407441543084,0.012489239480483949,0.011819311896183508,0.02573085445328377,0.05804815273790362
1.472431,0.013315179042436653,0.00238605193583691,0.0022432147793642696,0.0022268700476084,0.01248005672856649,0.011907897417860861,0.025771692904649094,0.05735050223622345
1.4728966,0.013297573373354722,0.0023085460200812447,0.0022220561330386687,0.0021798323053045542,0.012470449306911926,0.011997399986401765,0.02581110486143412,0.05665614697272296
1.4733621,0.013279505385543766,0.0022328543507353525,0.0022012843658530765,0.002134723343063043,0.012460420380923896,0.012087805774246278,0.025849087050032044,0.055965141400890796
1.4738276,0.013260977843684895,0.002158966340129999,0.0021809015375640513,0.0020915387336007027,0.012449973227393017,0.012179100620800725,0.02588563642258502,0.05527753928456232
1.4742931,0.013241993584207749,0.0020868711568394487,0.0021609096715000746,0.0020502737990677152,0.012439111231390496,0.012271270034938584,0.025920750157026176,0.05459339369089318
1.4747586,0.013222555514219964,0.002016557730577769,0.002141310754413955,0.0020109236135864616,0.012427837883137978,0.012364299197641686,0.025954425657105193,0.05391275698344075
1.4752241,0.013202666610413938,0.0019480147571091953,0.0021221067363248244,0.001973483005791654,0.01241615677485643,0.012458172964782032,0.025986660552398892,0.05323568081535739
1.4756897,0.01318232991795171,0.0018812307031708818,0.0021032995303497627,0.0019379465613709591,0.012404071597596837,0.012552875870044448,0.02601745269830841,0.052562216122699165
1.4761552,0.013161548549328767,0.0018161938114063356,0.0020848910125250927,0.0019043086256053273,0.012391586138055438,0.012648392127990262,0.02604680017604445,0.051892413117853406
1.4766207,0.013140325683217576,0.0017528921053078519,0.0020668830216173974,0.0018725633059082452,0.012378704275376129,0.012744705637262073,0.02607470129260196,0.05122632128308815
1.4770862,0.013118664563291612,0.0016913133941662585,0.002049277358924341,0.0018427044743631596,0.012365429977942608,0.012841799983929644,0.026101154580725674,0.05056398936422631
1.4775517,0.013096568497030586,0.0016314452780263001,0.0020320757880653902,0.0018147257702583474,0.012351767300162766,0.012939658444976899,0.02612615879886757,0.04990546536444739
1.4780172,0.0130740408545075,0.0015732751526460087,0.002015280034762554,0.0017886206026185697,0.012337720379247788,0.013038263991930003,0.026149712931137277,0.04925079653821961
1.4784828,0.01305108506715811,0.0015167902144584352,0.0019988917866112935,0.001764382152732886,0.01232329343198838,0.013137599294626408,0.026171816187246344,0.048600029385365555
1.4789483,0.01302770462653332,0.0014619774655341609,0.0019829126928417556,0.0017420033766780746,0.012308490751530465,0.013237646725124725,0.02619246800244693,0.047953209645264464
1.4794138,0.013003903083034903,0.001408823718543033,0.001967344364070496,0.001721477007837154,0.012293316704152644,0.01333838836175522,0.02621166803746553,0.047310382291194025
1.4798793,0.01297968404463493,0.0013573156017136095,0.0019521883720428808,0.0017027955594125634,0.012277775726047647,0.013439805993310655,0.026229416178432063,0.04667159152481502
1.4803448,0.012955051175579215,0.001307439563788823,0.0019374462493663529,0.0016859513269336273,0.012261872320109876,0.0135418811233771,0.026245712536804595,0.04603688077080192
1.4808103,0.01293000819507502,0.001259181878976416,0.0019231194892347743,0.0016709363907579787,0.012245611052731177,0.01364459497480426,0.02626055744928981,0.04540629267162228
1.4812759,0.01290455887596322,0.0012125286518927115,0.0019092095451440447,0.0016577426185666597,0.012228996550606724,0.013747928494314795,0.026273951477759166,0.04477986908246809
1.4817414,0.01287870704337505,0.0011674658224983228,0.0018957178305992162,0.0016463616678526651,0.012212033497553013,0.013851862357252007,0.02628589540916046,0.044157651066341494
1.4822069,0.012852456573373632,0.0011239791710244294,0.0018826457188133216,0.0016367849884027254,0.012194726631339728,0.01395637697246514,0.02629639025542443,0.04353967888929753
1.4826724,0.012825811391580323,0.0010820543228882693,0.0018699945423981362,0.0016290038247721793,0.012177080740537272,0.01406145248733154,0.02630543725336582,0.0429259920158458
1.4831379,0.012798775471786011,0.001041676753596515,0.0018577655930470999,0.0016230092187528267,0.01215910066138166,0.014167068792914786,0.02631303786457818,0.042316629104512844
1.4836034,0.012771352834547433,0.0010028317936352112,0.001845960121210615,0.001618792011833702,0.01214079127465844,0.014273205529257845,0.02631919377532171,0.041711628003566856
1.484069,0.012743547545768627,0.0009655046333449554,0.0018345793357639392,0.00161634284765474,0.012122157502607275,0.014379842090810313,0.02632390689640316,0.04111102574690625
1.4845345,0.012715363715267719,0.0009296803277800039,0.0018236244036678793,0.0016156521744533235,0.012103204305848894,0.014486957631988642,0.026327179363046935,0.04051485855011391
1.485,0.01268680549532927,0.0008953438015499832,0.001813096449622491,0.001616710247503711,0.012083936680336044,0.014594531072868247,0.026329013534756498,0.039923161806679416
1.4854655,0.012657877079242586,0.0008624798536428844,0.0018029965557139855,0.0016195071315493518,0.012064359654330132,0.014702541105006293,0.02632941199516519,0.039335970084391714
1.485931,0.012628582699826509,0.0008310731622280183,0.0017933257610550245,0.001624032703228095,0.012044478285405192,0.014810966197393893,0.026328377551875542,0.03875331712190495
1.4863966,0.012598926627941284,0.0008011082894376061,0.0017840850614185952,0.001630276653490302,0.01202429765748077,0.014919784602536396,0.02632591323628633,0.038175235825480554
1.4868621,0.012568913170988294,0.0007725696861256774,0.0017752754088656269,0.0016382284900098739,0.01200382287788525,0.015028974362660374,0.026322022303406613,0.037601758265908544
1.4873276,0.012538546671398447,0.0007454416966029544,0.0017668977113665138,0.0016478775395882218,0.01198305907445108,0.015138513316045897,0.026316708231655918,0.03703291567561131
1.4877931,0.012507831505110133,0.0007197085633464059,0.0017589528324166875,0.0016592129505512154,0.011962011392643194,0.015248379103482554,0.02630997472264969,0.036468738445932916
1.4882586,0.012476772080037711,0.0006953544316821834,0.0017514415906463821,0.0016722236951391442,0.011940684992721941,0.015358549174847684,0.026301825700969058,0.035909256124617095
1.4887241,0.012445372834531454,0.0006723633544406835,0.0017443647594247253,0.0016868985718897311,0.011919085046941622,0.015469000795805214,0.026292265313913796,0.03535449741347656
1.4891897,0.012413638235829815,0.0006507192965825383,0.0017377230664582805,0.0017032262080142304,0.011897216736785706,0.015579711054623325,0.026281297931237308,0.03480449016625612
1.4896552,0.012381572778504909,0.0006304061397943948,0.0017315171933841647,0.0017211950617666298,0.011875085250239668,0.01569065686910919,0.026268928144862373,0.03425926138669219
1.4901207,0.012349180982901923,0.0006114076870534128,0.0017257477753578575,0.001740793424805975,0.011852695779102331,0.015801814993658837,0.026255160768576397,0.03371883722677067
1.4905862,0.01231646739357315,0.0005937076671594641,0.0017204154006358163,0.0017620094245518296,0.01183005351633645,0.015913162026420114,0.026240000837704686,0.033183242985185275
1.4910517,0.012283436577707245,0.0005772897392340717,0.001715520610153018,0.0017848310265328867,0.011807163653459246,0.01602467441656665,0.02622345360876016,0.032652503105997883
1.4915172,0.012250093123554124,0.0005621374971851564,0.001711063897095558,0.001809246036728753,0.011784031377973478,0.01613632847168045,0.026205524559067866,0.0321266411775026
1.4919828,0.012216441638845945,0.0005482344741367026,0.001707045706468454,0.0018352421039049271,0.011760661870839531,0.01624810036524088,0.026186219386362276,0.03160567993129455
1.4924483,0.012182486749214485,0.0005355641468224803,0.0017034664346588155,0.001862806721941,0.011737060303989015,0.016359966144217458,0.02616554400835547,0.031089641241544484
1.4929138,0.012148233096605201,0.0005241099399430077,0.0017003264289945485,0.0018919272321521264,0.01171323183788014,0.016471901736763897,0.02614350456227399,0.030578546124479914
1.4933793,0.01211368533768818,0.0005138552304849777,0.0016976259872987754,0.0019225908256038143,0.011689181619095206,0.016583882960010735,0.026120107404361898,0.030072414738073254
1.4938448,0.012078848142266256,0.0005047833520024073,0.0016953653574401555,0.0019547845454201238,0.01166491477798043,0.016695885527953654,0.02609535910934762,0.029571266381937054
1.4943103,0.012043726191680548,0.0004968775988588086,0.0016935447368792806,0.0019884952890853787,0.011640436426328301,0.016807885059434504,0.026069266469871864,0.02907511949742646
1.4947759,0.012008324177213744,0.0004901212304297035,0.0016921642722113304,0.002023709810739551,0.011615751655102669,0.016919857086211947,0.02604183649587373,0.028583991667948613
1.4952414,0.011972646798491535,0.0004844974752648311,0.0016912240587051615,0.0020604147234675177,0.011590865532206658,0.01703177706111845,0.02601307641393198,0.028097899619478568
1.4957069,0.01193669876188263,0.00047998953520941016,0.0016907241398390253,0.002098596501582469,0.011565783100293492,0.01714362036630027,0.02598299366655821,0.027616859221281292
1.4961724,0.011900484778897916,0.00047658058948383137,0.0016906645068331162,0.002138241482903797,0.011540509374620174,0.01725536232153707,0.025951595911438377,0.027140885486838948
1.4966379,0.011864009564589327,0.00047425379872116034,0.0016910450981791766,0.0021793358710298773,0.011515049340943955,0.017366978192637526,0.025918891020619072,0.026669992574982666
1.4971034,0.011827277835949078,0.0004729923089618416,0.001691865799167406,0.0022218657376062005,0.01148940795346139,0.017478443199907406,0.025884887079634673,0.026204193791227792
1.497569,0.011790294310309955,0.0004727792556050078,0.001693126441410926,0.002265817024589381,0.011463590132789808,0.017589732526686424,0.02584959238657129,0.02574350158931138
1.4980345,0.011753063703747417,0.0004735977673158201,0.0016948268023680585,0.0023111755465075753,0.011437600763990969,0.017700821327950048,0.0258130154510633,0.025287927572930552
1.4985,0.011715590729484415,0.0004754309698882935,0.0016969666048626672,0.0023579269927178916,0.011411444694636749,0.017811684738972433,0.025775164993217924,0.024837482497680245
1.4989655,0.011677880096299826,0.0004782619900630932,0.0016995455166028113,0.0024060569296613685,0.011385126732916744,0.017922297884046517,0.02573604994246343,0.02439217627318877
1.499431,0.011639936506941582,0.0004820739592998292,0.0017025631496979609,0.0024555508031160944,0.011358651645787636,0.018032635885257147,0.025695679436316534,0.0239520179654495
1.4998966,0.011601764656545664,0.0004868500175034135,0.001706019060175012,0.0025063939404490546,0.011332024157164299,0.01814267387130303,0.025654062819064755,0.02351701579934717
1.5003621,0.01156336923106215,0.0004925733167040933,0.0017099127474933468,0.0025585715528672628,0.011305248946152525,0.018252386986363136,0.025611209640359872,0.023087177161377162
1.5008276,0.01152475490568972,0.0004992270246908159,0.0017142436540591916,0.002612068737668745,0.01127833064532331,0.018361750399003045,0.025567129653719045,0.02266250860255655
1.5012931,0.01148592634331999,0.0005067943285976185,0.0017190111647395422,0.0026668704804939346,0.011251273839028528,0.01847073931111666,0.025521832814930753,0.02224301584152547
1.5017586,0.011446888192993259,0.0005152584384427756,0.0017242146063759516,0.0027229616575780383,0.011224083061757836,0.01857932896689853,0.025475329280363265,0.021828703767837368
1.5022241,0.011407645088367184,0.0005246025906204589,0.0017298532472984976,0.0027803270380049234,0.011196762796536643,0.018687494661842025,0.025427629405173714,0.021419576445436666
1.5026897,0.01136820164620008,0.0005348100513446948,0.0017359262968402588,0.002838951285963055,0.011169317473364955,0.018795211751758547,0.025378743741416222,0.021015637116322077
1.5031552,0.011328562464850539,0.0005458641200454268,0.001742432904852636,0.0028988189630040026,0.01114175146769696,0.018902455661813,0.025328683036047805,0.020616888204393807
1.5036207,0.011288732122795082,0.0005577481327165177,0.0017493721612218695,0.0029599145303040035,0.011114069098961251,0.019009201895570604,0.025277458228831123,0.020223331319482764
1.5040862,0.011248715177165556,0.0005704454652155442,0.0017567430953870909,0.003022222350929051,0.011086274629121698,0.019115426044050296,0.02522508045013382,0.01983496726155961
1.5045517,0.011208516162308002,0.0005839395365152519,0.0017645446758602719,0.0030857266921039566,0.01105837226127906,0.019221103794779835,0.025171561018624906,0.01945179602512152
1.5050172,0.011168139588364615,0.0005982138119065476,0.0017727758097484379,0.0031504117274858134,0.011030366138313574,0.01932621094084766,0.02511691143886959,0.019073816803754202
1.5054828,0.011127589939880396,0.0006132518061529017,0.0017814353422785313,0.003216261539442266,0.011002260341568695,0.019430723389946458,0.025061143398824596,0.01870102799486664
1.5059483,0.011086871674436009,0.0006290370865960367,0.0017905220563253282,0.003283260121334963,0.010974058889576263,0.019534617173403282,0.025004268767236777,0.018333427204595878
1.5064138,0.011045989221308197,0.0006455532762127758,0.0018000346719428345,0.0033513913798085752,0.01094576573682333,0.019637868455190992,0.024946299590948136,0.017971011252879074
1.5068793,0.011004946980159103,0.000662784056622923,0.0018099718458996032,0.0034206391370857183,0.010917384772560894,0.019740453540915585,0.024887248092110563,0.017613776178689783
1.5073448,0.010963749319755724,0.0006807131710480545,0.001820332171218414,0.00349098713326813,0.010888919819654817,0.019842348886774063,0.024827126665313656,0.01726171724543554
1.5078103,0.010922400576720611,0.0006993244272211121,0.001831114176720754,0.003562419028644405,0.010860374633479261,0.019943531108477408,0.024765947874628866,0.016914828946513694
1.5082759,0.01088090505431485,0.000718601700246705,0.0018423163265765318,0.0036349184060046023,0.010831752900853014,0.0200439769901333,0.024703724450573065,0.016573105011022323
1.5087414,0.010839267021254309,0.0007385289354120584,0.0018539370198594443,0.0037084687729620185,0.010803058239019048,0.020143663493083233,0.024640469286994482,0.016236538409623115
1.5092069,0.010797490710560012,0.0007590901509485645,0.001865974590108402,0.003783053564282375,0.010774294194667727,0.02024256776468875,0.024576195437883787,0.015905121360553002
1.5096724,0.010755580318443399,0.0007802694407439231,0.0018784273048954069,0.0038586561442206803,0.010745464243004025,0.020340667147061516,0.024510916114112852,0.015578845335781352
1.5101379,0.010713540003227226,0.0008020509770048591,0.0018912933654002583,0.00393525980886601,0.010716571786859117,0.02043793918573207,0.024444644680103707,0.015257701067309427
1.5106034,0.010671373884302691,0.0008244190128704241,0.0019045709059924637,0.004012847788494405,0.010687620155846693,0.020534361638252056,0.02437739465042986,0.01494167855360881
1.511069,0.010629086041123385,0.0008473578849758889,0.0019182579938206983,0.004091403249930101,0.010658612605564319,0.02062991248272474,0.024309179686352066,0.014630767066195443
1.5115345,0.010586680512236586,0.0008708520159672436,0.001932352628410159,0.004170909298915249,0.010629552316840157,0.020724569926258665,0.024240013592290503,0.014324955156335873
1.512,0.010544161294352396,0.0008948859169663299,0.001946852741268144,0.004251348982488268,0.010600442395025347,0.020818312413339157,0.024169910312235015,0.014024230661882211
1.5124655,0.01050153234145121,0.000919444189986634,0.0019617561954981787,0.004332705291370963,0.010571285869332312,0.020911118634112356,0.02409888392609508,0.013728580714232254
1.512931,0.010458797563929942,0.0009445115302997813,0.001977060785423006,0.0044149611623644945,0.010542085692219202,0.02100296753257647,0.024026948645991086,0.013437991745411158
1.5133966,0.010415960827787507,0.0009700727287527733,0.0019927642362167646,0.0044980994807542725,0.0105128447388207,0.021093838314674842,0.023954118812488285,0.013152449495270975
1.5138621,0.01037302595385002,0.0009961126740360093,0.002008864203546678,0.004582103082723839,0.010483565806425309,0.021183710456285573,0.023880408890774925,0.012871939018804348
1.5143276,0.010329996717036194,0.0010226163549021377,0.002025358273224589,0.004666954757777779,0.010454251613999281,0.02127256371110247,0.02380583346678586,0.012596444693568512
1.5147931,0.010286876845663446,0.001049568862335784,0.0020422439608686963,0.004752637251173703,0.010424904801757395,0.021360378118402242,0.023730407243273115,0.012325950227215846
1.5152586,0.010243670020795227,0.0010769553916742049,0.002059518711575871,0.004839133266363278,0.010395527930780751,0.02144713401069297,0.023654145035824855,0.01206043866512695
1.5157241,0.010200379875630104,0.001104761244678934,0.002077179899604958,0.004926425467442312,0.01036612348268185,0.0215328120212391,0.023577061768834395,0.011799892398142348
1.5161897,0.010157009994933177,0.0011329718315585037,0.00209522482807151,0.005014496481609849,0.010336693859317252,0.021617393091458357,0.023499172471421022,0.011544293170388735
1.5166552,0.010113563914510345,0.0011615726729423538,0.0021136507286544128,0.0051033289016361874,0.010307241382548113,0.02170085847818631,0.023420492273304172,0.011293622087195624
1.5171207,0.010070045120725953,0.0011905494018060669,0.0021324547613149002,0.005192905288339755,0.010277768294048965,0.021783189760804334,0.023341036400632672,0.011047859623098328
1.5175862,0.010026457050064247,0.0012198877653481037,0.0021516340140284754,0.005283208173072679,0.010248276755165067,0.021864368848227043,0.023260820171770454,0.010806985629923032
1.5180517,0.009982803088735049,0.0012495736268182314,0.002171185502530274,0.005374220060214899,0.010218768846818686,0.02194437798574542,0.02317985899304029,0.010570979344949858
1.5185172,0.009939086572324023,0.0012795929672978635,0.002191106170074426,0.005465923429676592,0.010189246569464674,0.022023199761722147,0.0230981683544269,0.010339819399149826
1.5189828,0.009895310785487846,0.001309931887432552,0.0022113928872079785,0.005558300739408664,0.010159711843095656,0.022100817114135845,0.023015763825241273,0.010113483825491622
1.5194483,0.009851478961694596,0.0013405766091168971,0.0022320424515599336,0.005651334427921031,0.010130166507297172,0.022177213336971178,0.022932661049748122,0.009891950067314187
1.5199138,0.009807594283009608,0.001371513477132162,0.0022530515876459617,0.00574500691680837,0.010100612321353026,0.022252372086452064,0.02284887574275884,0.009675194986761127
1.5203793,0.009763659879927047,0.0014027289607368967,0.002274416946689329,0.005839300613283029,0.010071050964401012,0.022326277387115265,0.022764423685192655,0.009463194873273023
1.5208448,0.009719678831247342,0.0014342096552108822,0.00229613510645857,0.005934197912714761,0.010041484035639175,0.022398913637721864,0.022679320719608626,0.009255925452133683
1.5213103,0.009675654164000604,0.0014659422833527115,0.0023182025711224225,0.006029681201176964,0.010011913054582596,0.022470265617004017,0.022593582745711327,0.009053361893066514
1.5217759,0.009631588853416041,0.0014979136969313156,0.0023406157711225377,0.006125732857999124,0.009982339461370702,0.022540318489244378,0.02250722571583291,0.008855478818877119
1.5222414,0.009587485822937397,0.001530110878091741,0.0023633710630644733,0.006222335258325136,0.00995276461712497,0.02260905780968544,0.022420265630394325,0.008662250314138309
1.5227069,0.00954334794428426,0.0015625209407154849,0.0023864647296274735,0.006319470775677239,0.009923189804356863,0.02267646952976589,0.022332718533348263,0.008473649933913759
1.5231724,0.009499178037559121,0.0015951311317356886,0.0024098929794935543,0.006417121784525296,0.009893616227425727,0.022742540002180994,0.022244600507606304,0.008289650712516541
1.5236379,0.009454978871399925,0.001627928832407481,0.0024336519472963974,0.006515270662861186,0.009864045013046345,0.022807255985763813,0.022155927670452786,0.008110225172298842
1.5241034,0.00941075316317786,0.0016609015595337661,0.002457737693590558,0.006613899794778155,0.009834477210845743,0.022870604650184218,0.02206671616894775,0.007935345332469196
1.524569,0.009366503579240017,0.0016940369666467367,0.0024821462048414747,0.006712991573054928,0.00980491379396877,0.022932573580462457,0.021976982175321284,0.00776498271793358
1.5250345,0.009322232735196563,0.0017273228451453885,0.002506873393436762,0.006812528401744486,0.009775355659731949,0.022993150781294245,0.021886741882361626,0.007599108368156757
1.5255,0.009277943196252,0.0017607471253892999,0.002531915097719241,0.0069124926987673705,0.00974580363032497,0.0230523246811844,0.021796011498799586,0.007437692846040253
1.5259655,0.009233637477580043,0.00179429787774895,0.002557267082042156,0.0070128668985094044,0.009716258453559164,0.02311008413638624,0.021704807244691905,0.00728070624681335
1.526431,0.009189318044741636,0.0018279633136128438,0.002582925036846989,0.007113633454423667,0.009686720803662239,0.023166418434644138,0.021613145346806382,0.007128118206933468
1.5268966,0.009144987314145574,0.0018617317863517321,0.0026088845787642883,0.007214774841636554,0.009657191282118454,0.023221317298736995,0.021521042034011683,0.006979897912992248
1.5273621,0.009100647653551211,0.0018955917922402208,0.0026351412507378846,0.007316273559557673,0.009627670418553388,0.023274770889820457,0.02142851353267477,0.006836014110623668
1.5278276,0.009056301382612623,0.0019295319713360654,0.00266169052217286,0.007418112134493329,0.009598158671662351,0.02332676981056637,0.02133557606206891,0.006696435113410513
1.5282931,0.009011950773463602,0.0019635411083174605,0.0026885277891076204,0.007520273122263338,0.009568656430181498,0.02337730510809806,0.021242245829795087,0.006561128811785606
1.5287586,0.008967598051342767,0.0019976081332786287,0.0027156483744103965,0.007622739110820857,0.009539164013900517,0.023426368276720465,0.021148539027219554,0.00643006268192422
1.5292241,0.008923245395258038,0.0020317221224840083,0.002743047528000484,0.0077254927228749435,0.00950968167471588,0.023473951260444464,0.021054471824930403,0.006303203794624275
1.5296897,0.008878894938689635,0.0020658722990813463,0.002770720427094524,0.007828516618515574,0.009480209597723468,0.023520046455304772,0.020960060368215756,0.0061805188241710225
1.5301552,0.008834548770330778,0.0021000480337739985,0.002798662176478109,0.007931793497840808,0.009450747902349428,0.02356464671147121,0.020865320772566358,0.0060619740571830755
1.5306207,0.008790208934865186,0.0021342388454527314,0.0028268678088030005,0.00803530610358581,0.009421296643518,0.02360774533515293,0.020770269119205077,0.005947535401436788
1.5310862,0.008745877433780446,0.0021684344017873186,0.0028553322849102377,0.008139037223753434,0.009391855812855137,0.023649336090295268,0.02067492145064578,0.00583716839466618
1.5315517,0.008701556226216284,0.002202624519778222,0.0028840504941794274,0.00824296969424602,0.009362425339926693,0.023689413200068895,0.020579293766283972,0.005730838213335762
1.5320172,0.008657247229846737,0.0022367991662686497,0.002913017254904489,0.00834708640149809,0.009333005093510012,0.023727971348150727,0.02048340201802157,0.005628509681383767
1.5324828,0.008612952321795177,0.0022709484584172955,0.0029422273146961528,0.00845137028510956,0.009303594882897802,0.023765005679796013,0.020387262105927943,0.005530147278933481
1.5329483,0.0085686733395811,0.002305062664132072,0.002971675350911503,0.008555804340479072,0.009274194459233285,0.023800511802700975,0.020290889873939406,0.005435715150970468
1.5334138,0.00852441208209753,0.0023391322024651586,0.0030013559711108482,0.008660371621437032,0.009244803516875745,0.02383448578765515,0.02019430110559919,0.005345177115983699
1.5338793,0.008480170310617936,0.002373147643969696,0.0030312637135422138,0.008765055242877852,0.009215421694795676,0.02386692416898267,0.020097511519839715,0.0052584966745686836
1.5343448,0.008435949749831431,0.0024070997110184744,0.0030613930476537407,0.008869838383390938,0.009186048577998804,0.023897823944771523,0.020000536766808973,0.005175637017990873
1.5348103,0.008391752088905111,0.002440979278084959,0.003091738374634274,0.008974704287889828,0.009156683698978282,0.02392718257688995,0.019903392423742627,0.005096561036707728
1.5352759,0.008347578982572284,0.0024747773719870094,0.0031222940279824157,0.009079636270238911,0.009127326539194321,0.023954997990789238,0.019806093990883383,0.005021231328847986
1.5357414,0.008303432052245372,0.002508485172093649,0.0031530542741043215,0.00918461771587713,0.009097976530580466,0.023981268575092383,0.019708656887449105,0.004949610208646754
1.5362069,0.008259312887152316,0.0025420940104952357,0.0031840133129404894,0.009289632084437949,0.009068633057075722,0.024005993180968212,0.01961109644765101,0.004881659714835185
1.5366724,0.008215223045495205,0.0025755953721373777,0.003215165278621788,0.009394662912364946,0.009039295456181762,0.024029171121290802,0.019513427916763245,0.004817341618983614
1.5371379,0.008171164055630006,0.002608980894918937,0.0032465042401549453,0.009499693815522238,0.009009963020544387,0.024050802169584235,0.019415666447245017,0.004756617433797097
1.5376034,0.008127137417266169,0.0026422423697544323,0.003278024202137694,0.009604708491798989,0.008980634999558477,0.024070886558752776,0.019317827094916338,0.0046994484213625015
1.538069,0.00808314460268498,0.0026753717406011756,0.0033097191055037377,0.009709690723707101,0.008951310600995696,0.024089424979596662,0.01921992481518842,0.004645795601346329
1.5385345,0.008039187057975475,0.0027083611044514655,0.003341582828297694,0.009814624380971228,0.008921988992654187,0.024106418579113675,0.019121974459349874,0.004595619759142635
1.539,0.007995266204286746,0.0027412027112901777,0.003373609186480125,0.009919493423110054,0.008892669304029509,0.024121868958586683,0.01902399077090977,0.004548881453970494
1.5394655,0.007951383439095534,0.002773888964018106,0.003405791934762744,0.010024281902007812,0.008863350628005964,0.0241357781714575,0.01892598838199874,0.0045055410269205535
1.539931,0.007907540137487939,0.0028064124183414386,0.003438124767473858,0.010128973964474848,0.008834032022567466,0.024148148720987472,0.018827981809829298,0.004465558608950258
1.5403966,0.007863737653454154,0.002838765782627749,0.0034706013194540936,0.010233553854796032,0.008804712512526968,0.024158983557705602,0.018729985453216712,0.004428894128827377
1.5408621,0.007819977321195068,0.0028709419177289195,0.0035032151669824093,0.01033800591726573,0.008775391091273517,0.024168286076645173,0.01863201358916175,0.004395507321021441
1.5413276,0.007776260456439634,0.0029029338367713977,0.0035359598287324026,0.010442314598708088,0.008746066722535866,0.02417606011437021,0.01853408036949698,0.004365357733542722
1.5417931,0.007732588357771853,0.002934734704914201,0.003568828766758888,0.010546464450981374,0.008716738342161664,0.024182309945793505,0.01843619981759826,0.00433840473572837
1.5422586,0.007688962307966205,0.0029663378390750407,0.003601815387514718,0.010650440133465201,0.008687404859911131,0.024187040280788403,0.018338385825163152,0.004314607525975394
1.5427241,0.0076453835753303384,0.0029977367076249547,0.0036349130428978116,0.010754226415529537,0.008658065161264127,0.024190256260596957,0.01824065214905783,0.004293925139420122
1.5431897,0.007601853415053819,0.00302892493005178,0.0036681150313283587,0.0108578081789845,0.00862871810923946,0.024191963454037357,0.018143012408234092,0.0042763164555638476
1.5436552,0.007558373070561672,0.003059896276592807,0.0037014145988561536,0.010961170420510091,0.008599362546225326,0.024192167853513958,0.018045480080717758,0.004261740205844337
1.5441207,0.00751494377487142,0.0030906446678369065,0.003734804940298015,0.011064298254064988,0.00856999729581963,0.02419087587083369,0.017948068500669857,0.004250154981152883
1.5445862,0.007471566751952298,0.0031211641742964285,0.003768279200405241,0.011167176913273694,0.00854062116467899,0.024188094332832838,0.01785079085552172,0.00424151923929659
1.5450517,0.007428243218085248,0.003151449015949145,0.003801830475061029,0.011269791753791251,0.008511232944375115,0.02418383047681865,0.017753660183185194,0.004235791312405594
1.5455172,0.007384974383222281,0.0031814935617504943,0.003835451812507789,0.011372128255644709,0.008481831413257226,0.024178091945830548,0.017656689369339104,0.004232929414284895
1.5459828,0.007341761452343715,0.0032112923291164087,0.0038691362146042697,0.01147417202555053,0.008452415338319101,0.024170886783726028,0.017559891144793158,0.0042328916477105466
1.5464483,0.007298605626811769,0.003240839983377002,0.003902876638112406,0.011575908799207047,0.008422983477069369,0.02416222343009646,0.01746327808293051,0.004235636011669903
1.5469138,0.007255508105718935,0.003270131337201423,0.003936665996013785,0.011677324443561052,0.00839353457940357,0.02415211071501829,0.017366862597230245,0.004241120408545736
1.5473793,0.007212470087229543,0.003299161349994193,0.003970497158855645,0.011778404959047533,0.008364067389476613,0.024140557853645068,0.017270656938871122,0.004249302651244002
1.5478448,0.007169492769912897,0.0033279251272633563,0.004004362956126287,0.011879136481801696,0.008334580647574166,0.02412757444064577,0.017174673194417796,0.004260140470265162
1.5483103,0.007126577354066395,0.003356417919960798,0.0040382561776598,0.011979505285842337,0.008305073091981537,0.02411317044449476,0.017078923283590782,0.004273591520718972
1.5487759,0.007083725043027021,0.003384635123795093,0.004072169575069966,0.012079497785225744,0.008275543460848652,0.024097356201618788,0.01698341895712132,0.004289613389282807
1.5492414,0.0070409370444696265,0.0034125722785172397,0.004106095863213197,0.012179100536169291,0.008245990494049657,0.024080142410406284,0.016888171794692226,0.004308163601103585
1.5497069,0.0069982145716904875,0.003440225067179655,0.004140027721680333,0.012278300239144016,0.008216412935035661,0.024061540125084314,0.016793193202965788,0.004329199626643484
1.5501724,0.006955558844874585,0.003467589315368796,0.004173957796317108,0.012377083740935439,0.008186809532679203,0.024041560749468536,0.016698494413699697,0.004352678888469722
1.5506379,0.006912971092345119,0.003494660990411758,0.004207878700773049,0.012475438036671971,0.008157179043108854,0.02402021603059145,0.01660408648195187,0.004378558767988704
1.5511034,0.006870452551793814,0.0035214362005572186,0.004241783018078553,0.012573350271820294,0.008127520231532421,0.023997518052214246,0.01650998028437492,0.004406796612124958
1.551569,0.006828004471490588,0.0035479111941310597,0.004275663302249858,0.012670807744147099,0.00809783187404716,0.02397347922822765,0.016416186517600885,0.004437349739945279
1.5520345,0.00678562811147122,0.00357408235866699,0.004309512079921599,0.012767797905646607,0.008068112759435461,0.02394811229594709,0.01632271569671674,0.004470175449228613
1.5525,0.006743324744701697,0.0035999462200124732,0.004343321852006633,0.012864308364433266,0.00803836169094452,0.023921430309307417,0.01622957815383104,0.004505231022982226
1.5529655,0.0067010956582179695,0.0036254994414102477,0.004377085095382818,0.012960326886599054,0.008008577488048705,0.023893446631962575,0.01613678403673195,0.004542473735904758
1.553431,0.006658942154239884,0.003650738822555689,0.004410794264606445,0.013055841398034767,0.007978758988193488,0.023864174930295256,0.016044343307636797,0.004581860860796818
1.5538966,0.006616865551258115,0.0036756612986302817,0.004444441793652005,0.013150839986214675,0.007948905048519925,0.023833629166341647,0.015952265742033112,0.004623349674919758
1.5543621,0.006574867185092968,0.0037002639393114395,0.004478020097678,0.013245310901943879,0.007919014547568833,0.02380182359063628,0.01586056092761104,0.004666897466303352
1.5548276,0.006532948409923942,0.0037245439477589363,0.0045115215748184915,0.01333924256106764,0.007889086386963786,0.02376877273498192,0.015769238263286914,0.004712461540003048
1.5552931,0.00649111059928898,0.003748498659578197,0.004544938608000055,0.013432623546141933,0.007859119493072088,0.02373449140514924,0.015678306958317723,0.0047599992243075265
1.5557586,0.006449355147052339,0.003772125541760742,0.004578263566783821,0.013525442608064474,0.00782911281864288,0.023698994673511067,0.015587776031506021,0.0048094678768972905
1.5562241,0.006407683468340094,0.0037954221916020854,0.004611488809232261,0.013617688667665467,0.007799065344421519,0.023662297871615938,0.015497654310494845,0.004860824890955026
1.5566897,0.0063660970004422775,0.0038183863355974175,0.004644606683800367,0.013709350817257373,0.007768976080739319,0.023624416582705712,0.015407950431151955,0.004914027701228477
1.5571552,0.006324597203680792,0.003841015828315444,0.004677609531250897,0.013800418322143048,0.007738844069077744,0.02358536663418191,0.015318672837042753,0.004969033790046613
1.5576207,0.006283185562242265,0.0038633086512507692,0.0047104896865933265,0.013890880622081714,0.007708668383606085,0.02354516409002547,0.01522982977899095,0.005025800693289855
1.5580862,0.006241863584975121,0.003885262911655248,0.004743239481046193,0.013980727332712212,0.007678448132691706,0.023503825243174698,0.015141429314726047,0.005084286006315157
1.5585517,0.006200632806150239,0.003906876841348771,0.004775851244022479,0.014069948246933127,0.007648182460381937,0.02346136660786599,0.01505347930861652,0.005144447389836733
1.5590172,0.006159494786184701,0.003928148795509976,0.004808317305137688,0.014158533336239355,0.007617870547856759,0.023417804911942026,0.014965987431487478,0.0052062425757632355
1.5594828,0.006118451112328185,0.0039490772514474085,0.0048406299962402855,0.014246472752014794,0.007587511614851409,0.023373157089132058,0.014878961160521457,0.005269629372992192
1.5599483,0.006077503399311652,0.003969660807351724,0.004872781653464117,0.01433375682678077,0.007557104921048089,0.023327440271308945,0.01479240777924092,0.005334565673162518
1.5604138,0.006036653289958054,0.003989898181029549,0.004904764619302461,0.014420376075399899,0.007526649767435831,0.02328067178072748,0.014706334377570924,0.00540100945636593
1.5608793,0.005995902455754854,0.004009788208619671,0.004936571244703337,0.014506321196235027,0.007496145497637603,0.023232869122248624,0.014620747851980502,0.005468918796818104
1.5613448,0.0059552525973881575,0.004029329843292248,0.004968193891185684,0.014591583072262894,0.00746559149920366,0.02318404997555427,0.014535654905701235,0.0055382518684904255
1.5618103,0.0059147054452383194,0.004048522153931754,0.004999624932976014,0.0146761527721421,0.007434987204870127,0.023134232187357013,0.014451062049021635,0.0056089669507032175
1.5622759,0.005874262759836896,0.004067364323804371,0.005030856759165152,0.014760021551234886,0.007404332093781799,0.02308343376360939,0.014366975599655975,0.0056810224336813035
1.5627414,0.005833926332284786,0.004085855649210554,0.005061881775884632,0.014843180852582225,0.007373625692678074,0.023031672861716927,0.014283401683186233,0.00575437682407278
1.5632069,0.005793697984631376,0.004103995538123461,0.005092692408502323,0.014925622307831735,0.007342867577040957,0.02297896778275912,0.014200346233575818,0.005828988750431864
1.5636724,0.005753579570214515,0.004121783508813941,0.005123281103836785,0.015007337738117967,0.007312057372204055,0.022925336963722554,0.014117814993753813,0.005904816968666638
1.5641379,0.005713572973961084,0.004139219188462738,0.0051536403323898805,0.015088319154894699,0.007281194754421468,0.02287079896974984,0.014035813516268491,0.005981820367452519
1.5646034,0.005673680112647947,0.004156302311760525,0.0051837625905971196,0.015168558760718986,0.00725027945189555,0.022815372486408282,0.013954347164008937,0.006059957973612202
1.565069,0.005633902935123097,0.004173032719496376,0.005213640403095167,0.015248048949986735,0.007219311245762531,0.0227590763119817,0.01387342111099367,0.006139188957462824
1.5655345,0.005594243422486817,0.004189410357135234,0.005243266325005946,0.015326782309619723,0.00718828997103508,0.022701929349788933,0.013793040343225026,0.006219472638131017
1.566,0.005554703588232759,0.004205435273384916,0.005272632944236722,0.015404751619703881,0.007157215517500892,0.022643950600532144,0.013713209659608105,0.006300768488836483
1.5664655,0.0055152854783488275,0.004221107618753179,0.00530173288379551,0.015481949854078856,0.007126087830576475,0.02258515915467796,0.013633933672932948,0.006383036142144685
1.566931,0.005475991171377844,0.004236427644095388,0.00533055880412111,0.01555837018087876,0.007094906912115376,0.02252557418487427,0.013555216810918586,0.006466235395189193
1.5673966,0.00543682277843793,0.004251395699153289,0.0053591034054270474,0.01563400596302409,0.007063672821170053,0.02246521493840545,0.013477063317317604,0.006550326214864146
1.5678621,0.005397782443202604,0.00426601223108541,0.005387359430058632,0.015708850758664794,0.007032385674706703,0.022404100729688514,0.013399477253079883,0.0066352687429873025
1.5683276,0.005358872341840609,0.004280277782989643,0.005415319664862339,0.015782898321574413,0.007001045648272314,0.02234225093281263,0.013322462497574144,0.006721023301434042
1.5687931,0.005320094682915504,0.004294192992418533,0.005442976943566653,0.015856142601495267,0.006969652976613301,0.022279684974124355,0.01324602274986592,0.00680755039724268
1.5692586,0.005281451707245133,0.004307758589887857,0.005470324149173509,0.015928577744434545,0.006938207954245168,0.022216422324860777,0.01317016153005053,0.006894810727691386
1.5697241,0.005242945687721121,0.004320975397379081,0.005497354216359378,0.016000198092911064,0.006906710935972775,0.02215248249383272,0.013094882180639445,0.006982765185346964
1.5701897,0.005204578929088568,0.004333844326836332,0.005524060133885059,0.01607099818615239,0.00687516233736093,0.022087885020160142,0.013020187867998499,0.0070713748630857375
1.5706552,0.00516635376768623,0.004346366378658548,0.005550434947013162,0.016140972760241925,0.006843562635155147,0.022022649466061753,0.012946081583836195,0.00716060105908674
1.5711207,0.005128272571147516,0.004358542640187477,0.0055764717599322226,0.016210116748215396,0.006811912367652475,0.021956795409700747,0.012872566146740374,0.007250405281797377
1.5715862,0.005090337738062697,0.004370374284192227,0.005602163738186394,0.01627842528010614,0.006780212135022276,0.02189034243808858,0.012799644203761585,0.007340749254871746
1.5720517,0.005052551697602804,0.0043818625673510804,0.005627504111109576,0.01634589368293838,0.006748462599576857,0.021823310140048426,0.012727318232041549,0.0074315949220817214
1.5725172,0.00501491690910577,0.0043930088287312775,0.005652486174262796,0.016412517480667736,0.006716664485991764,0.021755718099239964,0.012655590540485245,0.0075229044522009255
1.5729828,0.004977435861625442,0.004403814488267474,0.005677103291873678,0.016478292394067985,0.006684818581475565,0.02168758588724702,0.012584463271475345,0.007614640243861686
1.5734483,0.004940111073444151,0.004414281045239592,0.005701348899276725,0.01654321434056325,0.006652925735888908,0.0216189330567297,0.012513938402627765,0.00770676493038504
1.5739138,0.004902945091549606,0.004424410076750746,0.005725216505353161,0.01660727943400464,0.0066209868618127094,0.021549779134642517,0.012444017748587182,0.007799241384583854
1.5743793,0.0048659404910769465,0.0044342032362059075,0.005748699694969026,0.01667048398439051,0.006589002934565405,0.021480143615520315,0.012374702962861372,0.007892032723539078
1.5748448,0.004829099874716827,0.004443662251791979,0.005771792131410194,0.016732824497529452,0.006556974992169233,0.021410045954833704,0.012305995539693235,0.007985102313349209
1.5753103,0.004792425872090472,0.004452788924959886,0.005794487558812948,0.016794297674645214,0.006524904135265641,0.02133950556241598,0.012237896815969242,0.008078413773852948
1.5757759,0.00475592113909265,0.0044615851289093135,0.005816779804588697,0.016854900411922658,0.006492791526979918,0.02126854179596339,0.01217040797316307,0.008171930983325087
1.5762414,0.0047195883572035725,0.004470052807076661,0.005838662781841348,0.01691462979999385,0.006460638392735216,0.02119717395461072,0.012103530039313082,0.008265618083145593
1.5767069,0.004683430232770732,0.004478193971626809,0.005860130491775844,0.016973483123363328,0.006428446020016246,0.021125421272584,0.01203726389103231,0.008359439482441906
1.5771724,0.004647449496261725,0.004486010701949237,0.0058811770260963,0.017031457859771514,0.006396215758083013,0.02105330291293222,0.011971610255549622,0.008453359862704325
1.5776379,0.004611648901489133,0.004493505143159068,0.005901796569392132,0.017088551679495245,0.006363949017635044,0.020980837961339684,0.011906569712780595,0.008547344182374472
1.5781034,0.004576031224808529,0.004500679504603544,0.005921983401510528,0.017144762444584273,0.0063316472704266,0.020908045420020508,0.011842142697426675,0.008641357681406664
1.578569,0.004540599264290665,0.004507536058374462,0.005941731899913572,0.017200088208032514,0.006299312048833413,0.02083494420169673,0.011778329501101067,0.008735365885802125
1.5790345,0.004505355838868895,0.0045140771378270545,0.005961036542018281,0.017254527212882783,0.0062669449453714885,0.020761553123661357,0.011715130274479785,0.008829334612115824
1.5795,0.0044703037874628555,0.004520305136105787,0.0059798919075177625,0.017308077891263752,0.006234547612168514,0.020687890901927644,0.011652545029476132,0.008923229971935797
1.5799655,0.004435445968079408,0.004526222504677486,0.00599829268068167,0.017360738863357855,0.006202121760388447,0.020613976145465913,0.011590573641436924,0.009017018376334689
1.580431,0.004400785256891834,0.0045318317518722425,0.00601623365263411,0.017412508936298948,0.006169669159609915,0.020539827350529147,0.01152921585135861,0.009110666540293312
1.5808966,0.004366324547298218,0.004537135441432471,0.00603370972360711,0.01746338710299859,0.006137191637159098,0.02046546289506871,0.011468471268121526,0.00920414148709591
1.5813621,0.004332066748959947,0.004542136191070522,0.006050715905167747,0.01751337254089995,0.006104691077397985,0.02039090103324149,0.011408339370740525,0.009297410552696827
1.5818276,0.004298014786821226,0.004546836671035189,0.006067247322417043,0.017562464610658426,0.006072169420969028,0.020316159890009795,0.011348819510630239,0.00939044139005822
1.5822931,0.004264171600110462,0.00455123960268746,0.006083299216158687,0.017610662854748164,0.0060396286639974525,0.020241257455835163,0.011289910913883306,0.009483201973458477
1.5827586,0.004230540141324348,0.004555347757085825,0.0060988669450356865,0.017657966995993767,0.006007070857252583,0.020166211581467183,0.011231612683559877,0.009575660602770928
1.5832241,0.004197123375195462,0.004559163953581408,0.006113945987633077,0.017704376936026587,0.005974498105269637,0.020091039972828323,0.011173923801986715,0.009667785907712402
1.5836897,0.004163924277644169,0.004562691058423172,0.006128531944544771,0.017749892753665012,0.005941912565433437,0.02001576018599565,0.011116843133064219,0.009759546852061141
1.5841552,0.00413094583471559,0.0045659319833734145,0.006142620540402724,0.017794514703218176,0.005909316447025534,0.01994038962228023,0.011060369424579688,0.009850912737843569
1.5846207,0.004098191041502382,0.004568889684333729,0.006156207625866599,0.017838243212712556,0.005876712010236189,0.019864945523405002,0.011004501310525126,0.009941853209489315
1.5850862,0.0040656629010540415,0.004571567159981594,0.006169289179572156,0.017881078882040838,0.005844101565142659,0.019789444966781953,0.010949237313417962,0.010032338257953903
1.5855517,0.0040333644232733905,0.004573967450417703,0.006181861310036628,0.017923022481032388,0.005811487470655194,0.019713904860889475,0.010894575846622947,0.01012233822480843
1.5860172,0.0040012986238009245,0.0045760936358241475,0.006193920257519407,0.01796407494744464,0.005778872133432114,0.019638341940750894,0.01084051521667364,0.010211823806295543
1.5864828,0.003969468522887601,0.004577948835133529,0.00620546239583638,0.018004237384874725,0.005746258006765345,0.019562772763515226,0.010787053625591804,0.01030076605735094
1.5869483,0.003937877144256658,0.004579536204709087,0.006216484234126305,0.018043511060591,0.005713647589437706,0.019487213704141262,0.010734189173203066,0.010389136395589627
1.5874138,0.003906527513955025,0.0045808589370358865,0.00622698241856765,0.018081897403284402,0.005681043424553312,0.01941168095118614,0.010681919859447211,0.010476906605256072
1.5878793,0.0038754226591948366,0.004581920259423115,0.006236953734044345,0.018119398000740118,0.005648448098342372,0.019336190502699666,0.01063024358668146,0.010564048841137404
1.5883448,0.00384456560718557,0.004582723432717472,0.006246395105758941,0.018156014597430388,0.0056158642389417335,0.019260758162225576,0.010579158161975235,0.010650535632438764
1.5888103,0.0038139593839572905,0.004583271750027649,0.006255303600791737,0.01819174909202965,0.005583294515152468,0.019185399534911052,0.01052866129939499,0.010736339886619794
1.5892759,0.003783607013175494,0.00458356853545982,0.0062636764296044745,0.01822660353485343,0.005550741635175789,0.019110130023725688,0.010478750622277787,0.010821434893191255
1.5897414,0.0037535115149480193,0.00458361714286404,0.006271510947487257,0.01826058012522247,0.005518208345328598,0.019034964825791183,0.010429423665492488,0.01090579432747071
1.5902069,0.003723675904624516,0.0045834209545914505,0.006278804655947379,0.018293681208753756,0.005485697428739984,0.018959918928822976,0.01038067787768746,0.01098939225429615
1.5906724,0.0036941031915889654,0.0045829833802621175,0.006285555204038791,0.018325909274579975,0.005453211704029954,0.018885007107684877,0.01033251062352397,0.011072203131696453
1.5911379,0.0036647963780457576,0.004582307855543328,0.00629176038963094,0.018357266952499063,0.005420754023971705,0.018810243921057804,0.010284919185894586,0.011154201814517506
1.5916034,0.003635758457799873,0.004581397840938163,0.0062974181606157064,0.01838775701005542,0.005388327274138671,0.018735643708223466,0.010237900768126208,0.011235363558002861
1.592069,0.003606992415031747,0.004580256820584151,0.006302526616051212,0.018417382349554503,0.005355934371537575,0.01866122058596388,0.010191452496167482,0.011315664021327653
1.5925345,0.0035785012230674287,0.004578888301061819,0.006307084007241186,0.018446146005012622,0.00532357826322869,0.018586988445577345,0.010145571420760526,0.011395079271084503
1.593,0.003550287843144664,0.004577295810212968,0.006311088738748664,0.01847405113904411,0.0052912619249345216,0.01851296095001146,0.010100254519596901,0.011473585784720023
1.5934655,0.003522355223175558,0.00457548289596851,0.006314539369342744,0.018501101039688425,0.0052589883596380425,0.018439151531113727,0.010055498699457911,0.011551160453920415
1.593931,0.0034947062965065036,0.004573453125185704,0.006317434612877177,0.018527299117180106,0.0052267605961716715,0.01836557338700017,0.01001130079833931,0.011627780587944612
1.5943966,0.0034673439806760732,0.004571210082494628,0.00631977333909957,0.01855264890066468,0.005194581687798086,0.018292239479542442,0.009967657587560531,0.011703423916903308
1.5948621,0.003440271176171558,0.004568757369153732,0.00632155457439002,0.01857715403486374,0.005162454710783976,0.018219162531973625,0.009924565773858566,0.011778068594982118
1.5953276,0.0034134907651848564,0.004566098601914308,0.0063227775024280635,0.01860081827669244,0.005130382762967795,0.01814635502661314,0.009882022001466559,0.01185169320360704
1.5957931,0.003387005610368375,0.004563237411893743,0.006323441464786926,0.01862364549183267,0.005098368962322566,0.0180738292027109,0.00984002285417722,0.011924276754550305
1.5962586,0.003360818553591594,0.004560177443457382,0.0063235459614541505,0.01864563965126512,0.0050664164455148115,0.018001597054410918,0.009798564857391076,0.011995798692974676
1.5967241,0.0033349324146989337,0.00455692235310891,0.006323090651277754,0.01866680482776376,0.005034528366460647,0.01792967032883453,0.009757644480149562,0.012066238900414104
1.5971897,0.0033093499902695635,0.004553475808389156,0.006322075352337177,0.01868714519235597,0.0050027078948801,0.017858060524283334,0.009717258137152976,0.012135577697688653
1.5976552,0.0032840740523797664,0.004549841486783288,0.00632050004223834,0.01870666501075179,0.004970958214850669,0.017786778888561977,0.009677402190763209,0.012203795847751431
1.5981207,0.0032591073473685036,0.004546023074636379,0.0063183648583322325,0.018725368639745655,0.0049392825233611605,0.017715836417420975,0.009638072952991216,0.012270874558465228
1.5985862,0.003234452594606812,0.0045420242660773645,0.006315670097856531,0.01874326052359418,0.004907684028866787,0.017645243853119736,0.009599266687469146,0.012336795485306452
1.5990517,0.003210112485271658,0.00453784876195141,0.006312416217999816,0.01876034519037341,0.004876165949846513,0.017575011683110056,0.009560979611407021,0.012401540733993858
1.5995172,0.003186089681124855,0.0045335002687607396,0.006308603835888036,0.01877662724831918,0.004844731513363596,0.017505150138840332,0.009523207897533834,0.012465092863039496
1.5999828,0.0031623868132976463,0.004528982497613949,0.006304233728492944,0.018792111382154232,0.0048133839536302625,0.017435669194680817,0.009485947676022904,0.012527434886219213
1.6004483,0.0031390064810815277,0.004524299163183828,0.006299306832462301,0.01880680234940583,0.0047821265105773975,0.017366578566970197,0.009449195036401261,0.012588550274959944
1.6009138,0.003115951250725862,0.004519453982673738,0.006293824243871718,0.018820704976717593,0.004750962428430107,0.017297887713183652,0.009412946029442754,0.012648422960640974
1.6013793,0.0030932236542428266,0.00451445067479257,0.006287787217898092,0.018833824156159307,0.004719894954289975,0.017229605831222506,0.009377196669044569,0.012707037336806271
1.6018448,0.0030708261882202103,0.004509292958738324,0.006281197168414638,0.0188461648415385,0.0046889273367247825,0.01716174185882536,0.009341942934086694,0.012764378261284855
1.6023103,0.0030487613126425938,0.004503984553190366,0.0062740556675076175,0.018857732044717485,0.004658062824366445,0.017094304473100504,0.009307180770273865,0.012820431058216153
1.6027759,0.003027031449721421,0.004498529175310414,0.006266364444914949,0.018868530831939588,0.004627304664517845,0.017027302090179258,0.009272906091959505,0.01287518151997722
1.6032414,0.0030056389827344894,0.004492930539752317,0.006258125387386921,0.01887856632016823,0.0045966561017692625,0.01696074286498971,0.009239114783951063,0.012928615909008657
1.6037069,0.0029845862548753825,0.0044871923576806985,0.006249340537969342,0.018887843673442397,0.0045661203766250436,0.016894634691150198,0.009205802703296259,0.012980720959536108
1.6041724,0.0029638755681133722,0.004481318335798531,0.0062400120952095335,0.01889636809925196,0.004535700724141135,0.016828985200981788,0.009172965681049602,0.013031483879184213
1.6046379,0.0029435091820643232,0.0044753121753837175,0.006230142412285655,0.01890414484493622,0.004505400372574116,0.016763801765638728,0.009140599524018621,0.013080892350479819
1.6051034,0.0029234893128731194,0.004469177571334761,0.006219733996059946,0.018911179194108813,0.0044752225420423165,0.01669909149535587,0.009108700016489106,0.013128934532241327
1.605569,0.0029038181321081563,0.0044629182112255915,0.006208789506056536,0.018917476463112128,0.004445170443199616,0.01663486123981187,0.00907726292192871,0.01317559906085091
1.6060345,0.0028844977656684047,0.0044565377743696075,0.00619731175336459,0.018923041997504036,0.0044152472759225216,0.016571117588606757,0.009046283984668219,0.013220875051406268
1.6065,0.002865530292703556,0.004450039930892978,0.00618530369946763,0.018927881168579665,0.004385456228011111,0.016507866871852503,0.009015758931559812,0.013264752098748564
1.6069655,0.002846917744547743,0.004443428340817214,0.006172768455000002,0.018931999369930837,0.0043558004739044495,0.016445115160875014,0.008985683473611587,0.013307220278362985
1.607431,0.0028286621036673035,0.004436706653150994,0.006159709278431476,0.018935402014045564,0.004326283173411079,0.01638286826902597,0.008956053307597666,0.013348270147148365
1.6078966,0.002810765302623064,0.0044298785049912215,0.0061461295746811076,0.01893809452894988,0.004296907470455225,0.016321131752602767,0.008926864117643226,0.01338789274405221
1.6083621,0.0027932292230475795,0.004422947520633264,0.006132032893661454,0.018940082354894187,0.0042676764918393355,0.016259910911874835,0.008898111576783788,0.013426079590567427
1.6088276,0.0027760556946377795,0.004415917310690296,0.006117422928754337,0.01894137094108608,0.004238593346023558,0.01619921079221434,0.008869791348498114,0.013462822691087088
1.6092931,0.00275924649416344,0.004408791471221681,0.006102303515219405,0.018941965742471516,0.004209661121922733,0.016139036185329345,0.008841899088214039,0.01349811453311365
1.6097586,0.0027428033444918784,0.004401573582870287,0.006086678628536817,0.018941872216566204,0.004180882887721477,0.016079391630597302,0.00881443044478647,0.013531948087319045
1.6102241,0.002726727913629263,0.004394267210008615,0.006070552382685434,0.018941095820338753,0.004152261689707858,0.01602028141649666,0.008787381061946816,0.0135643168074522
1.6106897,0.0027110218137788938,0.004386875899893622,0.006053929028357987,0.01893964200714714,0.004123800551126155,0.01596170958213428,0.008760746579722974,0.013595214630090726
1.6111552,0.002695686600416801,0.004379403181830102,0.006036812951114768,0.018937516223729987,0.004095502471049176,0.015903679918866268,0.00873452263582907,0.013624635974233645
1.6116207,0.002680723771384994,0.004371852566342497,0.006019208669477443,0.018934723907253915,0.0040673704232705435,0.015846195972009824,0.00870870486702413,0.01365257574073229
1.6120862,0.0026661347660026794,0.004364227544355023,0.0060011208329646855,0.01893127048241825,0.00403940735521736,0.01578926104264375,0.008683288910438937,0.013679029311556639
1.6125517,0.0026519209641957366,0.004356531586380015,0.0059825542200713415,0.018927161358618157,0.004011616186883648,0.015732878189495317,0.008658270404870315,0.013703992548894676
1.6130172,0.0026380836856447418,0.004348768141714429,0.005963513736192891,0.01892240192716724,0.003983999809784916,0.015677050230911205,0.00863364499204224,0.013727461794082674
1.6134828,0.002624624188951793,0.004340940637644464,0.0059440044114969885,0.01891699755858059,0.0039565610859342145,0.01562177974691024,0.008609408317833108,0.013749433866364829
1.6139483,0.002611543670826392,0.004333052478658329,0.005924031398743911,0.018910953599919334,0.003929302846840015,0.015567069081315794,0.008585556033468599,0.013769906061481091
1.6144138,0.002598843265290616,0.004325107045667207,0.005903599971057732,0.018904275372197764,0.003902227892526223,0.01551292034396549,0.00856208379667961,0.013788876150082417
1.6148793,0.0025865240429038183,0.004317107695234552,0.005882715519650126,0.01889696816785407,0.0038753389905746235,0.015459335412995944,0.008538987272824749,0.013806342375972948
1.6153448,0.0025745870100070973,0.0043090577588138675,0.0058613835514986735,0.018889037248285723,0.0038486388751900378,0.015406315937200172,0.008516262135976947,0.01382230345417897
1.6158103,0.0025630331079877864,0.0043009605419951705,0.005839609686981611,0.018880487841450497,0.0038221302462884774,0.01535386333845521,0.008493904069973763,0.013836758568844905
1.6162759,0.002551863212564222,0.004292819323760371,0.00581739965747095,0.018871325139534115,0.003795815768608573,0.015301978814217503,0.008471908769431071,0.013849707370956954
1.6167414,0.0025410781330910555,0.00428463735574782,0.005794759302885948,0.018861554296685394,0.0037696980708465397,0.015250663340083593,0.008450271940719893,0.013861149975895328
1.6172069,0.0025306786118853707,0.004276417861526344,0.005771694569208922,0.018851180426819863,0.003743779744814938,0.015199917672413693,0.008428989302906113,0.013871086960816313
1.6176724,0.00252066532357386,0.004268164035879077,0.00574821150596539,0.01884020860149286,0.003718063344625477,0.015149742351015764,0.008408056588652839,0.013879519361865543
1.6181379,0.002511038874461302,0.004259879044097481,0.005724316263670529,0.018828643847843256,0.0036925513858960817,0.015100137701887723,0.008387469545085088,0.013886448671223942
1.6186034,0.002501799801920564,0.004251566021285947,0.005700015091243956,0.018816491146609143,0.0036672463449824414,0.01505110384001551,0.008367223934616445,0.013891876833987888
1.619069,0.002492948573804346,0.004243228071677388,0.005675314333394783,0.018803755430216902,0.0036421506582342525,0.0150026406722247,0.008347315535737294,0.013895806244885135
1.6195345,0.002484485587878854,0.004234868267960276,0.005650220427978924,0.018790441580945234,0.003617266721276342,0.014954747900083463,0.008327740143764154,0.013898239744828228
1.62,0.002476411171279583,0.004226489650617554,0.005624739903330578,0.0187765544291657,0.0035925968883148583,0.014907425022854614,0.008308493571549622,0.013899180617307261
1.6204655,0.0024687255799893826,0.0042180952272778864,0.0055988793755698315,0.01876209875166136,0.0035681434714686876,0.014860671340494628,0.0082895716501524,0.013898632584624006
1.620931,0.0024614289983389674,0.004209687972079685,0.005572645545888292,0.01874707927002482,0.0035439087401262547,0.014814485956697536,0.008270970229466913,0.013896599803969668
1.6213966,0.0024545215385300455,0.004201270825048344,0.005546045197814662,0.018731500649137024,0.0035198949203278404,0.014768867781981814,0.00825268517881204,0.013893086863348628
1.6218621,0.00244800324018124,0.004192846691487112,0.0055190851944621165,0.018715367495727872,0.0034961041941735283,0.014723815536818409,0.008234712387478547,0.01388809877735061
1.6223276,0.0024418740698969764,0.004184418441381997,0.005491772475759362,0.018698684357019598,0.0034725386992568836,0.01467932775479829,0.008217047765234901,0.013881640982773757
1.6227931,0.0024361339208595063,0.004175988908821072,0.005464114055667202,0.018681455719453746,0.0034492005281244477,0.014635402785837972,0.008199687242791178,0.013873719334101165
1.6232586,0.0024307826124442314,0.004167560891428537,0.005436117019382428,0.018663686007502372,0.003426091727761109,0.014592038799421466,0.008182626772220829,0.013864340098833534
1.6237241,0.0024258198898584635,0.004159137149813858,0.005407788520530821,0.01864537958256394,0.003403214299101391,0.014549233787877147,0.008165862327340134,0.013853509952680728
1.6241897,0.002421245423803739,0.004150720407036278,0.005379135778350995,0.018626540741944253,0.0033805701965666833,0.014506985569687908,0.00814938990404522,0.01384123597461501
1.6246552,0.0024170588101617954,0.004142313348084979,0.005350166074870815,0.018607173717922566,0.0033581613276283916,0.014465291792832992,0.008133205520606656,0.013827525641788917
1.6251207,0.002413259569704283,0.004133918619375146,0.0053208867520780495,0.01858728267690296,0.0033359895523970037,0.014424149938159742,0.008117305217921773,0.013812386824320583
1.6255862,0.002409847147826278,0.004125538828260188,0.005291305209086917,0.018566871718650783,0.003314056683237038,0.014383557322783461,0.008101685059725085,0.01379582777994941
1.6260517,0.0024068209143036454,0.004117176542560322,0.005261428899302107,0.01854594487561392,0.003292364484407835,0.014343511103513538,0.008086341132757257,0.013777857148564844
1.6265172,0.002404180163074294,0.004108834290107736,0.005231265327581861,0.018524506112328528,0.003270914671730174,0.01430400828030398,0.008071269546893219,0.013758483946611114
1.6269828,0.0024019241120433557,0.0041005145583085205,0.005200822047401632,0.018502559324908633,0.003249708912278668,0.01426504569972654,0.008056466435230003,0.013737717561370754
1.6274483,0.0024000519029123172,0.004092219793721556,0.0051701066580198485,0.01848010834061893,0.0032287488240998834,0.014226620058464524,0.008041927954134937,0.013715567745129767
1.6279138,0.002398562601032138,0.004083952401654505,0.0051391268016472294,0.018457156917529957,0.003208035975956117,0.014188727906825464,0.00802765028325486,0.013692044609227511
1.6283793,0.0023974551952803576,0.0040757147457770775,0.0051078901606211305,0.018433708744254686,0.003187571887094726,0.01415136565227066,0.00801362962548709,0.013667158617994488
1.6288448,0.002396728597962194,0.004067509147751695,0.0050764044545863396,0.01840976743976552,0.003167358027042889,0.01411452956295959,0.007999862206912916,0.013640920582581598
1.6293103,0.002396381644735624,0.004059337886881662,0.005044677437683722,0.018385336553290523,0.003147395815427651,0.014078215771307112,0.007986344276694436,0.013613341654684696
1.6297759,0.002396413094560422,0.004051203199776926,0.005012716895748085,0.01836041956428763,0.003127686621821079,0.014042420277551305,0.007973072106935696,0.013584433320168544
1.6302414,0.0023968216296711355,0.004043107280037476,0.004980530643516614,0.018335019882495484,0.0031082317656103424,0.014007138953329737,0.007960041992509057,0.01355420739259446
1.6307069,0.002397605855573969,0.004035052277954411,0.0049481265218491825,0.018309140848059485,0.003089032515892503,0.013972367545261963,0.007947250250847825,0.01352267600665621
1.6311724,0.0023987643010675444,0.004027040300228647,0.0049155123949618145,0.01828278573173147,0.003070090091393809,0.013938101678536024,0.007934693221706231,0.013489851611528903
1.6316379,0.0024002954182874973,0.004019073409707222,0.004882696147674527,0.018255957735141423,0.003051405660413253,0.01390433686049668,0.007922367266887822,0.013455746964135769
1.6321034,0.002402197582774864,0.0040111536251371364,0.004849685682674764,0.018228659991139606,0.003032980340790186,0.013871068484233246,0.007910268769943345,0.013420375122337729
1.632569,0.0024044690935681946,0.004003282920936587,0.004816488917797582,0.018200895564207436,0.0030148151998957455,0.01383829183216495,0.00789839413583917,0.013383749438050768
1.6330345,0.0024071081733193288,0.003995463226983481,0.0047831137833237,0.01817266745093546,0.002996911254647863,0.013806002079621944,0.007886739790597199,0.013345883550296055
1.6335,0.0024101129684327453,0.003987696428421038,0.0047495682192965055,0.018143978580566822,0.0029792694715495985,0.013774194298420157,0.007875302180907297,0.013306791378187788
1.6339655,0.002413481549228398,0.003979984365480281,0.00471586017285905,0.018114831815604738,0.002961890766750533,0.013742863460428554,0.007864077773713216,0.013266487113863724
1.634431,0.002417211910127922,0.003972328833319171,0.004681997595612023,0.01808522995248248,0.0029447760061309157,0.013712004441127452,0.007853063055773074,0.013224985215363258
1.6348966,0.0024213019698641,0.00396473158187813,0.004647988440993692,0.018055175722294547,0.0029279260054082693,0.013681612023156717,0.007842254533195587,0.013182300399457995
1.6353621,0.002425749571713446,0.0039571943157516755,0.004613840661682715,0.018024671791587676,0.0029113415302661253,0.013651680899852829,0.007831648730953369,0.013138447634439505
1.6358276,0.00243055248375178,0.00394971869407589,0.004579562207024723,0.017993720763210413,0.0028950232965045787,0.013622205678773884,0.007821242192374766,0.013093442132868977
1.6362931,0.0024357083991326136,0.003942306330431444,0.004545161020483524,0.017962325177219872,0.0028789719702123355,0.013593180885211513,0.007811031478615783,0.013047299344293403
1.6367586,0.0024412149363881963,0.003934958792761937,0.0045106450371177635,0.017930487511844385,0.0028631881679599307,0.013564600965688643,0.00780101316811377,0.013000034947932722
1.6372241,0.0024470696397530284,0.003927677603307315,0.004476022181083812,0.017898210184500808,0.0028476724570138012,0.013536460291442001,0.0077911838560245725,0.012951664845342315
1.6376897,0.002453269979509678,0.003920464238552113,0.0044413003631656595,0.017865495552865332,0.0028324253555708874,0.013508753161888086,0.007781540153644825,0.012902205153055133
1.6381552,0.002459813352356721,0.003913320129188326,0.004406487478332526,0.017832345915996736,0.0028174473330134227,0.013481473808071378,0.00777207868782103,0.012851672195207622
1.6386207,0.002466697081798652,0.0039062466600926593,0.004371591403324896,0.017798763515511077,0.0028027388101835803,0.01345461639609348,0.007762796100347028,0.012800082496153548
1.6390862,0.0024739184185576272,0.0038992451703179646,0.004336619994269654,0.017764750536806803,0.002788300159677614,0.01342817503052214,0.007753689047351439,0.012747452773069738
1.6395517,0.002481474541006929,0.0038923169530986775,0.004301581084324953,0.017730309110339366,0.002774131706159127,0.013402143757779147,0.007744754198676571,0.012693799928557683
1.6400172,0.00248936255562605,0.0038854632558700686,0.004266482481355441,0.017695441312944333,0.002760233726691086,0.013376516569506327,0.0077359882372503,0.012639141043244914
1.6404828,0.0024975794974773403,0.003878685280301166,0.00423133196563843,0.01766014916920812,0.0027466064510861823,0.013351287405909028,0.007727387858452372,0.012583493368389933
1.6409483,0.0025061223307041563,0.0038719841823412447,0.004196137287601567,0.017624434652885337,0.0027332500622751317,0.013326450159076613,0.007718949769476576,0.012526874318494429
1.6414138,0.00251498794905048,0.003865361072279804,0.004160906165592532,0.017588299688361737,0.0027201646966925268,0.01330199867627951,0.007710670688690207,0.012469301463926413
1.6418793,0.0025241731764019783,0.003858817014819996,0.004125646283681249,0.01755174615216155,0.002707350444679824,0.013277926763242484,0.007702547344992196,0.012410792523557822
1.6423448,0.0025336747673484917,0.003852353029165496,0.004090365289495049,0.017514775874498026,0.002694807350905049,0.01325422818739374,0.007694576477171305,0.012351365357419994
1.6428103,0.002543489407767953,0.00384597008912084,0.004055070792087211,0.017477390640865786,0.0026825354147987984,0.013230896681089493,0.007686754833265728,0.012291037959380339
1.6432759,0.002553613715431757,0.0038396691232052724,0.004019770359839262,0.017439592193673647,0.0026705345910061043,0.013207925944813527,0.007679079169925404,0.01222982844984341
1.6437414,0.0025640442406316024,0.0038334510147801843,0.003984471518397416,0.01740138223391642,0.002658804789853719,0.013185309650351246,0.007671546251778297,0.012167755068479504
1.6442069,0.0025747774668278536,0.0038273166021901995,0.0039491817486434965,0.01736276242288422,0.0026473458778323864,0.013163041443937743,0.007664152850801879,0.012104836166983783
1.6446724,0.0025858098113194674,0.0038212666789179694,0.003913908484700705,0.01732373438390776,0.0026361576780936495,0.013141114949379239,0.0076568957457009675,0.012041090201868884
1.6451379,0.002597137625935539,0.003815301993752721,0.003878659111974582,0.017284299704138154,0.0026252399709607447,0.013119523771147284,0.007649771721293046,0.011976535727293873
1.6456034,0.0026087571977484983,0.003809423250972589,0.0038434409652295287,0.01724445993635964,0.002614592494453106,0.013098261497444967,0.007642777567902183,0.011911191387932361
1.646069,0.002620664749809002,0.0038036311105407393,0.0038082613267012328,0.0172042166008337,0.002604214944823997,0.01307732170324437,0.007635910080762598,0.011845075911882469
1.6465345,0.0026328564419025274,0.003797926188315299,0.003773127424245374,0.01716357118717299,0.002594106977110764,0.01305669795329439,0.00762916605943288,0.011778208103621327
1.647,0.0026453283713276654,0.003792309056273106,0.003738046429522947,0.017122525156243528,0.002584268205697172,0.013036383805098027,0.007622542307221841,0.011710606837006724
1.6474655,0.0026580765736960985,0.0037867802427472893,0.0037030254562225554,0.01708107994209337,0.0025746982048872845,0.013016372811858199,0.007616035630626941,0.011642291048328434
1.647931,0.0026710970237542333,0.0037813402326787016,0.0036680715583200124,0.017039236953906127,0.002565396509490313,0.012996658525391152,0.007609642838786193,0.011573279729411697
1.6483966,0.00268438563622646,0.0037759894678812177,0.0036331917283755634,0.0169969975779775,0.002556362615415869,0.012977234499006528,0.007603360742944418,0.011503591920775274
1.6488621,0.002697938266680022,0.003770728347320913,0.003598392895869024,0.016954363179713074,0.002547595980279028,0.01295809429035318,0.007597186155934664,0.01143324670484646
1.6493276,0.002711750712411471,0.00376555722740911,0.0035636819255730865,0.01691133510564557,0.002539096024014623,0.012939231464229841,0.007591115891675669,0.01136226319923537
1.6497931,0.0027258187133547217,0.003760476422309259,0.0035290656159650507,0.01686791468546955,0.002530862129500189,0.012920639595359744,0.007585146764686142,0.01129066055007077
1.6502586,0.002740137953010697,0.003755486204257599,0.003494550697677186,0.016824103234091684,0.002522893643186973,0.012902312271128352,0.00757927558961669,0.011218457925399657
1.6507241,0.002754704059398593,0.0037505868038975156,0.0034601438319858987,0.01677990205369456,0.0025151898757384446,0.012884243094283326,0.00757349918080015,0.011145674508652751
1.6511897,0.0027695126060287827,0.0037457784106275246,0.0034258516093398812,0.01673531243581201,0.002507750102675725,0.01286642568559577,0.007567814351821074,0.011072329492177969
1.6516552,0.0027845591128974,0.003741061172962762,0.0033916805479273504,0.016690335663413894,0.002500573565029367,0.012848853686481854,0.007562217915105085,0.010998442070843963
1.6521207,0.002799839047502648,0.0037364351989098905,0.0033576370922824774,0.01664497301299824,0.002493659469996909,0.012831520761584014,0.007556706681528818,0.010924031435715669
1.6525862,0.0028153478258828835,0.0037319005563552963,0.0033237276119310794,0.016599225756688624,0.0024870069916056174,0.012814420601310997,0.007551277460051074,0.010849116767803809
1.6530517,0.0028310808136765395,0.0037274572734664418,0.0032899584000756162,0.016553095164334484,0.0024806152713798216,0.01279754692433619,0.007545927057365837,0.010773717231890231
1.6535172,0.002847033327203947,0.0037231053391062197,0.0032563356723195234,0.016506582505611968,0.002474483419012272,0.012780893480053674,0.007540652277577743,0.010697851970430928
1.6539828,0.0028632006345711094,0.0037188447032601266,0.0032228655654308867,0.01645968905212291,0.002468610513038961,0.012764454050991513,0.007535449921900578,0.010621540097538483
1.6544483,0.0028795779567954583,0.003714675277476051,0.003189554136145448,0.016412416079489275,0.0024629956015168935,0.012748222455181703,0.007530316788379364,0.010544800693045706
1.6549138,0.0028961604689536286,0.003710596935316443,0.003156407360008914,0.016364764869440603,0.0024576377027043157,0.012732192548486156,0.007525249671636534,0.010467652796652082
1.6553793,0.0029129433013512416,0.003706609512822615,0.003123431130258507,0.01631673671189186,0.002452535805742947,0.012716358226878149,0.00752024536264265,0.010390115402154645
1.6558448,0.002929921540714685,0.003702712808990896,0.0030906312567436814,0.01626833290700919,0.0024476888713417647,0.012700713428678652,0.007515300648512074,0.010312207451764737
1.6563103,0.002947090231404851,0.0036989065862603255,0.0030580134648858976,0.016219554767261068,0.00244309583246191,0.01268525213674692,0.0075104123123239455,0.010233947830512112
1.6567759,0.0029644443766527724,0.003695190571011568,0.0030255833946773217,0.016170403619452354,0.0024387555950022995,0.012669968380624792,0.007505577132968786,0.010155355360737677
1.6572414,0.0029819789398170776,0.003691564454076698,0.0029933465997182863,0.016120880806738777,0.002434667038485552,0.012654856238634186,0.007500791885020968,0.010076448796676149
1.6577069,0.0029996888456631544,0.0036880278912595063,0.00296130854629334,0.01607098769061932,0.0024308290167438496,0.012639909839927242,0.007496053338637285,0.009997246819129786
1.6581724,0.0030175689816638886,0.003684580503865939,0.002929474612485674,0.016020725652904022,0.0024272403586043613,0.012625123366488666,0.0074913582594817955,0.009917768030234283
1.6586379,0.0030356141993218237,0.0036812218792442943,0.0028978500873297203,0.015970096097654544,0.002423899868573867,0.012610491055089927,0.007486703408677068,0.009838030948317856
1.6591034,0.003053819315512567,0.0036779515713347647,0.0028664401700017063,0.01591910045309499,0.0024208063275222196,0.012596007199195071,0.007482085542781903,0.00975805400285452
1.659569,0.0030721791138492473,0.003674769101227886,0.002835249969047937,0.015867740173490363,0.0024179584933642674,0.012581666150818066,0.007477501413795563,0.009677855529512452
1.6600345,0.003090688346067792,0.0036716739577314435,0.0028042845016505898,0.015816016740990216,0.0024153551017398684,0.012567462322331708,0.007472947769188479,0.009597453765298263
1.6605,0.003109341733432804,0.003668665597945361,0.00277354869293079,0.015763931667435217,0.0024129948666915973,0.012553390188228174,0.007468421351959385,0.009516866843797956
1.6609655,0.0031281339681637718,0.0036657434478440843,0.0027430473752887356,0.01571148649612456,0.0024108764813397456,0.012539444286831344,0.007463918900718715,0.009436112790515245
1.661431,0.0031470597148813392,0.0036629069028660008,0.002712785287780645,0.015658682803542257,0.002408998618554185,0.012525619221961024,0.007459437149798097,0.009355209518307827
1.6618966,0.0031661136120733333,0.0036601553285094393,0.00268276707553228,0.015605522201040584,0.002407359931622662,0.012511909664549148,0.007454972829385687,0.009274174822922157
1.6623621,0.0031852902735802205,0.003657488060934802,0.002652997289188813,0.015552006336478854,0.0024059590549150717,0.01249831035420808,0.007450522665687061,0.009193026378627229
1.6628276,0.003204584290099648,0.0036549044075724164,0.002623480384400789,0.015498136895815867,0.002404794604543285,0.012484816100751191,0.007446083381111384,0.0091117817339478
1.6632931,0.0032239902307097004,0.0036524036477356874,0.002594220721345929,0.015443915604654357,0.0024038651790160843,0.012471421785665989,0.00744165169448254,0.009030458307497439
1.6637586,0.0032435026444104687,0.0036499850332391216,0.0025652225642864945,0.015389344229735837,0.00240316935988882,0.012458122363540105,0.007437224321274985,0.008949073383911718
1.6642241,0.0032631160616835263,0.003647647789020809,0.002536490081161943,0.015334424580384282,0.0024027057124073894,0.012444912863440601,0.0074327979738740375,0.008867644109881806
1.6646897,0.0032828249960688643,0.0036453911137689426,0.002508027343216579,0.015279158509897126,0.0024024727861461886,0.012431788390246959,0.007428369361860391,0.00878618749028866
1.6651552,0.003302623945758833,0.0036432141805519498,0.002479838324661896,0.015223547916882267,0.0024024691156397035,0.012418744125938222,0.0074239351923187135,0.008704720384437953
1.6656207,0.0033225073952086173,0.003641116137451806,0.002451926902373276,0.015167594746539951,0.002402693221007448,0.012405775330834617,0.007419492170170255,0.00862325950239579
1.6660862,0.0033424698167627454,0.0036390961082000874,0.002424296855620703,0.015111300991888753,0.002403143608571982,0.012392877344793864,0.007415036998529464,0.008541821401425181
1.6665517,0.0033625056722971225,0.0036371531928163624,0.0023969518658331305,0.015054668694935193,0.0024038187714697694,0.012380045588362434,0.007410566379084631,0.00846042248252324
1.6670172,0.003382609414876053,0.0036352864682484935,0.002369895516396113,0.014997699947786821,0.0024047171902546473,0.012367275563881813,0.007406077012502584,0.008379078987058957
1.6674828,0.0034027754904236776,0.0036334949890144412,0.0023431312924823036,0.01494039689370883,0.002405837333493657,0.012354562856549822,0.007401565598857385,0.008297806993511375
1.6679483,0.0034229983394092455,0.0036317777878451672,0.002316662580914411,0.0148827617281244,0.0024071776583550002,0.012341903135436982,0.007397028838083031,0.008216622414307945
1.6684138,0.0034432723985456195,0.0036301338763282142,0.0022904926700601886,0.014824796699559053,0.0024087366111878476,0.012329292154457836,0.007392463430450036,0.008135540992762794
1.6688793,0.0034635921025003976,0.0036285622455515245,0.0022646247497590394,0.014766504110529372,0.0024105126280937134,0.012316725753297066,0.007387866077065815,0.008054578300114575
1.6693448,0.0034839518856190376,0.003627061866747028,0.002239061911279789,0.014707886318376369,0.0024125041354891054,0.012304199858290208,0.007383233480398743,0.007973749732663543
1.6698103,0.003504346183659353,0.0036256316919335133,0.0022138071473091978,0.014648945736043768,0.0024147095506591456,0.012291710483258582,0.007378562344825753,0.0078930705090074
1.6702759,0.00352476943553675,0.0036242706545582763,0.002188863351970766,0.014589684832801519,0.0024171272823018614,0.012279253730298098,0.00737384937720333,0.007812555667375421
1.6707414,0.0035452160850795514,0.003622977670137015,0.0021642333208734027,0.014530106134914768,0.0024197557310628565,0.012266825790521517,0.007369091287461704,0.0077322200630602885
1.6712069,0.003565680582793747,0.0036217516368914496,0.0021399197511895243,0.014470212226258689,0.0024225932900600834,0.01225442294475364,0.007364284789222049,0.007652078365947102
1.6716724,0.003586157387636489,0.003620591436384112,0.0021159252417621613,0.014410005748879729,0.0024256383453984546,0.01224204156417895,0.007359426600436447,0.007572145058138923
1.6721379,0.0036066409687976224,0.0036194959341497844,0.0020922522932406377,0.014349489403504192,0.002428889276674026,0.012229678110941108,0.007354513444050352,0.0074924344316782306
1.6726034,0.0036271258074885384,0.003618463980323063,0.0020689033082443966,0.014288665949995378,0.002432344457467491,0.012217329138693857,0.007349542048687265,0.007412960586363646
1.673069,0.0036476063987375975,0.003617494410261537,0.002045880591554545,0.014227538207760754,0.0024360022558267123,0.012204991293102657,0.007344509149355252,0.0073337374276613
1.6735345,0.0036680772531913473,0.0036165860451641083,0.0020231863503326663,0.014166109056110767,0.002439861034738009,0.012192661312296493,0.007339411488174985,0.007254778664710262
1.674,0.0036885328989207486,0.003615737692683965,0.0020008226943664647,0.014104381434570863,0.002443919152585918,0.012180336027269242,0.007334245815128913,0.0071760978084214715
1.6744655,0.003708967883231586,0.0036149481475357655,0.0019787916363417798,0.01404235834314829,0.002448174963601159,0.012168012362229957,0.0073290088888312045,0.0070977081696697066
1.674931,0.003729376774478217,0.003614216192096594,0.001957095092140512,0.013980042842555123,0.0024526268182965545,0.012155687334901548,0.007323697477318132,0.0070196228575781
1.6753966,0.003749754163879783,0.003613540597000254,0.0019357348811639757,0.013917438054388918,0.002457273063890657,0.012143358056767322,0.007318308358858592,0.006941854777894764
1.6758621,0.0037700946673379712,0.003612920121724518,0.001914712726681189,0.013854547161272329,0.00246211204471886,0.01213102173326494,0.007312838322784497,0.006864416631461012
1.6763276,0.0037903929272553945,0.0036123535151709398,0.00189403025620161,0.013791373406952979,0.002467142102631791,0.012118675663927443,0.007307284170340753,0.006787320912770655
1.6767931,0.0038106436143536377,0.0036118395162368644,0.0018736890018718284,0.013727920096364882,0.0024723615773808005,0.012106317242470993,0.007301642715554549,0.0067105799086198065
1.6772586,0.003830841429489989,0.0036113768543792795,0.0018536904008957318,0.01366419059565269,0.002477768806990416,0.012093943956828914,0.007295910786123665,0.006634205696846536
1.6777241,0.0038509811054718824,0.003610964250170159,0.0018340357959776721,0.013600188332159934,0.002483362128117645,0.012081553389131621,0.007290085224323482,0.006558210145159706
1.6781897,0.0038710574088680586,0.0036106004158429532,0.001814726435788188,0.013535916794382435,0.002489139876398046,0.012069143215631944,0.007284162887932346,0.006482604910056241
1.6786552,0.003891065141815447,0.0036102840558298577,0.0017957634754518484,0.013471379531887885,0.002495100386778492,0.012056711206575312,0.007278140651174927,0.006407401435826039
1.6791207,0.003910999143820741,0.0036100138672894946,0.0017771479770567953,0.01340658015520252,0.00250124199383656,0.012044255226014391,0.007272015405683153,0.006332610953643717
1.6795862,0.003930854293555637,0.0036097885406246406,0.0017588809101855818,0.013341522335665776,0.002507563032086492,0.012031773231567849,0.007265784061474258,0.006258244480746285
1.6800517,0.003950625510644685,0.0036096067599895964,0.0017409631524668882,0.013276209805253618,0.002514061836271689,0.012019263274123167,0.007259443547945413,0.006184312819695884
1.6805172,0.003970307757444682,0.0036094672037867846,0.0017233954901477021,0.01321064635637129,0.0025207367416437243,0.012006723497483687,0.007252990814884345,0.006110826557726606
1.6809828,0.003989896040814573,0.003609368545152149,0.0017061786186855386,0.013144835841616158,0.0025275860842278925,0.011994152137960323,0.007246422833495321,0.006037796066174451
1.6814483,0.004009385413874787,0.0036093094524289214,0.0016893131433602694,0.01307878217351127,0.002534608201075341,0.011981547523908696,0.0072397365974397705,0.005965231499989376
1.6819138,0.004028770977754958,0.0036092885896293323,0.0016727995799051356,0.013012489324210268,0.0025418014305018436,0.011968908075212593,0.007232929123890804,0.005893142797328386
1.6823793,0.004048047883328973,0.0036093046168838424,0.0016566383551565192,0.012945961325174213,0.0025491641123133266,0.011956232302714835,0.007225997454600809,0.005821539679228542
1.6828448,0.004067211332936291,0.0036093561908774885,0.0016408298077220608,0.012879202266820928,0.0025566945880182595,0.011943518807596618,0.007218938656981295,0.005750431649358755
1.6833103,0.004086256582088447,0.003609441965272957,0.00162537418866672,0.012812216298147397,0.0025643912010270497,0.011930766280706445,0.0072117498251940805,0.005679827993849157
1.6837759,0.004105178941159652,0.0036095605911199997,0.0016102716622163704,0.012745007626325747,0.002572252296838583,0.011917973501839664,0.007204428081252891,0.005609737781196823
1.6842414,0.004123973777060362,0.0036097107172508094,0.0015955223064785151,0.012677580516273235,0.002580276223214047,0.011905139338969717,0.007196970576134458,0.005540169862246638
1.6847069,0.004142636514892666,0.0036098909906609853,0.0015811261141797043,0.01260993929019667,0.002588461330338158,0.011892262747432046,0.007189374490898153,0.005471132870246008
1.6851724,0.004161162639586319,0.00361010005687571,0.0015670829934192148,0.012542088327111572,0.002596805970967905,0.011879342769061661,0.007181637037813186,0.005402635220972207
1.6856379,0.004179547697514197,0.003610336560300798,0.001553392768438545,0.012474032062336325,0.0026053085005689194,0.011866378531285249,0.007173755461492405,0.005334685112931076
1.6861034,0.0041977872980859185,0.0036105991445583075,0.0015400551804062594,0.012405774986961465,0.0026139672774395917,0.011853369246168706,0.007165727040031659,0.005267290527625851
1.686569,0.004215877115318389,0.0036108864528064527,0.0015270698882177123,0.012337321647294295,0.002622780662823046,0.011840314209420926,0.007157549086153674,0.005200459229894864
1.6870345,0.004233812889381983,0.0036111971280436347,0.0015144364693091656,0.012268676644278807,0.002631747021007102,0.011827212799354505,0.007149218948355326,0.0051341987683168454
1.6875,0.004251590428121079,0.003611529813396461,0.0015021544204858104,0.01219984463289092,0.0026408647194123393,0.011814064475804084,0.007140734012057195,0.0050685164756825475
1.6879655,0.004269205608547665,0.0036118831523917067,0.0014902231587632137,0.012130830321508934,0.002650132128668378,0.011800868779003035,0.007132091700754224,0.005003419469531373
1.688431,0.004286654378306761,0.0036122557892121977,0.0014786420222217126,0.012061638471259071,0.00265954762267849,0.011787625328419104,0.00712328947716635,0.004938914652751714
1.6888966,0.004303932757112413,0.00361264636893662,0.0014674102708732795,0.011992273895335966,0.0026691095786726252,0.01177433382154983,0.007114324844387976,0.00487500871424365
1.6893621,0.0043210368381530724,0.0036130535377633046,0.0014565270875403962,0.01192274145829799,0.0026788163772489453,0.011760994032678473,0.007105195347035241,0.004811708129642695
1.6898276,0.004337962789465185,0.003613475943218025,0.0014459915787464696,0.011853046075337211,0.0026886664024039415,0.011747605811591311,0.007095898572390148,0.004749019162103235
1.6902931,0.0043547068552738585,0.003613912234345884,0.0014358027756173229,0.01178319271152383,0.0026986580415512356,0.011734169082257162,0.007086432151540744,0.004686947863140335
1.6907586,0.004371265357299538,0.0036143610618873693,0.0014259596347933024,0.011713186381024854,0.0027087896855291596,0.011720683841470035,0.007076793760516588,0.004625500073528601
1.6912241,0.004387634696029603,0.0036148210784386907,0.0014164610393515447,0.011643032146296714,0.002719059728597225,0.011707150157455808,0.007066981121418821,0.004564681424256823
1.6916897,0.004403811351953832,0.003615290938596515,0.001407305799737964,0.011572735117251567,0.0027294665684216095,0.011693568168443884,0.0070569920035441205,0.004504497337537143
1.6921552,0.004419791886762671,0.003615769299087239,0.0013984926547085425,0.011502300450396997,0.0027400086060497906,0.011679938081204742,0.007046824224501847,0.004444953027867538
1.6926207,0.004435572944507268,0.0036162548188809597,0.0013900202722795325,0.011431733347948836,0.002750684245874451,0.011666260169554334,0.0070364756513236135,0.004386053503146444
1.6930862,0.004451151252720191,0.00361674615929031,0.001381887250686187,0.011361039056917085,0.0027614918955868074,0.011652534772826321,0.007025944201564523,0.004327803565838334
1.6935517,0.004466523623495852,0.003617241984054358,0.0013740921193496458,0.011290222868165107,0.002772429966119512,0.011638762294313293,0.007015227844395311,0.004270207814189073
1.6940172,0.004481686954529699,0.0036177409594077836,0.0013666333398516142,0.011219290115442447,0.0027834968715793056,0.011624943199678208,0.00700432460168465,0.004213270643489879
1.6944828,0.0044966382301153554,0.0036182417541355577,0.0013595093069164595,0.011148246174391948,0.0027946910291695866,0.011611078015337553,0.006993232549070919,0.004156996247388742
1.6949483,0.004511374522099059,0.0036187430396133857,0.001352718349400347,0.011077096461531806,0.002806010859103081,0.011597167326817715,0.0069819498170227996,0.004101388619248138
1.6954138,0.00452589299079085,0.0036192434898341787,0.0013462587312870313,0.011005846433213309,0.0028174547845048006,0.011583211777086277,0.006970474591888041,0.004046451553547955
1.6958793,0.004540190885832163,0.0036197417814208513,0.00134012865268992,0.01093450158455494,0.0028290212313054615,0.01156921206485984,0.006958805116929748,0.0039921886473325155
1.6963448,0.004554265547019602,0.0036202365936257503,0.0013343262508600164,0.010863067448353457,0.002840708628125549,0.011555168942890142,0.006946939693349471,0.003938603301700659
1.6968103,0.004568114405084806,0.0036207266083170485,0.0013288496011993512,0.010791549593972561,0.0028525154061502063,0.01154108321623003,0.006934876681296336,0.003885698723337833
1.6972759,0.004581734982430411,0.0036212105099524597,0.0013236967182795108,0.010719953626209654,0.0028644399989951387,0.01152695574048094,0.006922614500861462,0.0038334779260891768
1.6977414,0.004595124893822177,0.0036216869855406277,0.0013188655568648687,0.010648285184141104,0.00287648084256371,0.011512787420023419,0.006910151633056875,0.003781943732572607
1.6982069,0.004608281847037368,0.003622154724590587,0.0013143540129401182,0.010576549939946518,0.002888636374895407,0.011498579206232151,0.006897486620778147,0.0037310987758309207
1.6986724,0.004621203643469506,0.003622612419049699,0.0013101599247417105,0.010504753597712439,0.002900905036005852,0.01148433209567702,0.0068846180697500516,0.0036809455010219346
1.6991379,0.00463388817868961,0.0036230587632304786,0.0013062810737927914,0.010432901892215974,0.002913285267718517,0.011470047128311518,0.0068715446494544705,0.0036314861671457007
1.6996034,0.004646333442964001,0.003623492453726767,0.0013027151859412315,0.010361000587688976,0.0029257755134883085,0.011455725385649903,0.006858265094039895,0.003582722848807839
1.700069,0.00465853752172879,0.003623912189319689,0.0012994599324003414,0.010289055476563431,0.0029383742182171866,0.011441367988934322,0.0068447782032117635,0.003534657438018013
1.7005345,0.004670498596021129,0.0036243166708738858,0.0012965129307918653,0.010217072378198818,0.0029510798280619906,0.01142697609729316,0.0068310828431028744,0.003487291646022567
1.701,0.004682214942867305,0.0036247046012245075,0.0012938717461908433,0.010145057137592199,0.002963890790234664,0.01141255090589178,0.006817177947123131,0.0034406270051703233
1.7014655,0.004693684935627765,0.00362507468505547,0.0012915338921719222,0.010073015624071842,0.0029768055527950804,0.01139809364407682,0.006803062516787754,0.003394664870810512
1.701931,0.004704907044299116,0.0036254256287695024,0.0012894968318566983,0.0100009537299752,0.0029898225644366698,0.011383605573515167,0.00678873562252316,0.003349406423221772
1.7023966,0.004715879835773122,0.0036257561403505033,0.0012877579789616685,0.009928877369312058,0.0030029402742650455,0.011369087986328751,0.006774196404449558,0.0033048526695711425
1.7028621,0.004726601974052719,0.003626064929218754,0.0012863146988463694,0.009856792476413708,0.0030161571315698446,0.011354542203226231,0.006759444073139391,0.0032610044459019574
1.7033276,0.004737072220424986,0.0036263507060795533,0.0012851643095612955,0.009784705004569008,0.003029471585589985,0.011339969571632729,0.006744477910350642,0.0032178624191495035
1.7037931,0.0047472894335910416,0.0036266121827658727,0.0012843040828951955,0.009712620924648228,0.0030428820852725653,0.011325371463818701,0.006729297269734039,0.0031754270891833306
1.7042586,0.0047572525697528265,0.003626848072075673,0.0012837312454213737,0.009640546223715647,0.0030563870790256244,0.01131074927502914,0.006713901577513154,0.0031336987908750493
1.7047241,0.004766960682656713,0.003627057087604554,0.0012834429795426474,0.0095684869036319,0.0030699850144649903,0.011296104421614266,0.006698290333136364,0.003092677696190489
1.7051897,0.004776412923593914,0.003627237943574443,0.0012834364245346386,0.009496448979647035,0.0030836743381554305,0.011281438339162933,0.006682463109899735,0.003052363816305044
1.7056552,0.004785608541357668,0.0036273893546590326,0.001283708677587117,0.009424438478985256,0.003097453495346335,0.011266752480640008,0.0066664195555398145,0.0030127570037410557
1.7061207,0.004794546882157177,0.0036275100358066953,0.0012842567948431307,0.009352461439422243,0.0031113209297021546,0.011252048314528907,0.006650159392795415,0.0029738569545260363
1.7065862,0.004803227389488275,0.0036275987020616047,0.0012850777924356806,0.00928052390785591,0.0031252750830278236,0.011237327322980543,0.006633682419937412,0.002935663210370571
1.7070517,0.004811649603960828,0.0036276540683837827,0.0012861686475217108,0.009208631938871425,0.0031393143949894242,0.011222590999969907,0.006616988511265634,0.0028981751608647076
1.7075172,0.004819813163082874,0.0036276748494688095,0.0012875262993131856,0.00913679159330129,0.0031534373028303414,0.011207840849461439,0.006600077617571932,0.0028613920456916795
1.7079828,0.004827717801001526,0.0036276597595679156,0.0012891476501050458,0.00906500893678127,0.0031676422410831908,0.011193078383584354,0.006582949766568591,0.0028253129568578408
1.7084483,0.004835363348200698,0.003627607512309169,0.0012910295662998496,0.008993290038302985,0.00318192764127779,0.011178305120819038,0.006565605063281253,0.0027899368409377272
1.7089138,0.004842749731155768,0.003627516820520462,0.0012931688794289174,0.008921640968763998,0.003196291931645437,0.011163522584195621,0.006548043690405671,0.0027552625013331795
1.7093793,0.004849876971945344,0.003627386396054986,0.0012955623871698174,0.008850067799516224,0.003210733536819742,0.011148732299505738,0.006530265908627576,0.002721288600545483
1.7098448,0.004856745187820345,0.003627214949619884,0.0012982068543600323,0.008778576600913511,0.0032252508775342586,0.011133935793528515,0.0065122720569050765,0.002688013662459484
1.7103103,0.004863354590730688,0.003627001190608729,0.001301099014006659,0.008707173440859214,0.003239842370317135,0.011119134592271748,0.006494062552713029,0.0026554360746386782
1.7107759,0.004869705486809939,0.0036267438269384582,0.001304235568291999,0.008635864383354576,0.0032545064271830254,0.011104330219229306,0.006475637892248899,0.002623554090630264
1.7112414,0.004875798275818357,0.003626441564891389,0.0013076131895749085,0.008564655487048692,0.0032692414553225,0.011089524193655814,0.006456998650599737,0.0025923658322791606
1.7117069,0.004881633450544826,0.003626093108962899,0.0013112285213877873,0.008493552803790851,0.003284045856789211,0.011074718028859837,0.006438145481870035,0.0025618692920500157
1.7121724,0.0048872115961682595,0.0036256971617153622,0.001315078179429089,0.008422562377186055,0.0032989180281850646,0.011059913230516824,0.006419079119270354,0.0025320623353562188
1.7126379,0.004892533389579115,0.0036252524236389007,0.0013191587525512448,0.008351690241154472,0.003313856360343674,0.011045111295003181,0.0063998003751666414,0.0025029427028949508
1.7131034,0.004897599598661736,0.003624757593019502,0.0013234668037438876,0.008280942418495633,0.003328859238012319,0.01103031370775285,0.006380310141090262,0.002474508012987295
1.713569,0.00490241108153831,0.003624211365815031,0.0013279988711122532,0.008210324919458096,0.0033439250395326556,0.011015521941637746,0.006360609387708745,0.002446755763922452
1.7140345,0.004906968785775264,0.0036236124355396204,0.0013327514688506407,0.008139843740315336,0.0033590521365203974,0.011000737455373357,0.0063406991647573015,0.0024196833363051024
1.7145,0.00491127374755303,0.0036229594931569144,0.0013377210882107953,0.008069504861948604,0.00337423889354418,0.010985961691950671,0.0063205806009312086,0.002393287995404989
1.7149655,0.004915327090800079,0.0036222512269826084,0.0013429041984650777,0.007999314248437502,0.0033894836678038144,0.010971196077095572,0.0063002549037391616,0.002367566893507794
1.715431,0.004919130026292206,0.003621486322596708,0.0013482972478642684,0.007929277845658975,0.003404784808808137,0.010956442017756756,0.006279723359317713,0.002342517072266434
1.7158966,0.004922683850718023,0.0036206634627659016,0.001353896664589856,0.007859401579895491,0.00342014065805266,0.01094170090062318,0.0062589873322069,0.002318135465051903
1.7163621,0.004925989945711621,0.0036197813273764197,0.001359698857700661,0.007789691356453118,0.0034355495486972152,0.010926974090672016,0.006238048265087143,0.002294418899302834
1.7168276,0.004929049776853381,0.003618838593377734,0.0013657002180736404,0.0077201530582902194,0.003451009805243759,0.010912262929748028,0.006216907678477447,0.002271364098872938
1.7172931,0.004931864892639832,0.003617833934737416,0.0013718971193387322,0.0076507925446574416,0.0034665197432145207,0.010897568735175243,0.006195567170394948,0.0022489676863755195
1.7177586,0.004934436923423511,0.0036167660224074617,0.001378285918807603,0.007581615649749634,0.003482077668830626,0.010882892798401766,0.006174028415975841,0.0022272261855242415
1.7182241,0.004936767580323661,0.003615633524302392,0.001384862958396167,0.007512628181370294,0.0034976818786913288,0.010868236383678611,0.006152293167057865,0.002206136023469327
1.7186897,0.004938858654108657,0.0036144351052894126,0.0013916245655407383,0.007443835919609077,0.003513330659453981,0.010853600726773393,0.006130363251724579,0.0021856935331283633
1.7191552,0.0049407120140509235,0.003613169427190929,0.0013985670541076768,0.00737524461553288,0.0035290222875148576,0.010838987033719756,0.006108240573811795,0.002165894955510873
1.7196207,0.004942329606755141,0.0036118351487997038,0.0014056867252963752,0.007306859989890996,0.0035447550286909647,0.010824396479603402,0.006085927112376593,0.0021467364420358123
1.7200862,0.004943713454960464,0.0036104309259069357,0.001412979868535419,0.0072386877318347306,0.0035605271379029694,0.010809830207385589,0.006063424921129463,0.00212821405684114
1.7205517,0.004944865656317462,0.0036089554113435656,0.0014204427623717493,0.0071707334976519035,0.0035763368588594227,0.010795289326764955,0.006040736127830082,0.002110323779084607
1.7210172,0.004945788382140439,0.0036074072550350907,0.001428071675352648,0.00710300290951654,0.0035921824237424424,0.010780774913078543,0.006017862933647292,0.0020930615052349136
1.7214828,0.004946483876135804,0.0036057851040702015,0.0014358628669003443,0.007035501554254012,0.003608062052895045,0.010766288006242746,0.005994807612483871,0.0020764230513523898
1.7219483,0.004946954453107116,0.003604087602783548,0.001443812588179051,0.006968234982121864,0.003623973954510322,0.010751829609734953,0.005971572510266686,0.0020604041553583625
1.7224138,0.004947202497637394,0.0036023133928529613,0.001451917082954234,0.006901208705606436,0.003639916324322669,0.01073740068961652,0.005948160044202806,0.0020450004792923796
1.7228793,0.004947230462749304,0.003600461113411447,0.001460172588443914,0.006834428198235405,0.0036558873453012915,0.010723002173597673,0.005924572702002174,0.002030207611556481
1.7233448,0.004947040868543744,0.0035985294011742605,0.0014685753361618212,0.006767898893406272,0.0036718851873462073,0.01070863495014481,0.0059008130410674806,0.0020160210691457237
1.7238103,0.004946636300817428,0.0035965168905813688,0.0014771215527522197,0.006701626183230829,0.0036879080069869945,0.010694299867630647,0.005876883687651932,0.002002436299864187
1.7242759,0.004946019409659982,0.0035944222139555762,0.0014858074608162292,0.0066356154173955835,0.0037039539470845474,0.010679997733527551,0.0058527873359856585,0.001989448684525699
1.7247414,0.004945192908031112,0.0035922440016765925,0.0014946292797294706,0.006569871902038128,0.003720021136536135,0.010665729313644323,0.005828526747371504,0.0019770535391385384
1.7252069,0.004944159570318399,0.0035899808823712962,0.0015035832264508682,0.00650440089863943,0.0037361076899840684,0.010651495331406644,0.005804104749251005,0.001965246117073358
1.7256724,0.0049429222308762615,0.003587631483120423,0.0015126655163224295,0.006439207622932004,0.0037522117075282813,0.010637296467181334,0.005779524234241347,0.001954021611213587
1.7261379,0.0049414837825466525,0.0035851944296819,0.0015218723638598418,0.006374297243824004,0.003768331274443136,0.010623133357644542,0.005754788159144126,0.0019433751560875652
1.7266034,0.004939847175162052,0.0035826683467310265,0.0015311999835337221,0.006309674882339261,0.0037844644608987553,0.010609006595193897,0.005729899543926773,0.0019333018299816642
1.727069,0.004938015414031326,0.003580051858117663,0.0015406445905413822,0.006245345610573336,0.00380060932168718,0.010594916727404641,0.005704861470677456,0.001923796657033651
1.7275345,0.004935991558409028,0.0035773435871405946,0.0015502024015689715,0.006181314450665627,0.0038167638959536363,0.010580864256529716,0.005679677082534274,0.001914854609305547
1.728,0.004933778719948708,0.003574542156839185,0.0015598696355438833,0.006117586373787643,0.003832926206933181,0.010566849639043741,0.005654349582589531,0.001906470608835224
1.7284655,0.00493138006114082,0.003571646190302429,0.0015696425143772999,0.006054166299147503,0.003849094261692972,0.010552873285230831,0.0056288822327698294,0.0018986395296659928
1.728931,0.0049287987937358165,0.003568654310995475,0.0015795172636967707,0.005991059093010775,0.003865266050880384,0.010538935558816206,0.00560327835269266,0.001891356199853434
1.7293966,0.004926038177153046,0.003565565143103682,0.0015894901135687278,0.0059282695677377525,0.0038814395484771612,0.010525036776641527,0.00557754131850017,0.001884615403448739
1.7298621,0.004923101516876053,0.003562377311894248,0.0015995572992108548,0.005865802480837301,0.00389761271155978,0.010511177208383852,0.005551674561670706,0.0018784118824578381
1.7303276,0.004919992162834913,0.0035590894440954484,0.0016097150616942578,0.0058036625340374005,0.003913783480066188,0.010497357076318062,0.005525681567808773,0.001872740338775591
1.7307931,0.004916713507776249,0.003555700168293514,0.0016199596486354067,0.005741854372372545,0.003929949776569051,0.010483576555122517,0.005499565875414005,0.0018675954360943224
1.7312586,0.004913268985621565,0.00355220811534718,0.0016302873148778423,0.005680382583288175,0.003946109506055655,0.010469835771727764,0.0054733310746298,0.0018629718017860004
1.7317241,0.004909662069814576,0.0035486119188199365,0.0016406943231636788,0.005619251695762309,0.003962260555714603,0.0104561348052081,0.005446980805972279,0.0018588640287573656
1.7321897,0.004905896271658179,0.003544910215429992,0.0016511769447949383,0.005558466179444573,0.003978400794729481,0.010442473686715937,0.005420518759040173,0.0018552666772773414
1.7326552,0.004901975138641781,0.0035411016455179785,0.0016617314602847774,0.005498030443812788,0.0039945280740796415,0.010428852399458927,0.005393948671206301,0.001852174276776072
1.7331207,0.004897902252759664,0.003537184853532397,0.0016723541599986645,0.005437948837347309,0.004010640226348339,0.010415270878720026,0.005367274326291235,0.0018495813276149437
1.7335862,0.0048936812288211265,0.003533158488532813,0.0016830413447855616,0.005378225646723253,0.004026735065538405,0.010401729011920595,0.005340499553219748,0.001847482302826949
1.7340517,0.004889315712753108,0.0035290212047107876,0.0016937893265991627,0.005318865096020738,0.004042810386895766,0.010388226638726699,0.0053136282246606,0.0018458716498267547
1.7345172,0.004884809379896075,0.0035247716619285236,0.0017045944291092365,0.00525987134595326,0.004058863966741064,0.01037476355119872,0.005286664255650246,0.0018447437920898382
1.7349828,0.004880165933293913,0.00352040852627519,0.0017154529883030986,0.005201248493114247,0.004074893562309708,0.010361339493984314,0.005259611602201022,0.001844093130800071
1.7354483,0.0048753891019786225,0.0035159304706408787,0.0017263613530772457,0.005143000569241899,0.004090896911600712,0.010347954164554725,0.005232474259894369,0.0018439140464651207
1.7359138,0.004870482639250608,0.003511336175308132,0.0017373158858191775,0.005085131540502367,0.004106871733234676,0.01033460721348441,0.0052052562624596765,0.0018442009004990569
1.7363793,0.0048654503209553815,0.0035066243285609595,0.0017483129629794426,0.0050276453067913136,0.004122815726321288,0.010321298244773883,0.0051779616803393075,0.0018449480367715607
1.7368448,0.004860295943757482,0.0035017936273112455,0.0017593489756339736,0.004970545701053924,0.004138726570336745,0.01030802681621568,0.005150594619240381,0.0018461497831231486
1.7373103,0.0048550233234124305,0.0034968427777424273,0.0017704203300367908,0.004913836488623425,0.004154601925011479,0.010294792439803229,0.0051231592186738555,0.0018478004528458406
1.7377759,0.004849636293037531,0.003491770495970298,0.0017815234481631805,0.004857521366578157,0.00417043943022857,0.010281594582182405,0.0050956596504814575,0.0018498943461287272
1.7382414,0.00484413870138231,0.0034865755087207712,0.001792654768243458,0.004801603963117266,0.0041862367059332314,0.010268432665145438,0.005068100117351006,0.0018524257514679287
1.7387069,0.004838534411099407,0.003481256554024414,0.001803810745287426,0.004746087836955105,0.00420199135205369,0.010255306066166833,0.005040484851320699,0.0018553889470405073
1.7391724,0.004832827297016696,0.0034758123819275248,0.0018149878515996277,0.0046909764767344,0.004217700948433799,0.01024221411898082,0.005012818112272965,0.0018587782020419701
1.7396379,0.004827021244411425,0.003470241755219512,0.0018261825772854926,0.004636273300458297,0.004233363054777636,0.01022915611419981,0.004985104186418522,0.0018625877779870883
1.7401034,0.004821120147287158,0.0034645434501762956,0.0018373914307484656,0.004581981654941348,0.0042489752106063625,0.010216131299973301,0.0049573473847713,0.0018668119299738422
1.740569,0.00481512790665424,0.0034587162573194207,0.0018486109391782114,0.004528104815279536,0.004264534935227542,0.010203138882686544,0.0049295520416149435,0.001871444907910372
1.7410345,0.004809048428814519,0.003452758982190558,0.0018598376490299826,0.004474645984339397,0.004280039727717141,0.010190178027698287,0.004901722512961591,0.0018764809577049033
1.7415,0.0048028856236509865,0.0034466704461410197,0.0018710681264952316,0.004421608292266292,0.004295487066914421,0.01017724786011687,0.0048738631750036565,0.001881914322418724
1.7419655,0.0047966434029229725,0.00344044948713591,0.0018822989579635441,0.00436899479601184,0.004310874411429907,0.010164347465613953,0.0048459784225593884,0.0018877392433824054
1.742431,0.0047903256785675205,0.0034340949605724852,0.0018935267504759524,0.00431680847888048,0.004326199199666639,0.010151475891275179,0.004818072667512971,0.001893949961275562
1.7428966,0.004783936361007485,0.0034276057401122816,0.0019047481321696953,0.004265052250095141,0.004341458849854874,0.010138632146487072,0.004790150337249965,0.0019005407171705261
1.7433621,0.004777479357466878,0.0034209807185265353,0.0019159597527144726,0.0042137289443819545,0.004356650760100415,0.010125815203859457,0.004762215873088909,0.0019075057535403656
1.7438276,0.004770958570293973,0.0034142188085543885,0.0019271582837402487,0.004162841321573932,0.004371772308446698,0.010113024000182722,0.004734273728709852,0.0019148393152316992
1.7442931,0.004764377895292602,0.0034073189437733528,0.0019383404192566576,0.004112392066233567,0.004386820852950764,0.010100257437419203,0.004706328368580636,0.0019225356504028093
1.7447586,0.004757741220062082,0.0034002800794814664,0.001949502876064056,0.004062383787294269,0.004401793731773253,0.010087514383727913,0.004678384266381698,0.001930589011427569
1.7452241,0.004751052422346149,0.003393101193590574,0.001960642394156261,0.0040128190177205645,0.00441668826328257,0.01007479367452183,0.004650445903430214,0.0019389936557657206
1.7456897,0.004744315368391303,0.0033857812875301165,0.0019717557371150196,0.0039637002141869535,0.004431501746173381,0.010062094113556876,0.004622517767104419,0.0019477438468000377
1.7461552,0.004737533911314923,0.0033783193871608076,0.0019828396924962627,0.003915029756775303,0.004446231459599622,0.010049414474051655,0.0045946043492689345,0.0019568338546409186
1.7466207,0.004730711889483549,0.0033707145436975604,0.0019938910722081893,0.00386680994869064,0.004460874663322214,0.010036753499836876,0.004566710144701974,0.0019662579568989424
1.7470862,0.0047238531249017375,0.003362965834640999,0.002004906712881246,0.0038190430159951777,0.004475428597871694,0.010024109906533393,0.004538839649525273,0.0019760104394259347
1.7475517,0.0047169614216119385,0.003355072364716894,0.0020158834762300706,0.00377173110736038,0.004489890484725995,0.010011482382757637,0.004510997359637596,0.0019860855970250933
1.7480172,0.004710040564105832,0.0033470332668228283,0.002026818249407474,0.003724876293836873,0.004504257526503648,0.009998869591353153,0.004483187769152648,0.0019964777341307306
1.7484828,0.00470309431574764,0.0033388477029814142,0.0020377079453505484,0.0036784805686419886,0.004518526907172691,0.009986270170646943,0.004455415368842244,0.002007181165458183
1.7489483,0.004696126417209918,0.0033305148652993605,0.002048549503118989,0.0036325458469647545,0.0045326957922755895,0.009973682735729166,0.00442768464458554,0.0020181902166244367
1.7494138,0.0046891405849223446,0.0033220339769316908,0.00205933988822572,0.003587073965788163,0.004546761329170446,0.009961105879754758,0.004400000075825156,0.002029499224739996
1.7498793,0.004682140509534098,0.0033134042930504145,0.002070076092959912,0.0035420666837285846,0.004560720647288798,0.009948538175265488,0.004372366134030988,0.0020411025389725263
1.7503448,0.0046751298543904,0.0033046251018169414,0.0020807551367024867,0.0034975256808922116,0.004574570858410235,0.009935978175530907,0.004344787281172463,0.002052994521082793
1.7508103,0.004668112254023867,0.003295695725357543,0.00209137406623419,0.0034534525587484473,0.004588309056954079,0.009923424415906644,0.004317267968200035,0.0020651695459334043
1.7512759,0.004661091312661337,0.003286615520741169,0.0021019299560363362,0.003409848840020162,0.004601932320288334,0.009910875415208416,0.004289812633536619,0.0020776220019708812
1.7517414,0.004654070602746847,0.0032773838809589204,0.0021124199085843197,0.003366715968590771,0.00461543770905609,0.009898329677100108,0.004262425701579676,0.0020903462916815655
1.7522069,0.004647053663481488,0.0032680002359044965,0.0021228410546339995,0.00332405530942813,0.004628822267519559,0.009885785691494162,0.004235111581214638,0.002103336832021868
1.7526724,0.004640043999380819,0.0032584640533549324,0.002133190553501052,0.0032818681485252597,0.00464208302392189,0.009873241935962502,0.004207874664340281,0.0021165880548233494
1.7531379,0.0046330450788505655,0.0032487748399509567,0.0021434655933333727,0.003240155692857937,0.004655216990866927,0.00986069687715614,0.004180719324406673,0.002130094407173113
1.7536034,0.004626060332781267,0.003238932142176312,0.002153663391376603,0.003198919070359203,0.00466822116571707,0.009848148972231543,0.0041536499149662535,0.0021438503517699757
1.754069,0.004619093153162584,0.003228935547335374,0.002163781194232844,0.0031581593299108476,0.0046810925310093714,0.009835596670281806,0.004126670768238599,0.002157850367256877
1.7545345,0.004612146891717875,0.0032187846845284293,0.0021738162781126027,0.0031178774413519773,0.00469382805489003,0.009823038413770593,0.004099786193689387,0.002172088948529956
1.755,0.004605224858559698,0.0032084792256239637,0.002183765949080022,0.0030780742955047605,0.004706424691567402,0.009810472639966775,0.004073000476624047,0.002186560607024731
1.7554655,0.004598330320866795,0.0031980188862273415,0.0021936275432914098,0.003038750704217471,0.004718879381783695,0.009797897782377673,0.004046317876796589,0.0022012598709798105
1.755931,0.004591466501583131,0.0031874034266452427,0.0022033984272271045,0.0029999074004249697,0.004731189053305482,0.009785312272178822,0.004019742627034055,0.0022161812856785713
1.7563966,0.004584636578139494,0.0031766326528452635,0.0022130759979166986,0.0029615450382267676,0.004743350621433219,0.009772714539638171,0.0039932789318770315,0.0022313194136692684
1.7568621,0.004577843681198171,0.0031657064174100856,0.002222657683157641,0.0029236641929828292,0.004755360989529944,0.009760103015532769,0.003966930966236628,0.0022466688349640647
1.7573276,0.004571090893421137,0.003154624620485676,0.0022321409417272384,0.002886265361427295,0.004767217049569334,0.009747476132556034,0.003940702874068268,0.002262224147217517
1.7577931,0.004564381248262233,0.0031433872107230363,0.00224152326358807,0.002849348961800299,0.004778915682703301,0.00973483232671388,0.003914598767062671,0.0022779799658850597
1.7582586,0.004557717728783719,0.003131994186213063,0.0022508021700868262,0.002812915333998063,0.004790453759849317,0.009722170038708077,0.003888622723354329,0.0022939309243620687
1.7587241,0.004551103266497615,0.0031204455954141177,0.00225997521414658,0.002776964739741435,0.004801828142297603,0.009709487715305287,0.003862778786247794,0.002310071674104077
1.7591897,0.004544540740232169,0.0031087415380719606,0.0022690399804524935,0.0027414973627630196,0.004813035682338298,0.009696783810690335,0.0038370709629620835,0.0023263968847287266
1.7596552,0.004538032975023807,0.003096882166131752,0.002277994085630986,0.0027065133090130584,0.004824073223908692,0.009684056787802304,0.0038115032233934716,0.002342901244100018
1.7601207,0.004531582741034855,0.003084867684641843,0.002286835178422368,0.0026720126068841992,0.004834937603260559,0.009671305119652097,0.0037860794988969597,0.0023595794583954567
1.7605862,0.004525192752497356,0.0030726983526491334,0.0022955609398469905,0.0026379952074552667,0.004845625649647614,0.009658527290620179,0.003760803681086693,0.0023764262521566715
1.7610517,0.004518865666683291,0.0030603744840857804,0.0023041690833649543,0.0026044609847541375,0.004856134186033049,0.009645721797733263,0.0037356796206555855,0.0023934363683241365
1.7615172,0.004512604082901523,0.003047896448647084,0.0023126573550294673,0.002571409736039804,0.004866460029817111,0.00963288715191876,0.003710711126214418,0.002410604568256631
1.7619828,0.004506410541521796,0.0030352646726603824,0.002321023533633947,0.0025388411821036724,0.004876599993584651,0.009620021879235857,0.003685901963150679,0.002427925631736109
1.7624483,0.004500287523026153,0.0030224796399448183,0.002329265430852979,0.0025067549675901394,0.004886550885872558,0.009607124522082166,0.0036612558525074028,0.0024453943569586393
1.7629138,0.004494237447088114,0.0030095418926618326,0.00233738089137724,0.0024751506613364506,0.0048963095119569965,0.009594193640375023,0.0036367764698822433,0.0024630055605121023
1.7633793,0.00448826267167996,0.0029964520321562977,0.002345367793042503,0.002444027756731842,0.004905872674660357,0.009581227812706627,0.0036124674443470256,0.0024807540773413156
1.7638448,0.004482365492208472,0.002983210719788201,0.002353224046952805,0.002413385672095938,0.004915237175177857,0.009568225637472349,0.003588332357388001,0.0024986347607012915
1.7643103,0.004476548140679438,0.0029698186777548296,0.0023609475975978665,0.0023832237510763707,0.004924399813923727,0.00955518573397171,0.003564374741867038,0.0025166424820993486
1.7647759,0.004470812784891205,0.0029562766899034155,0.0023685364229648308,0.0023535412630655735,0.00493335739139693,0.00954210674348162,0.0035405980810039673,0.002534772131226824
1.7652414,0.004465161527657567,0.002942585602534201,0.002375988534644383,0.0023243374036366914,0.00494210670906636,0.009528987330301587,0.003517005807380296,0.0025530186158811627
1.7657069,0.004459596406060226,0.002928746325193899,0.002383301977931314,0.0022956112949985433,0.0049506445702755045,0.009515826182770738,0.003493601301964469,0.0025713768618791603
1.7661724,0.0044541193907310745,0.002914759831459494,0.002390474831919591,0.0022673619864695457,0.004958967781166502,0.00950262201425658,0.003470387893158841,0.0025898418129621345
1.7666379,0.004448732385164547,0.002900627159712327,0.0023975052095920007,0.002239588454970507,0.004967073151623537,0.009489373564115647,0.0034473688558685133,0.002608408430693793
1.7671034,0.004443437225060264,0.002886349413902397,0.0024043912579044435,0.0022122896055361716,0.004974957496235469,0.009476079598626157,0.003424547410592148,0.0026270716943515415
1.767569,0.004438235677696236,0.002871927764302811,0.0024111311578649645,0.0021854642718453937,0.004982617635277563,0.00946273891189311,0.003401926722534856,0.002645826600811971
1.7680345,0.004433129441332858,0.0028573634482543043,0.002417723124607609,0.00215911121676979,0.00499005039571216,0.009449350326726197,0.0033795099007432492,0.002664668164431249
1.7685,0.004428120144647957,0.0028426577708997552,0.002424165407461206,0.002133229132940729,0.004997252612208079,0.009435912695491029,0.003357299997262706,0.002683591416921113
1.7689655,0.004423209346203142,0.0028278121059085977,0.002430456290013179,0.0021078166433344896,0.005004221128178536,0.009422424900934163,0.0033353000063168956,0.002702591407221157
1.769431,0.004418398533941725,0.002812827896191031,0.002436594090168497,0.0020828723018754226,0.005010952796837317,0.009408885856982458,0.003313512863509593,0.002721663201368085
1.7698966,0.004413689124718446,0.0027977066546018893,0.0024425771602038892,0.0020583945940569263,0.005017444482272935,0.0093952945095172,0.0032919414450488043,0.0027408018823626
1.7703621,0.004409082463861252,0.0027824499646340365,0.002448403886817427,0.0020343819375800336,0.005023693060540459,0.009381649837123425,0.003270588566993226,0.0027600025500345653
1.7708276,0.004404579824765337,0.00276705948110114,0.0024540726911736056,0.002010832683009397,0.005029695420770713,0.009367950851814816,0.003249456984521065,0.0027792603209070696
1.7712931,0.004400182408519639,0.002751536930809662,0.002459582028944059,0.0019877451144464453,0.005035448466296514,0.009354196599734483,0.0032285493912212236,0.002798570328060009
1.7717586,0.004395891343565938,0.002735884113219931,0.002464930390344027,0.0019651174502194812,0.005040949115795648,0.009340386161831903,0.0032078684184068517,0.002817927720993782
1.7722241,0.004391707685390701,0.00272010290109614,0.002470116300164721,0.0019429478435904711,0.00504619430445027,0.009326518654516272,0.00318741663445126,0.002837327665493661
1.7726897,0.0043876324162497584,0.0027041952411451745,0.0024751383178017164,0.0019212343834782847,0.0050511809851224235,0.009312593230286482,0.0031671965441461476,0.0028567653434953787
1.7731552,0.004383666444925908,0.0026881631546441446,0.0024799950372794985,0.0018999750951981264,0.005055906129545362,0.009298609078337903,0.0031472105880820953,0.00287623595295246
1.7736207,0.004379810606519493,0.0026720087380565282,0.002484685087272285,0.0018791679412168978,0.00506036672953043,0.009284565425146149,0.0031274611420512455,0.0028957347077057946
1.7740862,0.004376065662271998,0.002655734163636822,0.002489207131121243,0.0018588108219242119,0.005064559798189214,0.009270461535027976,0.003107950516472063,0.0029152568373559213
1.7745517,0.004372432299422683,0.002639341680023594,0.0024935598668482184,0.0018389015764187853,0.005068482371170728,0.00925629671067948,0.0030886809558360686,0.0029347975871384865
1.7750172,0.00436891113109828,0.0026228336128208333,0.002497742027166082,0.0018194379833099182,0.0050721315079134055,0.009242070293691704,0.0030696546381764078,0.0029543522178033005
1.7754828,0.004365502696235742,0.0026062123651674645,0.002501752379485802,0.0018004177615337789,0.005075504292911679,0.009227781665043747,0.0030508736745581237,0.0029739160054974173
1.7759483,0.0043622074595380455,0.0025894804182949372,0.0025055897259203394,0.0017818385711841965,0.005078597836996929,0.009213430245573345,0.003032340108589998,0.0029934842416526487
1.7764138,0.004359025811463031,0.002572640332072776,0.0025092529032854525,0.0017636980143576639,0.0050814092786326025,0.009199015496424936,0.0030140559159578025,0.0030130522328779235
1.7768793,0.00435595806824524,0.0025556947455419887,0.002512740783097474,0.001745993636012242,0.005083935785223297,0.009184536919475048,0.0029960230039788034,0.0030326153008568913
1.7773448,0.00435300447195069,0.002538646377436213,0.0025160522715681265,0.001728722924840051,0.005086174554437595,0.009169994057734861,0.0029782432111773293,0.0030521687822511645
1.7778103,0.004350165190564512,0.0025214980266904698,0.0025191863095964284,0.0017118833141530345,0.005088122815544425,0.009155386495729693,0.002960718306881228,0.003071708028609582
1.7782759,0.004347440318111355,0.0025042525729373787,0.00252214187275774,0.0016954721827816604,0.0050897778307626915,0.009140713859855168,0.0029434499908390192,0.0030912284062838582
1.7787414,0.004344829874808405,0.0024869129769906693,0.0025249179712899996,0.0016794868559862194,0.005091136896623896,0.009125975818709699,0.002926439892857548,0.0031107252963509732
1.7792069,0.004342333807250878,0.00246948228131581,0.0025275136500772055,0.0016639246063803717,0.0050921973453474404,0.009111172083402971,0.0029096895724599523,0.0031301940945426265
1.7796724,0.004339951988629801,0.0024519636104875613,0.00252992798863021,0.0016487826548665684,0.005092956546228302,0.009096302407840047,0.0028932005185637265,0.0031496302111820563
1.7801379,0.004337684218981857,0.002434360171634239,0.0025321601010649068,0.0016340581715829725,0.00509341190703676,0.009081366588980726,0.002876974149178679,0.0031690290711285135
1.7806034,0.004335530225471065,0.002416675254868451,0.0025342091360778933,0.0016197482768615012,0.005093560875429842,0.00906636446707383,0.0028610118111245665,0.003188386113729664
1.781069,0.004333489662702026,0.0023989122337040735,0.002536074276919732,0.001605850042196601,0.005093400940374183,0.009051295925866107,0.0028453147797681973,0.0032076967927821705
1.7815345,0.0043315621130644065,0.0023810745654591877,0.002537754741365949,0.0015923604912243762,0.005092929633579972,0.009036160892785423,0.0028298842587797714,0.0032269565765007235
1.782,0.004329747087108345,0.0023631657916447103,0.002539249781685947,0.001579276600711687,0.005092144530945679,0.009020959339097911,0.0028147213799082386,0.0032461609474957855
1.7824655,0.004328044023950394,0.0023451895383384096,0.0025405586846100614,0.001566595301554837,0.005091043254013233,0.009005691280038749,0.002799827202775408,0.0032653054027603533
1.782931,0.004326452291709584,0.0023271495165439944,0.0025416807712950167,0.0015543134797874568,0.005089623471433323,0.008990356774916181,0.0027852027146885528,0.003284385453666026
1.7833966,0.004324971187973169,0.0023090495225349494,0.0025426153972880755,0.0015424279775971932,0.0050878829004404776,0.00897495592718842,0.002770848830471223,0.0033033966259687067
1.7838621,0.0043235999402916015,0.0022908934381827813,0.0025433619524901706,0.0015309355943507886,0.005085819308337604,0.008959488884512999,0.002756766392311953,0.003322334459824258
1.7843276,0.004322337706702254,0.0022726852312693257,0.0025439198611183216,0.0015198330876271514,0.005083430513989613,0.00894395583876822,0.0027429561696305426,0.003341194509814444
1.7847931,0.004321183576281363,0.002254428955782773,0.002544288581667609,0.0015091171742579942,0.005080714389325807,0.00892835702604634,0.002729418858961555,0.003359972344983476
1.7852586,0.004320136569723686,0.0022361287521970507,0.002544467606872978,0.0014987845313756286,0.0050776688608506725,0.008912692726618264,0.0027161550838546824,0.003378663548885473
1.7857241,0.004319195639949333,0.002217788847734216,0.0025444564636711168,0.001488831797467494,0.005074291911162751,0.008896963264869518,0.0027031653947916143,0.003397263719643167
1.7861897,0.004318359672737222,0.0021994135566094997,0.00254425471316264,0.001479255573436991,0.005070581580481226,0.008881169009207409,0.00269045026911906,0.003415768470018114
1.7866552,0.004317627487384596,0.002181007280258658,0.002543861950574789,0.0014700524236701887,0.005066535968179896,0.008865310371939276,0.002678010110997591,0.0034341734274926992
1.7871207,0.00431699783739205,0.0021625745075472846,0.0025432778052248413,0.0014612188771079757,0.00506215323432816,0.008849387809121768,0.002665845251365994,0.003452474234364165
1.7875862,0.004316469411173514,0.002144119814961728,0.002542501940484405,0.001452751428323214,0.005057431601238633,0.008833401820381092,0.002653955947920826,0.003470666547850876
1.7880517,0.004316040832790648,0.0021256478667812696,0.0025415340537447576,0.0014446465386024488,0.005052369355020982,0.008817352948704097,0.002642342385110873,0.0034887460402110134
1.7885172,0.004315710662711073,0.002107163415231204,0.0025403738763833594,0.0014369006370317224,0.0050469648471415446,0.008801241780200043,0.0026310046741461882,0.0035067083988738444
1.7889828,0.004315477398589896,0.00208867130061646,0.002539021173731679,0.001429510121586031,0.005041216495988254,0.008785068943832861,0.002619942853021395,0.0035245493265837107
1.7894483,0.004315339476073959,0.0020701764514353947,0.0025374757450444367,0.0014224713602219625,0.0050351227884403845,0.008768835111123684,0.0026091568865529062,0.0035422645415568344
1.7899138,0.004315295269628235,0.002051683884473386,0.0025357374234703774,0.0014157806919730483,0.00502868228144258,0.00875254099582346,0.002598646666429701,0.0035598497776510225
1.7903793,0.004315343093383789,0.002033198704875839,0.0025338060760246744,0.0014094344280473538,0.0050218936035826,0.008736187353555516,0.0025884120112772864,0.0035773007845483385
1.7908448,0.004315481202006707,0.0020147261062002236,0.002531681603563058,0.001403428852926839,0.005014755456672181,0.008719774981428084,0.002578452666734462,0.0035946133279507746
1.7913103,0.004315707791587351,0.0019962713704467496,0.0025293639407577687,0.0013977602254680065,0.00500726661733036,0.008703304717616905,0.002568768305542493,0.0036117831897889475
1.7917759,0.004316021000549295,0.0019778398680672955,0.0025268530560754294,0.0013924247800033722,0.004999425938568606,0.008686777440918194,0.002559358527646296,0.00362880616844383
1.7922414,0.004316418910577259,0.001959437057952195,0.002524148951756933,0.0013874187274432865,0.004991232351377044,0.008670194070272447,0.0025502228603072373,0.0036456780789815217
1.7927069,0.00431689954756333,0.0019410684873944974,0.002521251663799437,0.0013827382563776495,0.0049826848663111056,0.008653555564259698,0.002541360758227139,0.0036623947534010536
1.7931724,0.004317460882570715,0.0019227397920313126,0.0025181612619405453,0.0013783795341770569,0.004973782575077881,0.008636862920567014,0.0025327716036830736,0.003678952040895225
1.7936379,0.0043181008328142985,0.0019044566957618573,0.002514877849644769,0.0013743387080929095,0.004964524652121498,0.008620117175429109,0.0025244547066725393,0.003695345808124467
1.7941034,0.004318817262657226,0.0018862250106418085,0.002511401564092325,0.0013706119063560218,0.004954910356206861,0.008603319403043132,0.0025164093050685865,0.003711571939503738
1.794569,0.004319607984622815,0.0018680506367535744,0.0025077325761703514,0.0013671952392732601,0.004944939032001059,0.008586470714958673,0.0025086345647844844,0.003727626337502441
1.7950345,0.004320470760421108,0.0018499395620520769,0.0025038710904666008,0.0013640848003217397,0.004934610111651829,0.008569572259444139,0.0025011295799475045,0.003743504922957353
1.7955,0.004321403301989459,0.0018318978621856433,0.0024998173452656577,0.0013612766672401178,0.004923923116362422,0.00855262522083062,0.0024938933730814287,0.0037592036353985684
1.7959655,0.004322403272546623,0.0018139317002916096,0.0024955716125477233,0.001358766903116524,0.0049128776579622615,0.008535630818834355,0.002486924895297379,0.003774718433388438
1.796431,0.004323468287659857,0.0017960473267662406,0.002491134197989991,0.0013565515574726743,0.0049014734404728005,0.008518590307858863,0.0024802230264925605,0.003790045294873508
1.7968966,0.004324595916324596,0.0017782510790085785,0.0024865054409706332,0.0013546266673437315,0.0048897102616679506,0.008501504976277805,0.0024737865755565147,0.0038051802175494646
1.7973621,0.004325783682056243,0.0017605493811378586,0.0024816857145754097,0.0013529882583534758,0.0048775880146285176,0.008484376145699598,0.002467614280584502,0.0038201192192390807
1.7978276,0.004327029063993646,0.0017429487436841434,0.002476675425606922,0.0013516323457843592,0.004865106689290072,0.008467205170214789,0.0024617048090976607,0.0038348583382831784
1.7982931,0.004328329498013816,0.0017254557632518474,0.0024714750145965396,0.0013505549356420256,0.004852266373983686,0.008449993435627244,0.0024560567582696414,0.0038493936339445917
1.7987586,0.004329682377857463,0.0017080771221558609,0.0024660849558190254,0.001349752025713877,0.004839067256969006,0.0084327423586702,0.002450668655159472,0.0038637211868251245
1.7992241,0.004331085056264952,0.001690819588029993,0.0024605057573098836,0.001349219606621285,0.004825509627959104,0.008415453386208265,0.002445538956950431,0.0038778370992954623
1.7996897,0.004332534846122305,0.0016736900134074932,0.0024547379608854574,0.001348953662865048,0.0048115938796365635,0.00839812799442652,0.0024406660511947626,0.0038917374959379905
1.8001552,0.004334029021616898,0.0016566953352734179,0.002448782142165785,0.0013489501738637134,0.004797320509160217,0.008380767688007867,0.002436048256064089,0.003905418524002446
1.8006207,0.00433556481940253,0.00163984257458863,0.0024426389106002298,0.0013492051149843944,0.004782690119661953,0.008363373999299773,0.0024316838206054083,0.003918876353874328
1.8010862,0.004337139439773563,0.00162313883578524,0.0024363089094958947,0.0013497144585657233,0.0047677034217329444,0.00834594848747157,0.002427570925002596,0.003932107179555974
1.8015517,0.00433875004784786,0.0016065913062333198,0.0024297928160488215,0.0013504741749325805,0.00475236123489867,0.008328492737663382,0.002423707680843338,0.003945107219160204
1.8020172,0.004340393774758256,0.0015902072556787555,0.002423091341377975,0.0013514802334022575,0.004736664489082082,0.00831100836012775,0.002420092131391446,0.003957872715416447
1.8024828,0.004342067718852319,0.0015739940356521227,0.002416205230561996,0.0013527286032816847,0.004720614226054278,0.008293496989364975,0.0024167222518645514,0.003970399936189251
1.8029483,0.004343768946900147,0.0015579590788485011,0.002409135262678694,0.0013542152548553623,0.004704211600872066,0.008275960283253118,0.002413595949717204,0.00398268517500908
1.8034138,0.004345494495309976,0.001542109898478168,0.002401882250847263,0.0013559361603636278,0.004687457883301809,0.008258399922173617,0.0024107110649294423,0.003994724751615337
1.8038793,0.004347241371351329,0.0015264540875881303,0.0023944470422732097,0.0013578872949708937,0.004670354459228994,0.008240817608133335,0.0024080653703009427,0.004006515012511493
1.8043448,0.0043490065543854645,0.0015109993183544503,0.0023868305182960094,0.0013600646377234852,0.00465290283205298,0.008223215063883847,0.00240565657175087,0.0040180523315322455
1.8048103,0.0043507869971028705,0.0014957533413453318,0.0023790335944395323,0.001362464172496712,0.004635104624066442,0.008205594032038686,0.0024034823086235744,0.004029333110422575
1.8052759,0.004352579626767575,0.0014807239847549239,0.002371057220465331,0.0013650818889308026,0.004616961577819035,0.008187956274189232,0.0024015401540002845,0.00404035377942859
1.8057414,0.0043543813464681095,0.0014659191536077899,0.002362902380428876,0.0013679137833553265,0.0045984755574648385,0.008170303570019886,0.0023998276150169716,0.0040511107978999945
1.8062069,0.004356189036374976,0.0014513468289339857,0.002354570092738849,0.001370955859701746,0.0045796485500931685,0.008152637716423168,0.0023983421331885634,0.004061600654904024
1.8066724,0.004357999555004504,0.0014370150669146854,0.002346061410219589,0.0013742041304037453,0.004560482667042355,0.008134960526615338,0.002397081084739712,0.004071819869850648
1.8071379,0.0043598097404889844,0.0014229319979982905,0.002337377420176774,0.0013776546172850081,0.004540980145196106,0.008117273829253169,0.002396041780942334,0.004081764993128827
1.8076034,0.004361616411852964,0.0014091058259869732,0.002328519244466425,0.0013813033524341471,0.0045211433482620815,0.008099579467552456,0.002395221468460148,0.004091432606753578
1.808069,0.0043634163702955435,0.0013955448270936057,0.002319488039567306,0.0013851463790665029,0.004500974768032265,0.00808187929840888,0.002394617329700428,0.004100819325023583
1.8085345,0.0043652064004785366,0.0013822573489690585,0.0023102849966567755,0.0013891797523725685,0.004480477025624738,0.00806417519152182,0.0023942264831731904,0.00410992179518906
1.809,0.0043669832718202595,0.0013692518096998724,0.002300911341690158,0.0013933995403528263,0.004459652872706409,0.00804646902852173,0.002394045983858034,0.004118736698129573
1.8094655,0.004368743739794773,0.0013565366967763456,0.0022913683354836662,0.0013978018246388073,0.004438505192696232,0.008028762702101653,0.0023940728235788324,0.0041272607490414415
1.809931,0.0043704845472363136,0.0013441205660310969,0.002281657273800922,0.00140238270130022,0.004417037001948427,0.008011058115153444,0.0023943039313864913,0.004135490698134401
1.8103966,0.004372202425648675,0.0013320120405481892,0.002271779487443105,0.0014071382816379983,0.004395251450915181,0.007993357179909228,0.0023947361739500087,0.004143423331337102
1.8108621,0.004373894096519228,0.0013202198095429143,0.002261736342342752,0.0014120646929631363,0.004373151825288293,0.00797566181708857,0.0023953663559561117,0.004151055471011044
1.8113276,0.004375556272637285,0.0013087526272123578,0.0022515292396612114,0.0014171580793611723,0.004350741547119199,0.007957973955051875,0.0023961912205177956,0.004158383976672488
1.8117931,0.00437718565941647,0.0012976193115568687,0.002241159615889745,0.001422414602442197,0.004328024175916822,0.0079402955289604,0.0023972074495921415,0.004165405745721901
1.8122586,0.004378778956220783,0.0012868287431725934,0.0022306289429542604,0.001427830442076241,0.0043050034097226585,0.007922628479943338,0.0023984116644078183,0.00417211771418048
1.8127241,0.0043803328576940345,0.0012763898640152402,0.0022199387283236196,0.0014334017971139165,0.004281683086162532,0.007904974754272345,0.002399800425902693,0.004178516857433298
1.8131897,0.004381844055092323,0.0012663116761352604,0.0022090905151214706,0.001439124886092186,0.004258067183474426,0.007887336302543868,0.002401370235171959,0.0041846001909786445
1.8136552,0.0043833092376192526,0.0012566032403846423,0.0021980858822415257,0.0014449959479251376,0.004234159821511825,0.007869715078869629,0.0024031175339271848,0.004190364771183122
1.8141207,0.0043847250937635585,0.0012472736750955154,0.002186926444466197,0.0014510112425796392,0.004209965262721972,0.00785211304007551,0.0024050387049666705,0.004195807696042133
1.8145862,0.004386088312638775,0.0012383321547307655,0.0021756138525884875,0.0014571670517357464,0.004185487913098439,0.007834532144909109,0.002407130072657474,0.004200926105945395
1.8150517,0.004387395585324573,0.0012297879085068659,0.002164149793537044,0.0014634596794317414,0.004160732323107418,0.00781697435325617,0.0024093879034294617,0.004205717184447172
1.8155172,0.004388643606209384,0.001221650218989134,0.0021525359905042577,0.0014698854526936963,0.004135703188587108,0.007799441625366074,0.00241180840628172,0.004210178159040978
1.8159828,0.004389829074333907,0.001213928420659633,0.002140774203077311,0.0014764407221494681,0.004110405351619574,0.007781935921086621,0.002414387733301662,0.004214306301938515
1.8164483,0.004390948694735123,0.0012066318984579366,0.002128866227372048,0.0014831218626270666,0.004084843801374445,0.007764459199108337,0.0024171219801971447,0.004218098930852705
1.8169138,0.004391999179790438,0.0011997700862949768,0.002116813896169548,0.0014899252737373707,0.0040590236749237976,0.0077470134162186425,0.0024200071868419036,0.004221553409784653
1.8173793,0.004392977250561542,0.0011933524655401888,0.002104619079055258,0.0014968473804411971,0.004032950258027547,0.007729600526566279,0.002423039337834604,0.004224667149814462
1.8178448,0.0043938796381375956,0.0011873885634821719,0.00209228368256055,0.001503884633600748,0.004006628985888663,0.007712222480936421,0.0024262143630718012,0.004227437609895813
1.8183103,0.0043947030849773045,0.0011818879517630793,0.002079809650306554,0.0015110335105154907,0.0039800654438775,0.00769488122603697,0.0024295281383351023,0.004229862297654266
1.8187759,0.004395444346249433,0.0011768602447869655,0.0020671989631501153,0.0015182905154425227,0.003953265368224551,0.007677578703796527,0.0024329764858928246,0.004231938770189199
1.8192414,0.0043961001911713,0.0011723150981023287,0.002054453639331722,0.001525652180101486,0.003926234646680932,0.007660316850674547,0.0024365551751164413,0.00423366463487935
1.8197069,0.004396667404344809,0.0011682622067591025,0.002041575734625232,0.0015331150641640862,0.003898979319145895,0.007643097596984185,0.002440259923112122,0.004235037550191873
1.8201724,0.004397142787089587,0.001164711303640361,0.0020285673424892234,0.0015406757557282738,0.0038715055782606498,0.007625922866228342,0.0024440863953676833,0.00423605522649485
1.8206379,0.0043975231587728425,0.001161672157769013,0.002015430594219771,0.0015483308717771313,0.003843819769967759,0.007608794574449459,0.002448030206415248,0.004236715426873205
1.8211034,0.004397805358135627,0.0011591545725897527,0.0020021676591044355,0.0015560770586225037,0.0038159283940353487,0.007591714629593609,0.002452086920509939,0.004237015967947945
1.821569,0.00439798624461517,0.0011571683842265415,0.0019887807445772474,0.0015639109923333938,0.0037878381045453524,0.007574684930889429,0.0024562520523249095,0.004236954720698693
1.8220345,0.004398062699663033,0.001155723459715883,0.0019752720963744446,0.0015718293791491386,0.0037595557103449785,0.007557707368242434,0.0024605210676630056,0.004236529611289425
1.8225,0.004398031628058847,0.0011548296952161518,0.001961643998690719,0.0015798289558773754,0.003731088175460577,0.007540783821645233,0.0024648893841853494,0.004235738621897336
1.8229655,0.004397889959219375,0.001154497014193233,0.00194789877433572,0.001587906490276793,0.003702442619473053,0.007523916160604061,0.0024693523721571156,0.004234579791544718
1.823431,0.004397634648502692,0.0011547353655827202,0.0019340387848905667,0.001596058781424669,0.0036736263178539777,0.00750710624358207,0.002473905355210764,0.0042330512169337165
1.8238966,0.004397262678507275,0.0011555547219289232,0.0019200664308641092,0.0016042826600691873,0.0036446467022615476,0.00749035591745974,0.002478543611126965,0.0042311510532838225
1.8243621,0.00439677106036581,0.0011569650775009443,0.0019059841518486846,0.001612574988966535,0.003615511360795532,0.007473667017012704,0.0024832623726334536,0.004228877515171948
1.8248276,0.0043961568350334755,0.0011589764463860927,0.0018917944266751043,0.0016209326632027888,0.0035862280382103796,0.007457041364407297,0.002488056828222046,0.004226228877374889
1.8252931,0.004395417074570509,0.0011615988605609196,0.0018774997735666007,0.0016293526105005931,0.003556804636085654,0.007440480768714027,0.0024929221229840442,0.004223203475713986
1.8257586,0.004394548883418821,0.0011648423679401707,0.0018631027502914582,0.0016378317915106539,0.003527249212952978,0.0074239870254391585,0.0024978533594642643,0.004219799707901782
1.8262241,0.00439354939967241,0.0011687170304039624,0.0018486059543140498,0.0016463672000880726,0.003497569984378695,0.007407561916074511,0.002502845598533923,0.004216016034390488
1.8266897,0.004392415796341354,0.0011732329218035018,0.0018340120229439814,0.0016549558635535766,0.0034677753230014405,0.007391207207665539,0.002507893860282622,0.004211850979222051
1.8271552,0.0043911452826091435,0.0011784001259456678,0.0018193236334830632,0.00166359484293972,0.003437873758523848,0.007374924652397714,0.0025129931249296585,0.004207303130879667
1.8276207,0.0043897351050831215,0.0011842287345567833,0.001804543503369808,0.0016722812332221624,0.0034078739776576073,0.007358715987201216,0.002518138333754875,0.004202371143140584
1.8280862,0.004388182549037826,0.001190728845225895,0.001789674390321166,0.0016810121635361579,0.0033777848240210814,0.00734258293337387,0.00252332439004925,0.004197053735930073
1.8285517,0.004386484939651011,0.0011979105593278806,0.0017747190924712038,0.001689784797378407,0.0033476152979886914,0.007326527196222264,0.002528546160085425,0.00419134969617646
1.8290172,0.004384639643232169,0.0012057839799266977,0.0017596804485064531,0.0016985963327944321,0.003317374556491252,0.007310550464720973,0.0025337984741083553,0.00418525787866716
1.8294828,0.004382644068443328,0.0012143592096590795,0.001744561337797656,0.00170744400255164,0.003287071912766427,0.007294654411189746,0.002539076127346266,0.004178777206905691
1.8299483,0.004380495667511912,0.0012236463485989898,0.0017293646805276596,0.001716325074298246,0.0032567168360584527,0.007278840690988527,0.002544373881042093,0.004171906673969651
1.8304138,0.0043781919374354045,0.0012336554921031553,0.0017140934378152208,0.0017252368507082324,0.00322631895126628,0.007263110942230124,0.0025496864635055822,0.004164645343369716
1.8308793,0.004375730421177541,0.0012443967286380054,0.0016987506118344893,0.0017341766696125172,0.0031958880385392564,0.007247466785510285,0.002555008571186201,0.004156992349909711
1.8313448,0.004373108708855719,0.0012558801375883793,0.0016833392459299306,0.0017431419041165253,0.003165434032819509,0.007231909823654949,0.002560334869767026,0.004148946900547843
1.8318103,0.004370324438919286,0.0012681157870483761,0.0016678624247264497,0.0017521299627043492,0.0031349670233301753,0.007216441641484452,0.0025656599952797433,0.004140508275259176
1.8322759,0.004367375299318362,0.001281113731594754,0.0016523232742344691,0.001761138289329684,0.0031044972530086734,0.007201063805594447,0.0025709785552408913,0.004131675827899467
1.8327414,0.004364259028662793,0.0012948840100432963,0.001636724961949708,0.0017701643634937146,0.003074035117884222,0.0071857778641533495,0.0025762851298094503,0.004122448987070438
1.8332069,0.0043609734173708815,0.001309436643188584,0.0016210706969474048,0.0017792057003101292,0.003043591166398858,0.007170585346716181,0.002581574272965875,0.0041128272569866155
1.8336724,0.004357516308807491,0.0013247816315276049,0.0016053637299707285,0.0017882598505574191,0.003013176098671235,0.0071554877640546705,0.002586840513712627,0.004102810218343813
1.8341379,0.004353885600411147,0.001340928952967647,0.0015896073535131238,0.0017973244007186138,0.002982800765702535,0.007140486608003551,0.0025920783572962675,0.004092397529189382
1.8346034,0.004350079244809737,0.0013578885605189123,0.001573804901894326,0.0018063969730085924,0.0029524761685238363,0.0071255833513229816,0.0025972822864511334,0.004081588925794302
1.835069,0.0043460952509244335,0.0013756703799723028,0.0015579597513297903,0.001815475225389119,0.0029222134572843613,0.007110779447577042,0.002602446762664624,0.004070384223527189
1.8355345,0.004341931685061429,0.0013942843075628315,0.0015420753199932666,0.0018245568515717339,0.0028920239302800362,0.007096076331028188,0.002607566227464103,0.004058783317730256
1.836,0.004337586671991117,0.0014137402076191267,0.0015261550680722518,0.0018336395810086507,0.002861919032921865,0.007081475416547588,0.002612635103725418,0.004046786184597262
1.8364655,0.004333058396014343,0.0014340479101994966,0.0015102024978160438,0.0018427211788718271,0.0028319103566436386,0.007066978099541222,0.002617647797003038,0.004034392882053427
1.836931,0.004328345102015367,0.0014552172087150326,0.0014942211535761073,0.0018517994460203915,0.002802009637748533,0.007052585755891671,0.0026225986968817917,0.0040216035506372766
1.8373966,0.004323445096501223,0.0014772578575402283,0.001478214621838464,0.0018608722189566319,0.002772228756194148,0.007038299741915477,0.0026274821783502,0.004008418414384336
1.8378621,0.0043183567486271375,0.0015001795696115811,0.0014621865312478075,0.0018699373697707788,0.002742579734315549,0.007024121394335944,0.0026322926031953856,0.003994837781712582
1.8383276,0.00431307849120768,0.0015239920140146552,0.0014461405526230524,0.0018789928060748307,0.002713074735485837,0.00701005203027126,0.0026370243214195494,0.003980862046309533
1.8387931,0.004307608821713309,0.0015487048135600693,0.0014300803989640233,0.0018880364709256898,0.002683726062713774,0.0069960929472377325,0.0026416716726779975,0.003966491688020838
1.8392586,0.004301946303251951,0.0015743275423488901,0.0014140098254489786,0.001897066342737896,0.0026545461571779788,0.006982245423167951,0.0026462289877387034,0.003951727273740206
1.8397241,0.0042960895655352275,0.0016008697233279292,0.0013979326294226628,0.001906080435186264,0.0026255475966971737,0.006968510716443622,0.002650690589963376,0.003936569458300518
1.8401897,0.0042900373058289195,0.0016283408258354563,0.0013818526503745756,0.0019150767970987444,0.0025967430941359593,0.006954890065942822,0.0026550507968100064,0.003921018985365939
1.8406552,0.004283788289887293,0.0016567502631378718,0.00136577376990713,0.0019240535123398325,0.0025681454957455943,0.006941384691101416,0.002659303921356851,0.003905076688324837
1.8411207,0.004277341352870887,0.0016861073899579072,0.0013496999116933662,0.0019330086996848692,0.002539767779439265,0.006927995791988344,0.0026634442738478117,0.0038887434911833102
1.8415862,0.004270695400247384,0.0017164214999949357,0.0013336350414238896,0.001941940512685567,0.002511623053001344,0.006914724549394502,0.002667466163259143,0.0038720204094590954
1.8420517,0.004263849408675194,0.0017477018234379998,0.0013175831667426932,0.0019508471395271046,0.002483724552230185,0.006901572124934846,0.0026713638988874163,0.0038549085510756267
1.8425172,0.004256802426869343,0.0017799575244721692,0.0013015483371715407,0.0019597268028771265,0.002456085639014046,0.006888539661163364,0.002675131791958639,0.0038374091172560074
1.8429828,0.004249553576449311,0.0018131976987788502,0.0012855346440225868,0.001968577759726972,0.0024287197993398,0.006875628281700484,0.0026787641572584182,0.003819523403416627
1.8434483,0.004242102052768334,0.0018474313710306741,0.0012695462202989211,0.0019773983012254695,0.0024016406412341587,0.006862839091372515,0.0026822553147830296,0.0038012528000601377
1.8439138,0.004234447125723788,0.0018826674923816027,0.0012535872405827324,0.00198618675250562,0.002374861892637211,0.006850173176362659,0.002685599591411228,0.0037825987936674923
1.8443793,0.004226588140548174,0.001918914937952887,0.0012376619209107864,0.0019949414725045113,0.0023483973992081417,0.006837631604373184,0.0026887913225966337,0.003763562967588728
1.8448448,0.004218524518580286,0.001956182504315541,0.0012217745186369176,0.00200366085377681,0.0023222611220630757,0.006825215424798373,0.002691824854080493,0.0037441470029321677
1.8453103,0.004210255758016124,0.0019944789069700018,0.0012059293322812322,0.002012343322302195,0.002296467135445043,0.006812925668907883,0.002694694543624605,0.0037243526794517095
1.8457759,0.004201781434639153,0.0020338127778236673,0.0011901307013657161,0.002020987337287107,0.0022710296243261107,0.006800763350040171,0.002697394762764195,0.0037041818764318676
1.8462414,0.004193101202529513,0.002074192662667017,0.0011743830062359438,0.002029591390961197,0.0022459628819417638,0.006788729463805692,0.002699919898580508,0.0036836365735702084
1.8467069,0.004184214794751813,0.0021156270186490182,0.0011586906678685818,0.0020381540083688698,0.002221281307257664,0.006776824988299589,0.0027022643554928906,0.0036627188518568413
1.8471724,0.004175122024021125,0.0021581242117525243,0.0011430581476643811,0.002046673747156305,0.0021969994023689193,0.006765050884323534,0.0027044225570701515,0.0036414308944505967
1.8476379,0.004165822783346857,0.002201692514270373,0.0011274899472263555,0.0020551491973543386,0.0021731317698320137,0.006753408095616413,0.0027063889478609778,0.0036197749875515285
1.8481034,0.004156317046654194,0.002246340102282881,0.0011119906081228377,0.0020635789811575696,0.0021496931099295527,0.006741897549093474,0.0027081579952431905,0.0035977535212693727
1.848569,0.004146604869382895,0.002292075053137445,0.0010965647116351143,0.002071961752700042,0.0021266982178679544,0.006730520155093553,0.002709724191291641,0.003575368990487588
1.8490345,0.0041366863890632795,0.002338905342930976,0.0010812168784893393,0.0020802961978278406,0.0021041619809082338,0.006719276807633957,0.0027110820546645403,0.0035526239957225786
1.8495,0.004126561825869406,0.0023868388439958845,0.0010659517685724373,0.0020885810338689276,0.0020820993754299983,0.006708168384672568,0.0027122261325080227,0.0035295212439776825
1.8499655,0.004116231483149435,0.002435883322390385,0.0010507740806317176,0.0020968150094005235,0.0020605254639287727,0.006697195748376698,0.0027131510023787517,0.003506063549591482
1.850431,0.004105695747933341,0.002486046435393907,0.0010356885519579322,0.002104996904014353,0.0020394553919467623,0.0066863597453981904,0.0027138512741843603,0.0034822538350799577
1.8508966,0.004094955091418108,0.00253733572900842,0.0010206999580515258,0.0021131255280800476,0.002018904384937178,0.006675661207154251,0.0027143215921415285,0.0034580951319719997
1.8513621,0.004084010069430644,0.002589758635466506,0.0010058131122718443,0.0021211997225069955,0.0019988877450622623,0.006665100950113475,0.0027145566367514713,0.003433590581637744
1.8518276,0.0040728613228686195,0.0026433224707470247,0.000991032865469082,0.002129218358504925,0.0019794208479251983,0.006654679776086546,0.0027145511267925968,0.003408743436109189
1.8522931,0.004061509578119469,0.002698034432099207,0.0009763641055987654,0.0021371803373434867,0.001960519139236106,0.00664439847252107,0.0027142998213300837,0.003383557058892523
1.8527586,0.004049955647457747,0.0027539015955760134,0.0009618117573185798,0.0021450845901110935,0.0019421981314123825,0.006634257812800014,0.0027137975217421083,0.00335803492577158
1.8532241,0.004038200429421044,0.0028109309135775757,0.0009473807815673511,0.0021529300774732474,0.0019244734001136897,0.006624258556543157,0.002713039073762419,0.0033321806256017945
1.8536897,0.0040262449091646195,0.00286912921240551,0.0009330761751259949,0.002160715789430586,0.0019073605807119495,0.006614401449911036,0.0027120193695389463,0.0033059978610940313
1.8541552,0.004014090158794925,0.0029285031898289068,0.0009189029701602489,0.0021684407450768602,0.0018908753646967589,0.0066046872259108245,0.002710733349708124,0.003279490449587627
1.8546207,0.004001737337682146,0.0029890594126627482,0.0009048662337450099,0.002176103992357043,0.0018750334960167116,0.00659511660470357,0.0027091760054845553,0.00325266232381198
1.8550862,0.003989187692751886,0.0030508043143595066,0.0008909710673700975,0.0021837046078257644,0.0018598507673571658,0.006585690293912216,0.0027073423807656674,0.0032255175326360032
1.8555517,0.0039764425587560746,0.003113744192614661,0.0008772226064272725,0.0021912416964062482,0.0018453430163550505,0.006576408988929811,0.002705227574250952,0.00319806024180477
1.8560172,0.003963503358523193,0.0031778852069868457,0.0008636260196783391,0.0021987143911499146,0.0018315261217513505,0.006567273373227261,0.0027028267415753924,0.003170294734662686
1.8564828,0.003950371603187878,0.0032432333765333395,0.0008501865087041551,0.0022061218529968035,0.0018184159994819363,0.006558284118659928,0.002700135097456661,0.003142225412862517
1.8569483,0.003937048892399947,0.003309794577461581,0.0008369093073343764,0.00221346327053695,0.0018060285987074292,0.006549441885772431,0.0026971479178556413,0.0031138567970596404
1.8574138,0.003923536914512891,0.003377574540797393,0.0008237996810577548,0.0022207378597728453,0.001794379897782812,0.006540747324100969,0.002693860542149842,0.0030851935275908776
1.8578793,0.00390983744675188,0.0034465788500705782,0.0008108629264128097,0.002227944863883079,0.0017834859001675102,0.006532201072472582,0.0026902683753192488,0.0030562403651372867
1.8583448,0.0038959523553612923,0.003516812939018559,0.0007981043703586865,0.0022350835529872707,0.0017733626302766819,0.006523803759300854,0.0026863668901441454,0.0030270021913702955
1.8588103,0.003881883595731808,0.003588282089308706,0.0007855293696260215,0.0022421532239123663,0.001764026129274464,0.006515556002877685,0.002682151629414446,0.0029974840095805476
1.8592759,0.0038676332125070737,0.003660991428280013,0.0007731433100476337,0.002249153199960374,0.0017554924508099284,0.006507458411660897,0.0026776182081500698,0.00296769094528885
1.8597414,0.0038532033396699596,0.0037349459267047606,0.0007609516058688788,0.0022560828306776052,0.0017477776566964913,0.00649951158455755,0.0026727623158318767,0.0029376282468386136
1.8602069,0.0038385962006084176,0.0038101503965708174,0.0007489596990375146,0.002262941491625485,0.001740897812535538,0.006491716111202935,0.0026675797186426825,0.0029073012859692107
1.8606724,0.0038238141081609577,0.003886609488885211,0.0007371730584729518,0.0022697285841529967,0.0017348689832850182,0.006484072572235285,0.0026620662617178464,0.0028767155583697035
1.8611379,0.0038088594646417703,0.0039643276914996094,0.0007255971793147731,0.0022764435351708113,0.0017297072287737897,0.0064765815395663165,0.00265621787140492,0.002845876684212439
1.8616034,0.0037937347618455398,0.004043309326958342,0.0007142375821504299,0.0022830857969271647,0.0017254285991625037,0.006469243576647704,0.002650030557531812,0.0028147904086660287
1.862069,0.0037784425810319985,0.004123558550369599,0.0007030998122220283,0.0022896548467855097,0.0017220491303518584,0.006462059238733626,0.0026435004156829182,0.00278346260238727
1.8625345,0.0037629855928902963,0.004205079347300445,0.0006921894386121375,0.00229615018700396,0.001719584839339058,0.006455029073139509,0.0026366236294826343,0.002751899261991594
1.863,0.003747366557483248,0.004287875531696255,0.0006815120534085542,0.002302571344516537,0.0017180517195233475,0.006448153619497081,0.0026293964728856486,0.0027201065105016196
1.8634655,0.003731588324171503,0.004371950743825198,0.0006710732708479761,0.002308917870716206,0.001717465735961531,0.006441433410005803,0.0026218153124734035,0.0026880905977734034
1.863931,0.003715653831517679,0.004457308448248364,0.0006608787264385393,0.002315189341239666,0.0017178428205744114,0.006434868969680752,0.002613876609756083,0.002655857900899994
1.8643966,0.003699566107170466,0.004543951931816125,0.0006509340760611793,0.002321385355753854,0.0017191988673051458,0.006428460816596989,0.0026055769234794683,0.002623414924591881
1.8648621,0.0036833282677286843,0.0046318843016913405,0.0006412449950497859,0.0023275055377440916,0.0017215497272305587,0.006422209462130429,0.0025969129119359923,0.0025907683015339456
1.8653276,0.003666943518585262,0.004721108483399973,0.0006318171772501201,0.0023335495343037925,0.0017249112036265184,0.006416115411195235,0.002587881335279307,0.0025579247927185115
1.8657931,0.003650415153751093,0.004811627218909718,0.0006226563340574716,0.0023395170159256403,0.0017292990469885401,0.006410179162477752,0.002578479057841666,0.0025248912877540836
1.8662586,0.003633746555658688,0.004903443064737209,0.0006137681934330255,0.0023454076762941417,0.0017347289500088232,0.006404401208666984,0.0025687030504534182,0.002491674805149355
1.8667241,0.0036169411949455643,0.004996558390084331,0.0006051584988989133,0.002351221232079448,0.001741216542510989,0.00639878203668159,0.0025585503927638992,0.0024582824925720352
1.8671897,0.003600002630217284,0.005090975375004189,0.0005968330085119281,0.002356957422732341,0.0017487773863438247,0.006393322127893365,0.0025480182755630056,0.0024247216270820446
1.8676552,0.0035829345077900776,0.0051866960085972256,0.0005887974938158894,0.0023626160102802793,0.0017574269702353776,0.006388021958347181,0.00253710400310271,0.0023909996153386017
1.8681207,0.0035657405614129938,0.005283722087237987,0.0005810577387726708,0.002368196779124389,0.001767180704608774,0.006382881998977276,0.002525804995417782,0.002357123993780707
1.8685862,0.0035484246119695277,0.005382055212833035,0.0005736195386719089,0.0023736995358372755,0.0017780539163611583,0.006377902715819883,0.0025141187906449545,0.002323102428780534
1.8690517,0.003530990567158682,0.005481696791110464,0.0005664886990194327,0.0023791241089615297,0.0017900618436071437,0.00637308457022213,0.0025020430473397656,0.002288942716769217
1.8695172,0.0035134424211553973,0.0055826480299415,0.000559671034404459,0.002384470348808804,0.0018032196303881826,0.00636842801904721,0.0024895755467902914,0.0022546527843345233
1.8699828,0.0034957842542502767,0.005684909937694659,0.0005531723673456021,0.0023897381272593283,0.0018175423213492518,0.006363933514875866,0.0024767141953269682,0.00222024068828988
1.8704483,0.0034780202324684968,0.0057884833216229345,0.0005469985271157571,0.002394927337561747,0.0018330448563842674,0.006359601506204309,0.0024634570266276884,0.002185714615714213
1.8709138,0.0034601546071677774,0.005893368786284469,0.0005411553485459168,0.002400037894133152,0.0018497420652516612,0.006355432437638754,0.0024498022040173356,0.0021510828839620432
1.8713793,0.0034421917146152553,0.005999566731997192,0.0005356486708079916,0.002405069732359213,0.0018676486621615788,0.006351426750086848,0.002435748022760928,0.0021163539406432556
1.8718448,0.003424135975543082,0.006107077353327875,0.0005304843361767138,0.002410022808394305,0.001886779240336198,0.0063475848809463505,0.002421292912349519,0.002081536363571963
1.8723103,0.00340599189468256,0.006215900637616045,0.000525668188770733,0.00241489709896157,0.0019071482665447132,0.006343907264291476,0.0024064354387780046,0.002046638860683866
1.8727759,0.003387764060276596,0.006326036363533199,0.0005212060732730363,0.0024196926011528677,0.0019287700756145628,0.006340394331057358,0.002391174306813959,0.0020116702699215093
1.8732414,0.003369457143570276,0.00643748409967774,0.0005171038336308583,0.0024244093322286077,0.0019516588649205297,0.006337046509223095,0.0023755083622566116,0.0019766395590868407
1.8737069,0.0033510758982793144,0.00655024320320606,0.000513367311735274,0.0024290473294174626,0.001975828688853374,0.006333864223993859,0.0023594365941850583,0.0019415558256604755
1.8741724,0.003332625160036138,0.006664312818500193,0.0005100023460806869,0.0024336066497159885,0.0020012934532696956,0.006330847897982475,0.0023429581371947833,0.001906428296587076
1.8746379,0.003314109845813348,0.006779691875872402,0.0005070147704044377,0.0024380873696881575,0.0020280669099247564,0.006327997951390916,0.002326072273621554,0.0018712663280262653
1.8751034,0.0032955349533242933,0.00689637909030708,0.000504410412306768,0.0024424895852648084,0.0020561626508900205,0.006325314802192078,0.0023087784357517342,0.0018360794050685148
1.875569,0.003276905560400476,0.007014372960240262,0.0005021950918513745,0.0024468134115429936,0.002085594102957211,0.006322798866312281,0.0022910762080180524,0.0018008771414154585
1.8760345,0.003258226824345542,0.007133671766377045,0.0005003746201467941,0.002451058982585195,0.0021163745220307,0.006320450557814926,0.0022729653291798384,0.0017656692790241132
1.8765,0.003239503981265589,0.007254273570547141,0.0004989547979088597,0.0024552264512183483,0.0021485169875100915,0.0063182702890858325,0.0022544456944867427,0.0017304656877145028
1.8769655,0.003220742345375583,0.007376176214598797,0.0004979414140044641,0.0024593159888326105,0.0021820343966648718,0.006316258471020762,0.0022355173578249197,0.001695276364740212
1.877431,0.003201947308281646,0.007499377319331244,0.000497340243976871,0.0024633277851797844,0.002216939459003059,0.006314415513215723,0.0022161805338446693,0.001660111434321406
1.8778966,0.003183124338239042,0.007623874283465835,0.0004971570485528085,0.002467262048171316,0.0022532446906357987,0.006312741824160553,0.0021964356000685214,0.0016249811471398823
1.8783621,0.0031642789793856646,0.0077496642826559835,0.0004973975721315851,0.002471119003675765,0.0022909624086398933,0.006311237811436313,0.0021762830989787477,0.0015898958797957348
1.8788276,0.0031454168509508647,0.007876744268535987,0.0004980675412564706,0.0024748988953156607,0.0023301047254202637,0.006309903881916944,0.0021557237400832967,0.0015548661342252427
1.8792931,0.003126543646439473,0.008005110967808761,0.0004991726630686023,0.0024786019842636463,0.0023706835430743574,0.006308740441975665,0.0021347584019591453,0.0015199025370796191
1.8797586,0.003107665132790864,0.008134760881372495,0.0005007186237436997,0.0024822285490378117,0.002412710547760518,0.006307747897696517,0.002113388134272072,0.001485015839064272
1.8802241,0.003088787149512923,0.008265690283486194,0.0005027110869119018,0.0024857788852961126,0.0024561972040723287,0.006306926655091484,0.0020916141597718554,0.0014502169142382574
1.8806897,0.003069915607790757,0.008397895220974129,0.0005051556920610676,0.002489253305629769,0.00250115474942095,0.006306277120323559,0.0020694378762619032,0.0014155167592736087
1.8811552,0.0030510564895700094,0.008531371512469263,0.0005080580529239125,0.0024926521393555385,0.0025475941884274805,0.0063057996999361324,0.0020468608585423346,0.0013809264926742304
1.8816207,0.003032215846614639,0.008666114747695856,0.0005114237558493738,0.0024959757323067475,0.002595526287327404,0.006305494801089007,0.002023884860325534,0.001346457353954042
1.8820862,0.0030133997995390248,0.008802120286791632,0.0005152583581586224,0.0024992244466229855,0.0026449615683892024,0.006305362831801353,0.00200051181612321,0.0013121207027740668
1.8825517,0.002994614536814285,0.008939383259670003,0.0005195673864861536,0.002502398660538369,0.002695910304349262,0.00630540420120188,0.0019767438431039903,0.0012779280180381597
1.8830172,0.002975866313748675,0.009077898565422956,0.0005243563351064048,0.0025054987681682964,0.002748382512865227,0.0063056193197864804,0.0019525832429205699,0.0012438908969470888
1.8834828,0.0029571614514419284,0.009217660871765256,0.0005296306642463593,0.002508525179294624,0.0028023879509899915,0.006306008599683538,0.0019280325035054223,0.00121002105401069
1.8839483,0.002938506335713417,0.009358664614520625,0.0005353957983846097,0.002511478319149221,0.0028579361096685517,0.006306572454927092,0.001903094300834058,0.0011763303200178355
1.8844138,0.002919907416004006,0.009500903997150536,0.0005416571245373671,0.002514358628195869,0.0029150362082599737,0.006307311301738021,0.0018777715006548094,0.001142830640963959
1.8848793,0.002901371204251471,0.009644372990326283,0.0005484199905319241,0.002517166561910491,0.002973697189086748,0.0063082255588133825,0.00185206716018411,0.0011095340769358903
1.8853448,0.0028829042737393527,0.009789065331544911,0.0005556897032680934,0.002519902590559732,0.003033927712013827,0.006309315647624047,0.0018259845297662319,0.001076452800953755
1.8858103,0.0028645132579191105,0.009934974524789636,0.0005634715269681621,0.002522567198977913,0.0030957361490596474,0.00631058199272074,0.0017995270544964392,0.0010435990977697017
1.8862759,0.0028462048492054145,0.010082093840235382,0.0005717706814159161,0.0025251608863424133,0.003159130579041438,0.006312025022048572,0.0017726983758065266,0.0010109853626232245
1.8867414,0.0028279857977444316,0.010230416314000037,0.0005805923401853099,0.0025276841659475154,0.0032241187822570874,0.006313645167270089,0.0017455023330117208,0.0009786240999528672
1.8872069,0.0028098629101549555,0.010379934747942078,0.0005899416288593704,0.0025301375649767754,0.003290708235205845,0.006315442864096873,0.0017179429648179283,0.0009465279220641148
1.8876724,0.0027918430482422414,0.010530641709505191,0.000599823623239937,0.002532521624273962,0.0033589061053501063,0.006317418552629672,0.0016900245107883314,0.0009147095477533022
1.8881379,0.002773933127684445,0.010682529531610575,0.0006102433475488509,0.002534836898112605,0.0034287192459205138,0.006319572677706986,0.0016617514127683344,0.0008831818008873959
1.8886034,0.0027561401166915755,0.010835590312597608,0.0006212057726212063,0.002537083953964189,0.0035001541907665923,0.006321905689262034,0.0016331283162678886,0.0008519576089395261
1.889069,0.002738471034636897,0.010989815916213588,0.0006327158140912771,0.002539263372265021,0.00357321714925512,0.006324418042687926,0.0016041600718002234,0.0008210500014801662
1.8895345,0.0027209329506607386,0.011145197971653267,0.0006447783305717433,0.0025413757461817577,0.0036479140012184354,0.006327110199210861,0.0015748517361760252,0.0007904721086238779
1.89,0.002703532982246688,0.01130172787364893,0.0006573981218268477,0.0025434216813756,0.0037242502919548727,0.0063299826262710876,0.0015452085737521094,0.0007602371594315525
1.8904655,0.0026862782937701157,0.011459396782611746,0.0006705799269401307,0.002545401795765103,0.0038022312272835246,0.006333035797911349,0.0015152360576336404,0.0007303584802680954
1.890931,0.0026691760950190127,0.011618195624825188,0.0006843284224774019,0.002547316719287566,0.003881861668655512,0.006336270195172446,0.0014849398708289621,0.0007008494931155126
1.8913966,0.002652233639687083,0.011778115092691308,0.000698648220645622,0.0025491670936589324,0.0039631461283239225,0.006339686306495568,0.0014543259073561225,0.0006717237138413683
1.8918621,0.0026354582238390617,0.011939145645030748,0.0007135438674483709,0.002550953572132132,0.004046088764574553,0.0063432846281310015,0.0014234002733001774,0.0006429947504225958
1.8923276,0.0026188571843482208,0.012101277507437346,0.0007290198408385932,0.002552676819253792,0.00413069337701956,0.006347065664552763,0.001392169287820379,0.0006146763011246461
1.8927931,0.0026024378973060554,0.012264500672688316,0.0007450805488693149,0.0025543375106192472,0.004216963401956114,0.0063510299288787216,0.0013606394841063456,0.0005867821526359601
1.8932586,0.002586207776404146,0.012428804901211007,0.0007617303278430477,0.0025559363326257876,0.004304901907792114,0.006355177943295691,0.0013288176102823096,0.0005593261781577529
1.8937241,0.00257017427128822,0.012594179721607318,0.0007789734404606125,0.0025574739822240657,0.004394511590541028,0.0063595102394889864,0.0012967106302585385,0.0005323223354490962
1.8941897,0.0025543448658844276,0.012760614431236817,0.0007968140739701199,0.0025589511666675997,0.004485794769387943,0.0063640273590758675,0.0012643257245290038,0.0005057846648272829
1.8946552,0.002538727076697856,0.012928098096859731,0.000815256338316861,0.0025603686032602806,0.0045787533823288835,0.006368729854042235,0.0012316702909143796,0.0004797272871234626
1.8951207,0.002523328451083293,0.013096619555340873,0.0008343042642948605,0.0025617270191017876,0.00467338898188551,0.006373618287181929,0.0011987519452494426,0.0004541644015935418
1.8955862,0.00250815656548824,0.013266167414415586,0.0008539618017008522,0.002563027150830799,0.0047697027308973025,0.006378693232537895,0.0011655785220139497,0.00042911028378434484
1.8960517,0.0024932190236681565,0.013436730053518758,0.000874232817491435,0.0025642697443658815,0.004867695398393367,0.0063839552758444785,0.0011321580749060688,0.00040457928335504116
1.8965172,0.00247852345487391,0.013608295624677826,0.0008951210939441758,0.0025654555546439427,0.004967367355546014,0.0063894050149700355,0.0010984988773574426,0.0003805858218538489
1.8969828,0.002464077512011387,0.013780852053470802,0.0009166303268234212,0.002566585345356152,0.005068718571708269,0.006395043060359035,0.0010646094229889772,0.000357144390450032
1.8974483,0.0024498888697731974,0.013954387040050217,0.0009387641235515785,0.0025676598886812613,0.0051717486105375046,0.006400870035472783,0.0010304984260064648,0.0003342695476212194
1.8979138,0.0024359652227424044,0.01412888806023392,0.0009615260013866306,0.0025686799650162817,0.005276456626207364,0.006406886577227878,0.0009961748215351577,0.00031197591679608825
1.8983793,0.0024223142834682073,0.014304342366663675,0.0009849193856066437,0.0025696463627045145,0.005382841359710139,0.006413093336431465,0.0009616477658924332,0.0002902781839524673
1.8988448,0.002408943780513496,0.01448073699003249,0.0010089476077020357,0.0025705598777609655,0.005490901135251735,0.006419490978212359,0.0009269266367977023,0.0002691910951709272
1.8993103,0.002395861456474215,0.014658058740381622,0.0010336139035763605,0.0025714213135952088,0.005600633856741344,0.006426080182447136,0.0008920210335187287,0.0002487294541439308
1.8997759,0.0023830750659704974,0.01483629420846814,0.0010589214117563697,0.002572231480731802,0.005712037004377884,0.0064328616441802575,0.0008569407769535448,0.0002289081196406193
1.9002414,0.0023705923736095573,0.015015429767203905,0.001084873171612101,0.0025729911965283853,0.005825107631335218,0.006439836074037324,0.0008216959096471721,0.00020974200292731235
1.9007069,0.0023584211519203954,0.015195451573166862,0.0011114721215877393,0.002573701284891632,0.00593984236054818,0.006447004198630538,0.0007862966957423787,0.0001912460651437999
1.9011724,0.0023465691792604036,0.015376345568185427,0.0011387210974439924,0.0025743625759912362,0.0060562373816013424,0.0064543667609554345,0.0007507536208637198,0.00017343531463550758
1.9016379,0.0023350442376939918,0.015558097480996732,0.0011666228305127141,0.002574975905972161,0.006174288447722516,0.006461924520777918,0.0007150773919341295,0.00015632480424162
1.9021034,0.002323854110843366,0.015740692828979486,0.0011951799459645092,0.0025755421166653663,0.00629399087288293,0.006469678255010699,0.0006792789369233357,0.00013992962853925448
1.902569,0.0023130065817116158,0.01592411691996221,0.001224394961090051,0.002576062055297242,0.006415339529006091,0.006477628758078185,0.0006433694045273777,0.00012426492104378935
1.9030345,0.0023025094304782888,0.01610835485410753,0.0012542702835958398,0.00257653657419796,0.006538328843287345,0.006485776842268981,0.0006073601637785108,0.00010934585136546377
1.9035,0.0022923704322676745,0.016293391525873266,0.0012848082099151217,0.0025769665305089336,0.006662952795626184,0.006494123338075113,0.0005712628035847823,9.518762232238122e-05
1.9039655,0.0022825973548900704,0.016479211626050885,0.0013160109235346878,0.0025773527858895724,0.00678920491617337,0.0065026690945171545,0.0005350891321985674,8.180546701006389e-05
1.904431,0.0022731979565563457,0.016665799643881932,0.0013478804933382588,0.002577696206223478,0.006917078282994999,0.006511414979454366,0.0004988511766133656,6.921464582772105e-05
1.9048966,0.0022641799835661698,0.016853139869252843,0.0013804188719671608,0.002577997661324231,0.007046565519855665,0.006520361879878992,0.00046256118188817006,5.7430443461411985e-05
1.9053621,0.0022555511679703297,0.01704121639496858,0.0014136278941989874,0.002578258024640885,0.007177658794122867,0.006529510702193816,0.00042623161039874447,4.646816582430575e-05
1.9058276,0.0022473192252075867,0.017230013119105367,0.0014475092753449448,0.002578478172963291,0.007310349814794838,0.0065388623724720206,0.00038987514101516545,3.634313695426872e-05
1.9062931,0.0022394918517165763,0.0174195137474427,0.0014820646096665676,0.0025786589861273557,0.007444629830653953,0.006548417836698391,0.00035350466820502043,2.707069586904363e-05
1.9067586,0.0022320767225232742,0.017609701795974746,0.0015172953688125004,0.0025788013467203373,0.007580489628547843,0.006558178060990825,0.0003171333010616749,1.866619337931719e-05
1.9072241,0.002225081488804587,0.017800560593501134,0.0015532029002760447,0.0025789061397862747,0.007717919531800313,0.006568144031801064,0.0002807743622570524,1.1144988860000854e-05
1.9076897,0.0022185137754286346,0.017992073284297028,0.0015897884258741838,0.002578974252531639,0.007856909398754091,0.006578316756093543,0.00024444138691839085,4.522446980069344e-06
1.9081552,0.0022123811784723183,0.01818422283086241,0.0016270530402488108,0.0025790065740312965,0.007997448621447408,0.006588697261501211,0.00020814812142845932,-1.1860656086859588e-06
1.9086207,0.0022066912627168095,0.018376992016750384,0.0016649977093908931,0.0025790039949348804,0.00813952612442634,0.006599286596457136,0.00017190852214873372,-5.965183623620392e-06
1.9090862,0.002201451559121663,0.01857036344947428,0.0017036232691883097,0.002578967407173683,0.008283130363694768,0.006610085830300681,0.00013573675406504987,-9.79954654353446e-06
1.9095517,0.0021966695622783225,0.01876431956349328,0.0017429304239981003,0.002578897703668189,0.008428249325803825,0.0066210960533570305,9.96471893552696e-05,-1.2673802040908477e-05
1.9100172,0.0021923527278438644,0.018958842623276104,0.0017829197452438588,0.0025787957780363875,0.008574870527082603,0.00663231837698877,6.365440587851545e-05,-1.4572609453655669e-05
1.9104828,0.0021885084699558915,0.01915391472644225,0.0018235916700389927,0.002578662524302999,0.008722981013011959,0.006643753933618302,2.7773185585543024e-05,-1.5480643295958658e-05
1.9109483,0.002185144158629519,0.01934951780698006,0.0018649464998365646,0.002578498836609765,0.008872567357743215,0.0066554038767197956,-7.98148715016828e-06,-1.5382596807740864e-05
1.9114138,0.002182267117137431,0.019545633638540696,0.0019069843991064352,0.0025783056089269387,0.00902361566376355,0.006667269380779395,-4.3594427281017876e-05,-1.4263185542315599e-05
1.9118793,0.002179884619373986,0.01974224383780706,0.0019497053940404222,0.00257808373476611,0.009176111561709915,0.006679351641222388,-7.905025091398268e-05,-1.2107150991750481e-05
1.9123448,0.0021780038872043395,0.01993932986793643,0.001993109371286192,0.002577834106894486,0.009330040210333315,0.0066916518743060024,-0.0001143333772198053,-8.899264249481284e-06
1.9128103,0.002176632087799569,0.02013687304207546,0.0020371960767106016,0.0025775576170507606,0.009485386296615241,0.006704171316976543,-0.00014942803042305452,-4.624329709706229e-06
1.9132759,0.002175776330958766,0.02033485452694607,0.0020819651141932,0.0025772551556626994,0.009642134036038091,0.00671691122668955,-0.00018431824187343054,7.328111969131467e-07
1.9137414,0.002175443666419063,0.02053325534650049,0.002127415944450596,0.0025769276115665853,0.009800267173011327,0.006729872881191736,-0.00021898785219867577,7.1872762317259204e-06
1.9142069,0.0021756410811545543,0.02073205638564365,0.0021735478838923955,0.002576575871728673,0.00995976898145518,0.00674305757826341,-0.0002534205135394402,1.4754138541232668e-05
1.9146724,0.002176375496665092,0.020931238394020866,0.0022203601035093996,0.002576200820968809,0.010120622265543585,0.006756466635420092,-0.0002875996918664349,2.3448422815398158e-05
1.9151379,0.0021776537662559345,0.021130781989868598,0.0022678516277947563,0.002575803341686375,0.010282809360608037,0.0067701013895720375,-0.0003215086693801921,3.328510141165322e-05
1.9156034,0.0021794826723092377,0.021330667663925967,0.0023160213336987515,0.0025753843135886997,0.010446312134203987,0.006783963196640347,-0.00035513054699373443,4.427909044511381e-05
1.916069,0.002181868923548384,0.021530875783404495,0.0023648679496179156,0.002574944613422072,0.010611111987341288,0.006798053431128347,-0.0003884482468984391,5.6445245845554674e-05
1.9165345,0.0021848191522961585,0.02173138659601337,0.002414390054419123,0.002574485114705487,0.010777189855880175,0.0068123734856469316,-0.000421444515213365,6.979835938168649e-05
1.917,0.002188339911727782,0.02193218023403752,0.0024645860764993615,0.002574006687467241,0.010944526212094194,0.006826924770392561,-0.0004541019247182841,8.435315465330161e-05
1.9174655,0.002192437673119826,0.02213323671846575,0.0025154542928818567,0.00257351019798448,0.01111310106640139,0.006841708712576624,-0.0004864028776706264,0.00010012428305187733
1.917931,0.002197118823096038,0.02233453596316597,0.0025669928283492444,0.0025729965085257997,0.011282893969264999,0.006856726755804989,-0.0005183296087065102,0.000117126319690252
1.9183966,0.00220238966087111,0.02253605777910487,0.002619199654614496,0.0025724664770969785,0.011453884013264833,0.006871980359406734,-0.0005498641878259923,0.0001353737593020157
1.9188621,0.0022082563954934245,0.022737781878609246,0.002672072589530295,0.002571920957189912,0.011626049835340439,0.006887470997711267,-0.0005809885234626407,0.000154881012111278
1.9193276,0.002214725143087814,0.022939687879666413,0.0027256092963375556,0.0025713607975348185,0.011799369619206981,0.006903200159273409,-0.0006116843656375031,0.0001756623996734924
1.9197931,0.0022218019240993502,0.023141755310261084,0.002779807282953758,0.0025707868418557637,0.011973821097944799,0.0069191693460462665,-0.0006419333091975205,0.0001977321506880323
1.9202586,0.0022294926605391854,0.023343963612746262,0.0028346639013017523,0.0025701999286295574,0.012149381556763404,0.006935380072501993,-0.0006717167971384129,0.00022110439678322974
1.9207241,0.0022378031732334424,0.02354629214824548,0.0028901763466796736,0.002569600890848076,0.012326027835940737,0.006951833864700707,-0.0007010161240120419,0.0002457931682746099
1.9211897,0.002246739179076168,0.02374872020108377,0.002946341657172606,0.0025689905557840682,0.012503736333938389,0.006968532259307946,-0.0007298124394182408,0.0002718123898970752
1.9216552,0.0022563062882873385,0.023951226983244655,0.0030031567131066027,0.002568369744760516,0.012682483010693423,0.006985476802561114,-0.0007580867515810824,0.0002991758765118127
1.9221207,0.002266510001676918,0.024153791638850366,0.0030606182365456557,0.0025677392729236254,0.012862243391087425,0.007002669049185512,-0.0007858199310095393,0.0003278973287887169
1.9225862,0.002277355707915961,0.024356393248662556,0.0031187227908322096,0.002567099949019536,0.01304299256859331,0.007020110561260648,-0.0008129927142424747,0.00035799032886513324
1.9230517,0.0022888486808157415,0.02455901083460099,0.003177466780171777,0.00256645257517482,0.013224705209100338,0.007037802907037593,-0.0008395857076778804,0.00038946833598174575
1.9235172,0.002300994076615883,0.024761623364277792,0.0032368464492622023,0.0025657979466808547,0.013407355554917746,0.007055747659708221,-0.0008655793914862603,0.00042234468209645083
1.9239828,0.0023137969312824625,0.024964209755545246,0.0032968578829681203,0.0025651368517821222,0.01359091742895732,0.00707394639612717,-0.0008909541236080436,0.0004566325674770802
1.9244483,0.0023272621578170386,0.025166748881055415,0.0033574970060411408,0.0025644700714684823,0.01377536423909517,0.007092400695487367,-0.000915690143834894,0.0004923450562738626
1.9249138,0.002341394543577573,0.0253692195728301,0.003418759582886273,0.0025637983792714467,0.01396066898271299,0.007111112137949911,-0.0009397675779747708,0.00052949507207254
1.9253793,0.00235619874761218,0.02557160062683998,0.003480641217375096,0.0025631225410644607,0.014146804251419032,0.007130082303229106,-0.0009631664421005763,0.0005680953934290825
1.9258448,0.002371679298006662,0.025773870807591845,0.003543137352706146,0.0025624433148671803,0.014333742235948983,0.007149312769133336,-0.0009858666468822031,0.0006081586493869802
1.9263103,0.0023878405892467725,0.025976008852723005,0.0036062432713129967,0.0025617614506537123,0.014521454731246861,0.007168805110062491,-0.001007848002001763,0.0006496973149781328
1.9267759,0.002404686879596154,0.026177993477601778,0.003669954094820461,0.00256107769016478,0.014709913141726058,0.007188560895462573,-0.001029090220651747,0.0006927237067083948
1.9272414,0.002422222288490915,0.026379803379932995,0.003734264784049343,0.002560392766723747,0.014899088486710526,0.007208581688238097,-0.001049572924115828,0.0007372499780288735
1.9277069,0.0024404507939517913,0.026581417244367363,0.0037991701390701557,0.0025597074050564337,0.015088951406056053,0.007228869043122867,-0.0010692756464319596,0.0007832881147941035
1.9281724,0.002459376230014851,0.026782813747113738,0.0038646647993062144,0.00255902232111466,0.015279472165951458,0.0072494245050097215,-0.0010881778391373816,0.0008308499307082448
1.9286379,0.0024790022841817316,0.02698397156055314,0.0039307432436865245,0.002558338221903449,0.015470620664899409,0.007270249607239844,-0.0011062588760950825,0.0008799470627604641
1.9291034,0.0024993324948904003,0.02718486935785343,0.003997399790848867,0.00255765580531184,0.01566236643987654,0.007291345869852279,-0.0011234980584012072,0.0009305909666506788
1.929569,0.0025203702490074428,0.027385485817583637,0.004064628599393501,0.0025569757599472466,0.015854678672672335,0.007312714797794351,-0.0011398746193728468,0.0009827929122068653
1.9300345,0.002542118779342913,0.027585799628326732,0.004132423668187905,0.0025562987649733093,0.016047526196406252,0.007334357879093748,-0.001155367729615593,0.0010365639787951564
1.9305,0.002564581162188774,0.027785789493289567,0.004200778836722975,0.002555625489951157,0.016240877502222348,0.0073562765829931365,-0.0011699565021701906,0.0010919150507239753
1.9309655,0.0025877603148819787,0.027985434134908577,0.004269687785521119,0.0025549565946839958,0.016434700746160685,0.007378472358048251,-0.0011836199977375847,0.0011488568126434757
1.931431,0.0026116589933932394,0.028184712299449546,0.004339144036596667,0.0025542927290649283,0.016628963756204613,0.007400946630190536,-0.0011963372299816203,0.0012073997449415638
1.9318966,0.0026362797899425494,0.028383602761599895,0.004409140953969058,0.002553634532927914,0.016823634039502922,0.007423700800755501,-0.001208087170908612,0.0012675541191377853
1.9323621,0.0026616251306425314,0.02858208432905161,0.004479671744229211,0.002552982635901777,0.017018678789765852,0.007446736244478103,-0.0012188487563229678,0.0013293299932763607
1.9328276,0.002687697273170686,0.028780135847073014,0.00455072945715954,0.002552337657267187,0.017214064894833698,0.007470054307456543,-0.001228600891358016,0.001392737207319653
1.9332931,0.0027144983044716246,0.028977736203067473,0.004622306986407996,0.0025517002058165353,0.017409758944416823,0.0074936563050859535,-0.0012373224560811508,0.0014577853785433573
1.9337586,0.0027420301384903775,0.029174864331116976,0.004694397070216558,0.0025510708797166336,0.017605727238005738,0.007517543519963581,-0.0012449923111723963,0.001524483896934698
1.9342241,0.0027702945139378584,0.029371499216508588,0.004766992292204555,0.002550450266374141,0.01780193579294986,0.007541717199767164,-0.0012515893036754622,0.0015928419205949375
1.9346897,0.0027992929920895955,0.02956761990024159,0.004840085082207201,0.0025498389423036327,0.017998350352703595,0.007566178555108404,-0.0012570922728203468,0.0016628683711475075
1.9351552,0.002829026954618861,0.02976320548351322,0.004913667717169677,0.002549237472998184,0.01819493639523817,0.007590928757363501,-0.0012614800559165261,0.0017345719291530955
1.9356207,0.002859497601465333,0.029958235132180933,0.004987732322097083,0.0025486464128023647,0.018391659141617688,0.0076159689364828104,-0.0012647314943157301,0.0018079610295330475
1.9360862,0.0028907059487404407,0.0301526880811993,0.005062270871060531,0.002548066304787523,0.01858848356473768,0.00764130017878173,-0.0012668254394432804,0.0018830438570024513
1.9365517,0.002922652826670566,0.0303465436390299,0.00513727518825961,0.00254749768062926,0.01878537439822429,0.00766692352471498,-0.0012677407588969048,0.0019598283415142854
1.9370172,0.002955338877579304,0.030539781192022587,0.005212736949141425,0.0025469410604870265,0.018982296145492183,0.007692839966636526,-0.001267456342611909,0.0020383221537160234
1.9374828,0.002988764553909984,0.030732380208766907,0.005288647681576362,0.002546396952885777,0.019179213088958928,0.007719050446547457,-0.0012659511090915344,0.0021185327004200707
1.9379483,0.0030229301162897062,0.03092432024441242,0.005364998767090733,0.0025458658545996576,0.019376089299413646,0.007745555853834161,-0.0012632040117012818,0.002200467120089418
1.9384138,0.003057835631636137,0.031115580944957037,0.005441781442156407,0.0025453482505377067,0.019572888645537495,0.007772357022999125,-0.0012591940450259356,0.0022841322783398923
1.9388793,0.003093480971308337,0.03130614205150244,0.005518986799537502,0.002544844613631566,0.01976957480357343,0.007799454731386684,-0.0012539002512879642,0.002369534763460422
1.9393448,0.003129865809302882,0.031495983404475854,0.005596605789694249,0.002544355404725173,0.019966111267142587,0.007826849696905966,-0.001247301726825922,0.0024566808819527757
1.9398103,0.0031669896204965307,0.031685084947817355,0.005674629222244024,0.0025438810724664166,0.020162461357204516,0.007854542575753208,-0.001239377628631416,0.0025455766540923193
1.9402759,0.0032048516789366707,0.03187342673313206,0.005753047767479601,0.002543422053200725,0.020358588232158425,0.00788253396013559,-0.0012301071809431607,0.0026362278095114224
1.9407414,0.0032434510561807576,0.03206098892380608,0.005831851957944604,0.0025429787708665485,0.020554454898082528,0.007910824375998658,-0.001219469681896608,0.002728639782807239
1.9412069,0.003282786619685941,0.0322477517990853,0.005911032190066109,0.002542551636892707,0.020750024219108463,0.00793941428075939,-0.0012074445102276102,0.0028228177091756445
1.9416724,0.0033228570312500414,0.03243369575811567,0.005990578725844351,0.0025421410500975866,0.020945258927927795,0.007968304061046863,-0.001194011132028554,0.0029187664200731444
1.9421379,0.0033636607455050267,0.03261880132394364,0.0060704816945994266,0.0025417473965901856,0.021140121636427412,0.007997494030452437,-0.0011791491075553748,0.0030164904389085776
1.9426034,0.0034051960084640967,0.03280304914747536,0.006150731094774906,0.0025413710496730423,0.021334574846450665,0.008026984427291325,-0.00116283809808383,0.0031159939767664282
1.943069,0.0034474608561234792,0.03298642001139324,0.006231316795798229,0.0025410123697470993,0.02152858096068113,0.008056775412377327,-0.0011450578728133783,0.003217280928163574
1.9435345,0.0034904531131200083,0.03316889483402833,0.006312228539997761,0.0025406717042185745,0.02172210229364571,0.008086867066812494,-0.0011257883158169828,0.0033203548668412847
1.944,0.003534170391445555,0.03335045467318724,0.0063934559445763695,0.0025403493874079177,0.021915101082833805,0.008117259389793373,-0.0011050094330351148,0.003425219041594284
1.9444655,0.0035786100892193657,0.03353108072993228,0.006474988503641336,0.002540045740460943,0.02210753949992917,0.008147952296435484,-0.001082701359312223,0.003531876372138718
1.944931,0.0036237693895193566,0.03371075435231313,0.006556815590290407,0.002539761071262217,0.0222993796621509,0.008178945615617612,-0.001058844365473904,0.0036403294450208573
1.9453966,0.0036696452592733988,0.03388945703904842,0.0066389264587537414,0.0025394956743508023,0.022490583643699873,0.008210239087847477,-0.0010334188654430028,0.0037505805095684086
1.9458621,0.003716234448211643,0.03406717044315553,0.006721310246591431,0.0025392498308384496,0.022681113487306854,0.008241832363150294,-0.0010064054233928485,0.0038626314738862987
1.9463276,0.0037635334878808975,0.03424387637552673,0.0068039559769462726,0.0025390238083303233,0.022870931215878253,0.008273724998981751,-0.0009777847609358224,0.003976483900898796
1.9467931,0.0038115386907220847,0.03441955680844977,0.006886852560851363,0.0025388178608483428,0.023059998844235378,0.008305916458166836,-0.0009475377643454333,0.004092139004439839
1.9472586,0.0038602461492117635,0.03459419387907099,0.006969988799592082,0.002538632228757221,0.023248278390942893,0.008338406106865953,-0.000915645491810055,0.0042095976453934165
1.9477241,0.00390965173506871,0.03476776989279935,0.007053353387121947,0.002538467138693286,0.02343573189022196,0.008371193212569654,-0.0008820891807164487,0.004328860327885811
1.9481897,0.003959751098526506,0.03494026732664971,0.007136934912531804,0.0025383228034961793,0.02362232140394333,0.008404276942123331,-0.0008468502549611596,0.004449927195531531
1.9486552,0.004010539667673083,0.03511166883252374,0.007220721862571716,0.0025381994221435524,0.023808009033695548,0.008437656359783099,-0.0008099103322878329,0.0045727980277347246
1.9491207,0.004062012647858165,0.035281957240427014,0.007304702624224922,0.0025380971796889074,0.023992756932923284,0.008471330425304074,-0.000771251231648453,0.004697472236047878
1.9495862,0.004114165021169526,0.03545111556162077,0.007388865487333152,0.0025380162472027415,0.02417652731913051,0.008505297992062219,-0.0007308549805864562,0.004823948860589627
1.9500517,0.0041669915459789765,0.0356191269917068,0.007473198647272618,0.002537956781717168,0.024359282486143163,0.008539557805210894,-0.0006887038226396174,0.004952226566523508
1.9505172,0.0042204867565590115,0.03578597491364373,0.007557690207679985,0.0025379189261741752,0.024540984816425734,0.00857410849987327,-0.0006447802247605556,0.00508230364059945
1.9509828,0.004274644962771014,0.03595164290069299,0.007642328183227653,0.002537902809377691,0.024721596793446064,0.008608948599371802,-0.0005990668847526613,0.005214177987759808
1.9514483,0.004329460249825917,0.03611611471929258,0.007727100502447687,0.002537908545949592,0.02490108101408252,0.00864407651349601,-0.0005515467387192005,0.0053478471278117475
1.9519138,0.004384926478118218,0.0362793743318565,0.007811995010603709,0.002537936236289788,0.025079400201067522,0.008679490536809893,-0.0005022029685233083,0.005483308192167718
1.9523793,0.004441037283134216,0.03644140589949755,0.007896999472610028,0.0025379859665404987,0.025256517215461394,0.008715188847000403,-0.0004510190092565531,0.005620557920655847
1.9528448,0.00449778607543533,0.03660219378467104,0.007982101575997241,0.0025380578085548336,0.025432395069150376,0.008751169503268418,-0.0003979785567137199,0.0057595926584020985
1.9533103,0.004555166040717341,0.03676172255373648,0.00806728893392352,0.0025381518198697582,0.02560699693736273,0.008787430444763777,-0.0003430655748714394,0.0059004083527861035
1.9537759,0.004613170139946358,0.03691997697943434,0.008152549088230689,0.002538268043683542,0.025780286171196622,0.00882396948906596,-0.0002862643033682653,0.0060430005504726264
1.9542414,0.004671791109572275,0.037076942043274656,0.008237869512544247,0.0025384065088377384,0.025952226310153537,0.008860784330711977,-0.00022755926498378308,0.0061873643945206565
1.9547069,0.004731021461820487,0.037232602937833995,0.008323237615416418,0.002538567229803767,0.0261227810946708,0.008897872539773002,-0.000166935273114314,0.006333494621572092
1.9551724,0.00479085348506257,0.03738694506895762,0.008408640743511298,0.0025387502066741324,0.02629191447864681,0.008935231560481302,-0.00010437743924275844,0.006481385559121968
1.9556379,0.004851279244266597,0.037539954057863194,0.008494066184831178,0.002538955425158321,0.02645959064195233,0.008972858709908906,-3.9871180400104765e-05,0.006631031122872145
1.9561034,0.004912290581527782,0.037691615743142996,0.008579501171983077,0.002539182856583397,0.02662577400292118,0.009010751176699463,2.6597773383896275e-05,0.006782424814170376
1.956569,0.004973879116680068,0.03784191618266186,0.008664932885484446,0.0025394324578993043,0.0267904292308134,0.00904890601985473,9.504337164342483e-05,0.006935559717536582
1.9570345,0.005036036247989292,0.03799084165534887,0.008750348457107,0.0025397041716888656,0.02695352125824388,0.00908732016757707,0.00016547923605522694,0.007090428498278239
1.9575,0.005098753152928524,0.03813837866288193,0.008835734973257518,0.0025399979261824615,0.027115015293569255,0.009125990416169323,0.00023791865303580747,0.007247023400196691
1.9579655,0.005162020789036152,0.038284513931265286,0.008921079478394482,0.002540313635277343,0.02727487683322575,0.009164913428993388,0.0003123745663598361,0.007405336243386233
1.958431,0.005225829894857281,0.03842923441230114,0.009006368978479323,0.002540651198561537,0.02743307167401057,0.009204085735488745,0.0003888595698024515,0.007565358422127758
1.9588966,0.005290170990968956,0.03857252728495736,0.009091590444461013,0.00254101050134229,0.027589565925299365,0.00924350373025216,0.0004673858998081676,0.007727080902878723
1.9593621,0.005355034381089728,0.038714379956634,0.009176730815792756,0.0025413914146789974,0.027744326021192013,0.009283163672179684,0.0005479654281890985,0.00789049422236119
1.9598276,0.005420410153274025,0.03885478006433188,0.009261777003979484,0.002541793795420566,0.027897318732579064,0.009323061683672092,0.0006306096548552256,0.00805558848574967
1.9602931,0.0054862881811917575,0.03899371547572679,0.009346715896154911,0.002542217486247176,0.02804851117912079,0.009363193749904809,0.0007153297005794383,0.008222353364960513
1.9607586,0.005552658125493605,0.03913117429015322,0.009431534358686764,0.0025426623157164085,0.028197870841130793,0.009403555718163368,0.0008021362998000908,0.008390778097044558
1.9612241,0.005619509435262347,0.03926714483950124,0.009516219240808912,0.002543128098313703,0.02834536557135602,0.009444143297245355,0.0008910397934638282,0.008560851482684775
1.9616897,0.005686831349550608,0.03940161568903032,0.009600757378278988,0.00254361463450712,0.02849096360664506,0.009484952056929818,0.000982050121911451,0.008732561884800549
1.9621552,0.005754612899005323,0.03953457563810339,0.009685135597060083,0.0025441217108063702,0.028634633579496763,0.009525977427514994,0.0010751768178095989,0.00890589722726029
1.9626207,0.005822842907579215,0.03966601372084459,0.009769340717025074,0.0025446490998260788,0.02877634452948155,0.009567214699425222,0.0011704289991310416,0.009080844993704078
1.9630862,0.005891509994329532,0.0397959192067236,0.009853359555682067,0.0025451965603532547,0.02891606591452822,0.009608659022887886,0.0012678153621863701,0.009257392226478041
1.9635517,0.005960602575304266,0.03992428160106952,0.009937178931919435,0.002545763837418943,0.029053767622069324,0.009650305407681185,0.0013673441747098873,0.009435525525682236
1.9640172,0.00603010886551602,0.04005109064551705,0.010020785669768974,0.0025463506623740503,0.029189419980038656,0.009692148722953507,0.001469023269002499,0.00961523104833381
1.9644828,0.006100016881003715,0.04017633631838755,0.010104166602185627,0.0025469567529693387,0.02932299376771442,0.00973418369711513,0.0015728600351344213,0.009796494507647163
1.9649483,0.006170314440982251,0.04030000883500752,0.010187308574842294,0.002547581813439603,0.02945446022640184,0.009776404917802907,0.0016788614142105318,0.009979301172432863
1.9654138,0.006240989170080245,0.04042209864796684,0.010270198449938183,0.002548225534592048,0.029583791069948982,0.009818806831918554,0.0017870338917011994,0.010163635866616928
1.9658793,0.006312028500665912,0.04054259644731948,0.010352823110019182,0.002548887593898903,0.02971095849508972,0.009861383745741066,0.0018973834908414457,0.010349482968882114
1.9663448,0.006383419675261144,0.04066149316072901,0.010435169461808641,0.0025495676555942967,0.02983593519160795,0.009904129825113702,0.0020099157661012893,0.010536826412432709
1.9668103,0.006455149749043789,0.04077877995356186,0.010517224440046923,0.002550265370775424,0.02995869435231749,0.009947039095705962,0.00212463579673012,0.01072564968488434
1.9672759,0.006527205592438145,0.040894448228930916,0.010598975011338036,0.00255098037750803,0.030079209682852288,0.009990105443350869,0.0022415481803779577,0.010915935828280252
1.9677414,0.006599573893793585,0.04100848962769248,0.01068040817800167,0.002551712300936226,0.030197455411261752,0.010033322614457892,0.002360657026796448,0.011107667439235532
1.9682069,0.006672241162151269,0.0411208960283996,0.010761510981928863,0.0025524607533966683,0.030313406297406125,0.010076684216501743,0.002481965951622447,0.011300826669210774
1.9686724,0.006745193730098817,0.04123165954721443,0.010842270508439618,0.0025532253345371156,0.030427037642146947,0.010120183718587349,0.002605478070247079,0.011495395224916683
1.9691379,0.006818417756712813,0.04134077253778279,0.01092267389014063,0.0025540056314394097,0.03053832529632778,0.01016381445209129,0.0027311959917731667,0.011691354368851119
1.9696034,0.006891899230588956,0.04144822759107336,0.011002708310781336,0.0025548012187469496,0.03064724566954076,0.010207569611380035,0.0028591218130639817,0.011888684919970086
1.970069,0.00696562397295966,0.04155401753518399,0.011082361009106369,0.002555611658796733,0.030753775738674802,0.010251442254605414,0.002989257112886286,0.01208736725449425
1.9705345,0.007039577640898862,0.04165813543511716,0.01116161928270256,0.002556436501756076,0.030857893056241644,0.010295425304577714,0.00312160294615065,0.012287381306852583
1.971,0.0071137457306137564,0.04176057459252642,0.011240470491838482,0.002557275285764113,0.030959575758476486,0.010339511549716837,0.003256159838252045,0.01248870657076482
1.9714655,0.007188113580823151,0.04186132854543517,0.01131890206329461,0.0025581275370781817,0.031058802573210344,0.010383693645081921,0.0033929277795137374,0.012691322100464414
1.971931,0.007262666376222071,0.04196039106792884,0.011396901494182156,0.0025589927702251835,0.031155552827511594,0.010427964113479717,0.003531906219737514,0.012895206512063622
1.9723966,0.007337389151032213,0.04205775616982107,0.011474456355748642,0.0025598704881580007,0.031249806455094453,0.01047231534665197,0.003673094062863316,0.013100337985062337
1.9728621,0.007412266792637788,0.04215341809629435,0.011551554297168224,0.0025607601824170494,0.031341544003492545,0.01051673960654199,0.003816489661741404,0.013306694264002212
1.9733276,0.007487284045306222,0.04224737132751525,0.011628183049314799,0.0025616613332970174,0.031430746640995856,0.010561229026640471,0.003962090813020186,0.013514252660267572
1.9737931,0.007562425513993145,0.042339610578223885,0.011704330428515826,0.002562573410018834,0.031517396163349774,0.010605775613410641,0.0041098947521528845,0.01372299005403458
1.9742586,0.007637675668231003,0.042430130797297495,0.011779984340284839,0.0025634958709069003,0.031601475000215325,0.010650371247792645,0.004259898148526212,0.013932882896370055
1.9747241,0.0077130188461006,0.042518927167287245,0.011855132783030511,0.0025644281635716017,0.03168296622139004,0.01069500768678708,0.0044120971007142185,0.014143907211481304
1.9751897,0.007788439258284784,0.04260599510392768,0.011929763851740091,0.0025653697250971,0.03176185354278915,0.010739676565117501,0.004566487131860456,0.014356038599118241
1.9756552,0.007863920992203437,0.04269133025561778,0.012003865741635027,0.002566319982234406,0.031838121332187025,0.010784369396971671,0.004723063185191591,0.014569252237129035
1.9761207,0.007939448016228883,0.04277492850287266,0.012077426751796473,0.002567278351599698,0.03191175461471877,0.010829077577821266,0.004881819619665559,0.014783522884170423
1.9765862,0.00801500418398073,0.04285678595774488,0.012150435288758456,0.0025682442398778566,0.03198273907814184,0.0108737923863197,0.005042750205757347,0.014998824882573798
1.9770517,0.008090573238699147,0.04293689896321463,0.012222879870066417,0.0025692170440311654,0.0320510610778575,0.010918504986277645,0.005205848121385483,0.01521513216136803
1.9775172,0.008166138817695484,0.043015264092548,0.01229474912779884,0.002570196151513126,0.03211670764169179,0.01096320642871584,0.005371105947982318,0.015432418239459931
1.9779828,0.008241684456879065,0.04309187814862293,0.012366031812049684,0.002571180940487338,0.032179666474435854,0.011007887653994726,0.0055385156667111775,0.015650656228973103
1.9784483,0.008317193595358971,0.04316673816322229,0.012436716794369293,0.0025721707800513845,0.03223992596214503,0.01105253949402041,0.005708068654833488,0.015869818838745862
1.9789138,0.008392649580119503,0.04323984139629394,0.0125067930711614,0.0025731650304656917,0.03229747517619625,0.011097152674526455,0.005879755682228962,0.016089878377988736
1.9793793,0.008468035670768015,0.043311185335177194,0.012576249767033787,0.0025741630433873115,0.03235230387710288,0.01114171781743089,0.006053566908071936,0.016310806760102024
1.9798448,0.008543335044353745,0.04338076769379528,0.01264507613810019,0.0025751641621085774,0.032404402518086135,0.011186225443267826,0.006229491877666903,0.016532575506653716
1.9803103,0.00861853080025623,0.043448586411813,0.012713261575231002,0.00257616772180058,0.03245376224840174,0.011230665973692997,0.0064075195194462625,0.01675515575151811
1.9807759,0.008693605965141817,0.04351463965375854,0.012780795607250355,0.0025771730497613854,0.03250037491642068,0.011275029734062468,0.006587638142133268,0.016978518245175208
1.9812414,0.008768543497986763,0.04357892580810835,0.012847667904077188,0.0025781794656689195,0.03254423307246255,0.01131930695608371,0.006769835432073104,0.01720263335917114
1.9817069,0.008843326295165342,0.043641443486333344,0.012913868279808016,0.0025791862818384326,0.03258532997138024,0.011363487780538176,0.00695409845073499,0.017427471090739607
1.9821724,0.00891793719560129,0.04370219152190474,0.012979386695739198,0.0025801928034844554,0.032623659574894784,0.01140756226007447,0.007140413632388211,0.01765300106758445
1.9826379,0.008992358985980874,0.043761168969257504,0.013044213263326655,0.0025811983289871585,0.0326592165536791,0.01145152036207109,0.007328766781954954,0.017879192552823275
1.9831034,0.009066574406025837,0.04381837510270909,0.013108338247081082,0.0025822021501630123,0.032691996289189715,0.01149535197156769,0.007519143073042824,0.0181060144500921
1.983569,0.009140566153824371,0.043873809415331505,0.01317175206739695,0.002583203552539636,0.032721994875245124,0.011539046894263801,0.007711527046159889,0.018333435308811007
1.9840345,0.00921431689121829,0.04392747161777439,0.013234445303313698,0.0025842018156347164,0.03274920911934964,0.011582594859583788,0.00790590260711507,0.01856142332961084
1.9845,0.009287809249244546,0.04397936163703757,0.013296408695207677,0.0025851962132388676,0.032773636543761454,0.011625985523806809,0.008102253025606639,0.018789946369920908
1.9849655,0.009361025833629156,0.04402947961519141,0.013357633147413455,0.002586186013702301,0.03279527538630375,0.011669208473260516,0.008300560934001592,0.019018971949717745
1.985431,0.00943394923033167,0.04407782590804376,0.013418109730773153,0.0025871704802251597,0.03281412460091793,0.011712253227577157,0.00850080832630854,0.019248467257434836
1.9858966,0.009506562011138203,0.0441244010837526,0.013477829685112573,0.0025881488711513747,0.032830183857958196,0.011755109243010809,0.008702976557346824,0.01947839915603314
1.9863621,0.009578846739301082,0.04416920592138321,0.013536784421642889,0.0025891204402658744,0.03284345354422735,0.011797765915814395,0.0089070463421145,0.01970873418923207
1.9868276,0.009650785975223022,0.04421224140940886,0.013594965525286988,0.002590084437094987,0.03285393476275379,0.011840212585675119,0.009112997755357857,0.01993943858790042
1.9872931,0.009722362282183771,0.04425350874415407,0.013652364756929937,0.002591040107209856,0.03286162933231055,0.011882438539206912,0.009320810231345112,0.020170478276606726
1.9877586,0.009793558232107018,0.04429300932817903,0.013708974055593435,0.0025919866925326884,0.032866539786677605,0.011924433013498454,0.009530462563846874,0.02040181888032833
1.9882241,0.00986435641136533,0.044330744768603846,0.013764785540534666,0.002592923431645623,0.032868669373649045,0.011966185199715219,0.009741932906325962,0.020633425731318374
1.9886897,0.009934739426620785,0.04436671687537107,0.013819791513270329,0.002593849560102033,0.032868022053787076,0.012007684246753936,0.009955198772339087,0.020865263876129938
1.9891552,0.010004689910698913,0.04440092765944484,0.013873984459526888,0.002594764310740029,0.03286460249892505,0.012048919264947833,0.01017023703615287,0.021097298082796277
1.9896207,0.010074190528493437,0.04443337933094504,0.013927357051118274,0.002595666913997955,0.03285841609042162,0.012089879329820908,0.0103870239335766,0.021329492848166105
1.9900862,0.010143223982899251,0.04446407429721449,0.013979902147752262,0.0025965565982316668,0.032849468917168126,0.012130553485889463,0.010605535063014034,0.021561812405392698
1.9905517,0.01021177302077106,0.04449301516081716,0.014031612798766762,0.00259743259003338,0.032837767773351276,0.012170930750509124,0.010825745386736455,0.02179422073157553
1.9910172,0.010279820438904989,0.044520204717465435,0.014082482244797226,0.002598294114551888,0.03282332015597348,0.012211000117765594,0.011047629232379159,0.022026681555553033
1.9914828,0.010347349090040496,0.04454564595387456,0.014132503919376288,0.0025991403958139404,0.03280613426213302,0.012250750562407412,0.011271160294663444,0.022259158365844994
1.9919483,0.010414341888879847,0.044569342045542935,0.014181671450466626,0.0025999706570465787,0.03278621898606634,0.01229017104381915,0.011496311637346069,0.02249161441874311
1.9924138,0.010480781818122356,0.04459129635445693,0.014229978661927985,0.0026007841210002047,0.03276358391595479,0.012329250510033548,0.01172305569539806,0.02272401274654845
1.9928793,0.010546651934510539,0.04461151242671924,0.014277419574919148,0.0026015800102721465,0.032738239330497985,0.012367977901781214,0.011951364277414684,0.02295631616595469
1.9933448,0.0106119353748853,0.044629993990100196,0.014323988409235546,0.002602357547630493,0.03271019619525608,0.012406342156576515,0.0121812085682583,0.023188487286575948
1.9938103,0.010676615362247193,0.044646744951511205,0.01436967958458313,0.0026031159563379676,0.0326794661587633,0.012444332212838244,0.01241255913193569,0.023420488519618345
1.9942759,0.010740675211820757,0.04466176939439988,0.014414487721789092,0.0026038544604756342,0.032646061548415206,0.012481937014043576,0.012645385914711477,0.023652282086694246
1.9947414,0.010804098337118881,0.04467507157606642,0.014458407643950098,0.002604572285266263,0.03260999536613235,0.012519145512913813,0.012879658248459044,0.02388383002877805
1.9952069,0.01086686825600416,0.044686655924901064,0.014501434377518746,0.0026052686573971844,0.03257128128380307,0.012555946675630324,0.013115344854250295,0.024115094215302467
1.9956724,0.01092896859674412,0.04469652703754254,0.014543563153329086,0.002605942805342482,0.03252993363850847,0.012592329486079036,0.013352413846185534,0.02434603635339399
1.9961379,0.010990383104057191,0.04470468967595771,0.014584789407562058,0.0026065939596843796,0.03248596742753264,0.012628282950121764,0.013590832735464612,0.0245766179972464
1.9966034,0.011051095645146336,0.04471114876444264,0.014625108782651726,0.0026072213534336763,0.03243939830316146,0.012663796099892634,0.013830568434700421,0.02480680055763097
1.997069,0.011111090215717177,0.044715909386545225,0.014664517128133157,0.002607824222349121,0.032390242567273346,0.01269885799811779,0.014071587262475661,0.025036545311542042
1.9975345,0.011170350945977492,0.04471897678191041,0.014703010501432745,0.002608401805255631,0.03233851716572506,0.012733457742456548,0.014313854948143735,0.025265813411976517
1.998,0.011228862106614902,0.04472035634304944,0.014740585168601732,0.002608953344361297,0.032284239682536,0.012767584469861967,0.014557336636874538,0.025494565897845534
1.9984655,0.01128660811474966,0.044720053612036,0.01477723760499365,0.0026094780855731477,0.032227428333873834,0.012801227360958815,0.014801996894945725,0.025722763704016792
1.998931,0.011343573539859321,0.044718074277133354,0.014812964495886516,0.0026099752788116665,0.03216810196184453,0.012834375644436789,0.015047799715280006,0.02595036767148559
1.9993966,0.011399743109672176,0.044714424169357836,0.014847762737050584,0.002610444178324049,0.03210628002808943,0.012867018601456759,0.015294708523228936,0.02617733855767291
1.9998621,0.011455101716026254,0.04470910925898484,0.014881629435262483,0.0026108840429961925,0.03204198260719191,0.01289914557006774,0.01554268618260347,0.02640363704684852
2.0003276,0.011509634420690768,0.04470213565200387,0.014914561908766588,0.0026112941366634034,0.031975230379896184,0.012930745949632292,0.01579169500195155,0.026629223760677175
2.0007931,0.01156332646114682,0.0446935095865292,0.01494655768768441,0.0026116737284197934,0.03190604462614027,0.012961809205257926,0.016041696741082915,0.026854059268885726
2.0012586,0.011616163256324238,0.04468323742917242,0.014977614514372727,0.0026120220929263414,0.03183444721790545,0.012992324872232171,0.01629265261784112,0.0270781041000488
2.0017241,0.011668130412291394,0.04467132567138322,0.015007730343731152,0.0026123385107176037,0.03176046061188402,0.013022282560458748,0.0165445233151228,0.027301318752490474
2.0021897,0.011719213727894853,0.04465778092576404,0.015036903343459744,0.0026126222685070462,0.03168410784196732,0.013051671958892393,0.01679726898814406,0.02752366370529923
2.0026552,0.011769399200345719,0.04464260992236436,0.015065131894267291,0.0026128726594909957,0.03160541251155572,0.013080482839969671,0.017050849271953723,0.027745099429453454
2.0031207,0.011818673030749616,0.044625819504959606,0.015092414590030934,0.002613088983651199,0.03152439878569235,0.013108705064033156,0.017305223289193178,0.02796558639905435
2.0035862,0.011867021629577135,0.044607416627319825,0.015118750237907968,0.002613270548055982,0.03144109138302239,0.01313632858374624,0.01756034965810245,0.02818508510266313
2.0040517,0.011914431622071682,0.04458740834947258,0.015144137858400786,0.002613416667160006,0.031355515567579886,0.013163343448495776,0.017816186500771988,0.0284035560547393
2.0045172,0.011960889853591634,0.04456580183396429,0.01516857668537611,0.0026135266631026133,0.03126769714040397,0.013189739808779757,0.018072691451639564,0.028620959807176688
2.0049828,0.012006383394883708,0.04454260434212407,0.015192066166039742,0.00261359986600476,0.031177662430986606,0.013215507920577187,0.018329821666231667,0.02883725696093395
2.0054483,0.012050899547284473,0.044517823230333674,0.015214605960868162,0.0026136356142645286,0.03108543828855383,0.013240638149697288,0.018587533830148495,0.02905240817775615
2.0059138,0.012094425847846871,0.04449146594630685,0.015236195943498286,0.002613633254851211,0.030991052073182382,0.0132651209761052,0.018845784168291694,0.029266374191983857
2.0063793,0.01213695007438869,0.044463540025381686,0.015256836200576721,0.0026135921435979483,0.030894531646753688,0.013288946998221302,0.019104528454333827,0.029479115822446243
2.0068448,0.012178460250459839,0.0444340530868288,0.015276527031569703,0.0026135116454929033,0.030795905363746937,0.013312106937191329,0.01936372202042849,0.029690593984434445
2.0073103,0.012218944650225315,0.044403012830178834,0.015295268948534889,0.0026133911349689332,0.030695202061873286,0.013334591641124436,0.019623319767159995,0.02990076970175134
2.0077759,0.012258391803260632,0.044370427031571937,0.015313062675856047,0.0026132299961917063,0.030592451052553368,0.013356392089296435,0.01988327617373143,0.03010960411883366
2.0082414,0.01229679049925654,0.04433630354013235,0.015329909149941636,0.002613027623346193,0.03048768211124098,0.013377499396315372,0.020143545308389847,0.030317058512942273
2.0087069,0.012334129792629767,0.04430065027437069,0.01534580951888806,0.002612783420921447,0.03038092546759633,0.013397904816246664,0.020404080839087395,0.030523094306416258
2.0091724,0.012370399007036442,0.044263475218616524,0.015360765142108369,0.0026124968039935655,0.030272211795513065,0.01341759974669487,0.02066483604437701,0.03072767307898615
2.0096379,0.012405587739784871,0.04422478641948344,0.01537477758992699,0.0026121671985067144,0.030161572203003664,0.01343657573283921,0.020925763824541317,0.030930756580141626
2.0101034,0.012439685866144235,0.04418459198236879,0.015387848643140944,0.0026117940415520675,0.030049038221947964,0.013454824471419824,0.021186816712953253,0.03113230674154864
2.010569,0.012472683543545741,0.04414290006799014,0.015399980292547933,0.002611376781644492,0.029934641797709813,0.013472337814671808,0.021447946887666845,0.03133228568951083
2.0110345,0.012504571215672642,0.04409971888896074,0.015411174738441606,0.0026109148789968013,0.02981841527862678,0.013489107774204126,0.021709106183236473,0.03153065575746979
2.0115,0.012535339616435513,0.044055056706406595,0.015421434390074224,0.002610407805791359,0.029700391405377946,0.013505126524820579,0.02197024610276285,0.03172737949853869
2.0119655,0.012564979773829045,0.04400892182662804,0.015430761865086878,0.0026098550464488043,0.029580603300235084,0.013520386408280101,0.022231317830163796,0.03192241969806345
2.012431,0.012593483013666579,0.04396132259780917,0.015439159988907466,0.0026092560978936575,0.02945908445620283,0.01353487993699377,0.022492272242667772,0.03211573938620577
2.0128966,0.01262084096318861,0.04391226740677882,0.015446631794116471,0.0026086104698165276,0.029335868726054058,0.013548599797656035,0.022753059923527785,0.03230730185054222
2.0133621,0.012647045554541443,0.04386176467582716,0.015453180519780691,0.0026079176849326587,0.029210990311267036,0.013561538854807764,0.02301363117495334,0.03249707064867339
2.0138276,0.012672089028122441,0.04380982285958186,0.015458809610754964,0.0026071772792365462,0.029084483750871228,0.013573690154328804,0.023273936031257762,0.03268500962083762
2.0142931,0.012695963935788328,0.04375645044194796,0.01546352271695206,0.0026063888022523664,0.028956383910209053,0.013585046926857858,0.023533924272218173,0.03287108290252337
2.0147586,0.012718663143923382,0.043701655933115445,0.015467323692580876,0.002605551817279989,0.028826725969620697,0.013595602591137474,0.02379354543664499,0.03305525493707454
2.0152241,0.012740179836364588,0.043645447866638945,0.015470216595353177,0.00260466590163636,0.028695545413059118,0.01360535075728195,0.024052748836157833,0.033237490488282784
2.0156897,0.012760507517181136,0.04358783479659435,0.015472205685659131,0.0026037306468920398,0.02856287801664223,0.013614285229965866,0.024311483569164388,0.033417754652960874
2.0161552,0.01277964001330601,0.04352882529481736,0.015473295425711946,0.0026027456591027095,0.028428759837148914,0.013622400011530927,0.024569698535038625,0.03359601287349109
2.0166207,0.012797571477017705,0.043468427948229194,0.015473490478661853,0.002601710559035445,0.02829322720046542,0.013629689305008614,0.024827342448494546,0.033772230950342715
2.0170862,0.012814296388270476,0.04340665135625481,0.015472795707679643,0.0026006249823895557,0.028156316689988477,0.013636147517056198,0.025084363854151442,0.033946375054552856
2.0175517,0.01282980955687176,0.043343504128338387,0.0154712161750099,0.0025994885800117835,0.028018065134991384,0.013641769260803495,0.025340711141286384,0.03411841174016507
2.0180172,0.01284410612450578,0.04327899488156095,0.015468757140993963,0.0025983010181056354,0.027878509598959003,0.013646549358607747,0.025596332558769624,0.034288307956619905
2.0184828,0.012857181566602508,0.043213132238364274,0.015465424063062635,0.0025970619784346305,0.027737687367897692,0.013650482844713943,0.025851176230178203,0.0344560310610917
2.0189483,0.012869031694051503,0.04314592482438515,0.015461222594698516,0.002595771158519229,0.027595635938626028,0.013653564967818003,0.026105190169083005,0.034621548830765715
2.0194138,0.012879652654760343,0.04307738126640358,0.01545615858436778,0.002594428271827227,0.027452393007052267,0.013655791193530189,0.0263583222945042,0.03478482947504941
2.0198793,0.012889040935057546,0.043007510190408285,0.015450238074421141,0.0025930330479574213,0.027307996456444543,0.013657157206736258,0.02661052044652994,0.03494584164771135
2.0203448,0.012897193360940104,0.042936320219782664,0.015443467299963667,0.0025915852328163634,0.027162484345699876,0.013657658913853862,0.02686173240209285,0.03510455445894096
2.0208103,0.012904107099165877,0.042863819973613625,0.015435852687693,0.002590084588788055,0.027015894897618135,0.013657292444982011,0.027111905890898635,0.03526093748732217
2.0212759,0.012909779658191234,0.042790018065125876,0.015427400854705488,0.002588530894896455,0.02686826648718698,0.013656054155941634,0.02736098861150098,0.03541496079171362
2.0217414,0.012914208888954405,0.04271492310024362,0.015418118607269715,0.0025869239469606853,0.026719637629883827,0.01365394063020559,0.027608928247516706,0.035566594923027994
2.0222069,0.012917392985505047,0.04263854367628152,0.015408012939566791,0.0025852635577428428,0.02657004697000065,0.013650948680716913,0.027855672483974726,0.03571581093590259
2.0226724,0.012919330485480579,0.042560888380766264,0.015397091032396875,0.0025835495570883443,0.026419533268997323,0.013647075351594337,0.02810116902379238,0.03586258040025331
2.0231379,0.012920020270429763,0.04248196579039042,0.015385360251851318,0.0025817817920587437,0.026268135393889117,0.013642317919724447,0.028345365604372258,0.036006875412703775
2.0236034,0.012919461565984003,0.042401784470099624,0.01537282814794979,0.002579960127056979,0.026115892305673863,0.01363667389623993,0.028588210014312467,0.03614866860788124
2.024069,0.01291765394187668,0.04232035297231441,0.015359502453241691,0.0025780844439450214,0.025962843047804152,0.013630141027883553,0.028829650110223162,0.036287933169570706
2.0245345,0.012914597311810862,0.04223767983628782,0.015345391081371134,0.0025761546421539,0.0258090267347099,0.013622717298257538,0.029069633833641705,0.036424642841718514
2.025,0.012910291933175609,0.04215377358759947,0.01533050212560477,0.002574170638786081,0.02565448254037647,0.013614400928958078,0.029308109228038733,0.03655877193927671
2.0254655,0.012904738406611157,0.04206864273778675,0.015314843857321871,0.002572132368710168,0.02549924968698354,0.013605190380594852,0.029545024455907107,0.03669029535887926
2.025931,0.012897937675423177,0.04198229578411328,0.015298424724466221,0.002570039784647881,0.025343367433609775,0.013595084353695558,0.029780327815925434,0.03681918858934119
2.0263966,0.01288989102484649,0.041894741209474506,0.015281253349959577,0.002567892857253265,0.025186875065008094,0.013584081789495701,0.030013967760187724,0.036945427721971846
2.0268621,0.012880600081158497,0.04180598748244012,0.015263338530076552,0.0025656915751840477,0.025029811880456367,0.013572181870614026,0.030245892911490324,0.03706898946069315
2.0273276,0.012870066810642853,0.04171604305743237,0.015244689232780924,0.002563435945165063,0.024872217182687964,0.013559384021614017,0.030476052080667244,0.03718985113195388
2.0277931,0.012858293518403898,0.041624916375039483,0.015225314596023304,0.0025611259920436304,0.02471413026690654,0.013545687909451957,0.03070439428396456,0.037307990694431345
2.0282586,0.012845282847032555,0.04153261586246259,0.01520522392600011,0.0025587617588367713,0.024555590409889125,0.013531093443812014,0.03093086876044443,0.03742338674851183
2.0287241,0.012831037775124532,0.04143914993409473,0.015184426695373739,0.0025563433067701358,0.024396636859181534,0.013515600777328803,0.031155424989409014,0.037536018545542386
2.0291897,0.012815561615651838,0.04134452699222976,0.015162932541453794,0.002553870715308501,0.024237308822389704,0.01349921030569782,0.0313780127078343,0.03764586599684686
2.0296552,0.012798858014188813,0.04124875542789902,0.015140751264339248,0.002551344082177712,0.02407764545657058,0.013481922667674172,0.03159858192780359,0.03775290968250001
2.0301207,0.012780930946994057,0.04115184362183293,0.015117892825021339,0.0025487635233779485,0.02391768585772589,0.01346373874496,0.031817082953930265,0.03785713085985391
2.0305862,0.012761784718949797,0.04105379994554493,0.015094367343447048,0.0025461291731882123,0.023757469050402033,0.013444659661981181,0.03203346640075911,0.037958511471811535
2.0310517,0.012741423961360455,0.04095463276253431,0.01507018509654289,0.0025434411841619704,0.023597033977399314,0.013424686785553898,0.03224768321013533,0.03805703415484265
2.0315172,0.012719853629612322,0.04085435042960489,0.015045356516198694,0.0025406997271139055,0.02343641948959347,0.013403821724441933,0.03245968466853019,0.03815268224673831
2.0319828,0.012697079000696372,0.04075296129829586,0.015019892187210981,0.0025379049910977673,0.023275664335872324,0.013382066328805607,0.03266942242431213,0.03824543979410052
2.0324483,0.012673105670596457,0.040650473716421255,0.014993802845185377,0.002535057183375336,0.023114807153190177,0.013359422689543378,0.0328768485049522,0.038335291559564194
2.0329138,0.012647939551545214,0.04054689602971406,0.014967099374397485,0.0025321565293765424,0.022953886456742484,0.01333589313752719,0.033081915334152896,0.038422223028748696
2.0333793,0.012621586869150136,0.040442236583570816,0.014939792805611498,0.002529203272650809,0.022792940630262992,0.013311480242732744,0.03328457574888979,0.038506220416936326
2.0338448,0.012594054159392399,0.04033650372489259,0.014911894313855752,0.0025261976748097038,0.022632007916445627,0.013286186813265885,0.0334847830163558,0.03858727067547495
2.0343103,0.012565348265501116,0.040229705804017635,0.01488341521615439,0.0025231400154610297,0.022471126407493235,0.013260015894286416,0.03368249085079866,0.03866536149790232
2.0347759,0.012535476334705834,0.04012185117674106,0.01485436696921427,0.0025200305921344837,0.022310334035795312,0.013232970766830629,0.03387765343024224,0.038740481325789534
2.0352414,0.012504445814870096,0.040012948206416585,0.014824761167066249,0.002516869720199052,0.022149668564736828,0.013205054946533845,0.03407022541308296,0.03881261935430128
2.0357069,0.012472264451009085,0.039903005266134974,0.014794609538660023,0.002513657732772317,0.02198916757964028,0.013176272182254216,0.034260161954552275,0.03888176553747043
2.0361724,0.012438940281694335,0.03979203074097362,0.01476392394541166,0.0025103949806218645,0.021828868478843112,0.01314662645459902,0.034447418723036076,0.038947910593184344
2.0366379,0.012404481635348652,0.039680033030311444,0.014732716378702921,0.0025070818320589786,0.02166880846491239,0.013116121974354663,0.03463195191624188,0.03901104600788027
2.0371034,0.01236889712643441,0.039567020550202746,0.014700998957331481,0.0025037186728248274,0.021509024535998813,0.013084763180821657,0.03481371827720439,0.039071164040946585
2.037569,0.01233219565153846,0.039453001735803676,0.01466878392491109,0.002500305905969321,0.021349553477331754,0.01305255474005588,0.03499267511012024,0.03912825772882671
2.0380345,0.012294386385356883,0.03933798504384453,0.014636083647220684,0.0024968439517228224,0.021190431852857194,0.013019501543017451,0.03516878029600291,0.03918232088882229
2.0385,0.01225547877658285,0.039221978955140985,0.01460291060950144,0.0024933332473608787,0.021031695997020223,0.012985608703628632,0.03534199230814906,0.0392333481225921
2.0389655,0.012215482543700902,0.03910499197713721,0.014569277413700716,0.002489774247062123,0.02087338200669369,0.0129508815567421,0.03551227022740798,0.039281334819342935
2.039431,0.012174407670690902,0.03898703264647353,0.014535196775661738,0.002486167421759503,0.020715525733254657,0.01291532565602101,0.035679573757246466,0.039326277158709226
2.0398966,0.0121322644026449,0.03886810953157135,0.014500681522257827,0.00248251325898497,0.02055816277481,0.012878946771732158,0.035843863238601226,0.03936817211331771
2.0403621,0.012089063241300092,0.038748231235227755,0.014465744588469883,0.0024788122627077782,0.020401328468572497,0.012841750888453714,0.03600509966451148,0.039407017451034004
2.0408276,0.012044814940491002,0.03862740639721258,0.014430399014405682,0.0024750649531665066,0.020245057883388547,0.012803744202698945,0.0361632446945243,0.039442811736888024
2.0412931,0.011999530501523917,0.03850564369686039,0.014394657942259557,0.0024712718666949508,0.02008938581241841,0.012764933120457369,0.036318260668865475,0.039475554334675755
2.0417586,0.01195322116847652,0.03838295185565043,0.014358534613210867,0.0024674335555420037,0.019934346765969883,0.012725324254654807,0.036470110622368816,0.039505245408235315
2.0422241,0.01190589842342555,0.03825933963976748,0.01432204236425983,0.002463550587685659,0.019779974964486,0.012684924422533753,0.036618758298157014,0.039531885922395885
2.0426897,0.011857573981605333,0.038134815862636874,0.014285194624999428,0.0024596235466412836,0.01962630433168724,0.012643740642955448,0.03676416816106713,0.03955547764359867
2.0431552,0.011808259786499848,0.03800938938742758,0.0142480049143224,0.0024556530312643014,0.01947336848786856,0.012601780133625078,0.03690630541081424,0.03957602314018926
2.0436207,0.011757968004871073,0.03788306912951714,0.014210486837062766,0.0024516396555474508,0.019321200743351356,0.012559050308241507,0.03704513599488645,0.03959352578238145
2.0440862,0.011706711021726213,0.037755864058913076,0.014172654080571782,0.002447584048412779,0.019169834092090405,0.012515558773573104,0.03718062662116508,0.03960798974189316
2.0445517,0.011654501435226438,0.03762778320262533,0.014134520411228695,0.0024434868534985257,0.01901930120543548,0.012471313326461396,0.03731274477026316,0.03961941999125593
2.0450172,0.011601352051539764,0.0374988356469845,0.014096099670887064,0.0024393487289410517,0.018869634426047336,0.012426321950754405,0.03744145870757594,0.03962782230280059
2.0454828,0.01154727587964069,0.03736903053990077,0.01405740577325767,0.0024351703471519512,0.018720865761967475,0.01238059281417172,0.03756673749503664,0.03963320324732318
2.0459483,0.011492286126059166,0.03723837709305887,0.014018452700229195,0.00243095239459048,0.018573026880841073,0.012334134265103354,0.03768855100257071,0.0396355701924355
2.0464138,0.011436396189581562,0.03710688458404525,0.013979254498128058,0.0024266955715314146,0.018426149104292147,0.01228695482934465,0.03780686991924181,0.03963493130060549
2.0468793,0.01137961965590627,0.036974562358404295,0.013939825273918977,0.0024224005918284546,0.01828026340245002,0.01223906320676955,0.037921665764082964,0.03963129552689265
2.0473448,0.011321970292256664,0.036841419831621744,0.01390017919134827,0.002418068182673264,0.018135400388625926,0.012190468267944692,0.03803291089660663,0.039624672616383506
2.0478103,0.011263462041954045,0.03670746649103409,0.013860330467032212,0.0024136990843502347,0.017991590314138488,0.012141179050686842,0.03814057852698785,0.03961507310133218
2.0482759,0.011204109018953327,0.03657271189766338,0.013820293366493179,0.002409294049987048,0.017848863063286695,0.012091204756566299,0.03824464272591498,0.03960250829801104
2.0487414,0.011143925502344162,0.03643716568797681,0.013780082200146378,0.0024048538453010785,0.017707248148468923,0.012040554747358774,0.038345078434102814,0.0395869903032762
2.0492069,0.011082925930820236,0.03630083757557055,0.013739711319240178,0.0024003792483416834,0.017566774705446448,0.011989238541448266,0.038441861471463216,0.03956853199085234
2.0496724,0.011021124897119492,0.036163737352777066,0.013699195111752941,0.0023958710492283947,0.01742747148874993,0.011937265810183333,0.03853496854592901,0.03954714700734123
2.0501379,0.01095853714243801,0.0360258748921949,0.013658547998249459,0.0023913300498850333,0.017289366867227225,0.011884646374189161,0.03862437726192729,0.03952284976795783
2.0506034,0.010895177550820345,0.03588726014814012,0.013617784427700232,0.002386757063769767,0.017152488819731037,0.011831390199637703,0.038710066128499046,0.039495655451997694
2.051069,0.010831061143529072,0.03574790315801838,0.013576918873266987,0.002382152915601156,0.017016864930944904,0.011777507394478118,0.038792014567062494,0.03946557999803913
2.0515345,0.010766203073396347,0.035607814043616924,0.013535965828058012,0.002377518441080236,0.016882522387346048,0.011723008204629718,0.038870202918817535,0.03943264009888323
2.052,0.01070061861916026,0.03546700301231628,0.01349493980085695,0.002372854486608708,0.01674948797330375,0.011667903010139554,0.0389446124517892,0.03939685319623474
2.0524655,0.010634323179788832,0.03532548035822153,0.013453855311828659,0.002368161909003291,0.016617788067311928,0.01161220232130678,0.03901522536750765,0.03935823747512645
2.052931,0.010567332268794404,0.03518325646321367,0.013412726888205663,0.002363441575206319,0.016487448638354593,0.011555916774775942,0.0390820248073223,0.03931681185808965
2.0533966,0.010499661508541286,0.03504034179792167,0.013371569059958595,0.0023586943619926357,0.016358495242402987,0.011499057129601361,0.039144994858347514,0.03927259599907289
2.0538621,0.010431326624549458,0.03489674692261622,0.013330396355453978,0.002353921155672864,0.01623095301904323,0.011441634263284794,0.03920412055903759,0.039225610277111043
2.0543276,0.010362343439797127,0.034752482488026204,0.013289223297102538,0.002349122851793111,0.01610484668823338,0.011383659167788591,0.03925938790438875,0.03917587578974646
2.0547931,0.010292727869024944,0.03460755923607893,0.013248064397001156,0.0023443003548311576,0.015980200547188777,0.011325142945526466,0.03931078385076606,0.03912341434620387
2.0552586,0.010222495913044655,0.0344619880005653,0.013206934152571492,0.0023394545778891774,0.015857038467394783,0.011266096805334101,0.03935829632035346,0.03906824846032093
2.0557241,0.010151663653054964,0.03431577970773114,0.013165847042198106,0.0023345864423830113,0.015735383891745745,0.011206532058421759,0.039401914205225576,0.039010401343236197
2.0561897,0.010080247244967363,0.034168945376796205,0.013124817520868911,0.002329696877728054,0.015615259831809279,0.011146460114311144,0.03944162737104018,0.03894989689583663
2.0566552,0.010008262913744657,0.03402149612040235,0.013083860015820618,0.0023247868210217993,0.015496688865214768,0.01108589247675881,0.039477426660350895,0.03888675970096655
2.0571207,0.009935726947754894,0.033873443144992806,0.013042988922191783,0.002319857216723157,0.01537969313316498,0.011024840739668399,0.03950930389554016,0.038821015015400355
2.0575862,0.009862655693143348,0.03372479775112389,0.013002218598686029,0.0023149090163286663,0.015264294338069617,0.010963316582994093,0.03953725188137285,0.03875268876158144
2.0580517,0.009789065548225201,0.03357557133371056,0.012961563363247955,0.0023099431780457752,0.015150513741299514,0.01090133176863756,0.039561264407171906,0.03868180751912982
2.0585172,0.009714972957901535,0.033425775382206924,0.012921037488754198,0.002304960666463367,0.015038372161060107,0.010838898136340681,0.03958133624861745,0.03860839851612176
2.0589828,0.009640394408101162,0.033275421480722676,0.012880655198722113,0.0022999624522197144,0.01492788997038268,0.01077602759957629,0.03959746316917141,0.03853248962014472
2.0594483,0.009565346420250816,0.033124521308075944,0.012840430663038416,0.0022949495116680414,0.014819087095231808,0.010712732141439134,0.039609641921129625,0.038454109329131826
2.0599138,0.00948984554577613,0.03297308663778297,0.01280037799371023,0.002289922826539874,0.01471198301272734,0.010649023810539176,0.03961787024630347,0.038373286761979916
2.0603793,0.009413908360635792,0.032821129337984846,0.012760511240640836,0.0022848833836063417,0.014606596749479188,0.010584914716899364,0.03962214687633291,0.038290051648955964
2.0608448,0.009337551459891187,0.0326686613713113,0.012720844387432489,0.002279832174337598,0.014502946880033193,0.010520417027859903,0.03962247153263287,0.03820443432189656
2.0613103,0.00926079145231377,0.03251569479468144,0.012681391347218603,0.0022747701945605154,0.014401051525426244,0.010455542963991109,0.03961884492597445,0.03811646570420549
2.0617759,0.00918364495503235,0.032362241759041246,0.012642165958527555,0.0022696984441148006,0.014300928351848876,0.010390304795016816,0.03961126875570272,0.03802617730065449
2.0622414,0.009106128588222365,0.03220831450903759,0.012603181981180359,0.0022646179265076696,0.014202594569413576,0.010324714835750265,0.03959974570859227,0.037933601186992384
2.0627069,0.009028258969839213,0.03205392538262849,0.012564453092224386,0.0022595296485672218,0.014106066931027079,0.01025878544204438,0.03958427945734185,0.037838769999367604
2.0631724,0.008950052710397576,0.03189908681062919,0.012525992881905335,0.0022544346200946397,0.01401136173136499,0.010192529006758221,0.03956487465870917,0.037741716923569375
2.0636379,0.008871526407798635,0.03174381131619356,0.012487814849679757,0.0022493338535153496,0.013918494805947132,0.010125957955741359,0.039541536951286746,0.03764247568409312
2.0641034,0.008792696642207026,0.03158811151423001,0.012449932400270374,0.002244228363529258,0.013827481530312132,0.010059084743837881,0.03951427295292002,0.03754108053303582
2.064569,0.008713579970979303,0.031432000110751,0.012412358839766538,0.0022391191667601776,0.013738336819289846,0.009991921850911675,0.03948309025776867,0.037437566238827415
2.0650345,0.008634192923645588,0.03127548990215501,0.012375107371772118,0.0022340072814045456,0.013651075126370404,0.00992448177789457,0.03944799743301252,0.037331968074804225
2.0655,0.008554551996946038,0.031118593774439367,0.01233819109360309,0.0022288937268795284,0.013565710443168639,0.00985677704285889,0.03940900401520328,0.03722432180763026
2.0659655,0.00847467364992366,0.030961324702342388,0.012301622992537049,0.0022237795234705945,0.013482256298982873,0.009788820177115918,0.03936612050626401,0.037114663685572216
2.066431,0.008394574299074933,0.030803695748412758,0.012265415942116803,0.0022186656919786314,0.01340072576044706,0.009720623721341677,0.03931935836913802,0.03700303042663375
2.0668966,0.008314270313559673,0.03064572006200423,0.01222958269851027,0.0022135532533666814,0.013321131431275349,0.00965220022173141,0.03926873002308963,0.03688945920655426
2.0673621,0.00823377801047144,0.03048741087819356,0.012194135896928774,0.0022084432284063637,0.013243485452098205,0.009583562226184002,0.03921424883865905,0.0367739876466772
2.0678276,0.008153113650169757,0.030328781516619833,0.012159088048105898,0.002203336637324042,0.013167799500389255,0.009514722280517545,0.03915592913227406,0.0366566538016926
2.0682931,0.008072293431675337,0.030169845380243435,0.012124451534839039,0.002198234499446792,0.0130940847904821,0.009445692924717182,0.039093786160520894,0.036537496147258146
2.0687586,0.007991333488129467,0.030010615954022966,0.012090238608595691,0.002193137832848217,0.013022352073676406,0.009376486689216314,0.03902783611407688,0.03641655356750281
2.0692241,0.007910249882318593,0.029851106803508585,0.012056461386186473,0.0021880476539941685,0.012952611638432579,0.009307116091212169,0.038958096111306934,0.036293865342416895
2.0696897,0.007829058602265128,0.029691331573350167,0.012023131846506873,0.0021829649773884444,0.012884873310654354,0.00923759363101669,0.03888458419152603,0.03616947113513192
2.0701552,0.0077477755568854285,0.029531303985718845,0.011990261827349585,0.0021778908152185576,0.012819146454058662,0.009167931788443667,0.038807319307929695,0.03604341097909374
2.0706207,0.007666416571715814,0.02937103783864073,0.01195786302228927,0.002172826177001686,0.01275543997063203,0.009098143019232913,0.03872632132019439,0.03591572526513186
2.0710862,0.0075849973847074564,0.029210547004241822,0.011925946977641455,0.002167772069230947,0.012693762301172805,0.00902823975151235,0.03864161098675019,0.03578645472842801
2.0715517,0.0075035336420909,0.02904984542690388,0.011894525089497251,0.002162729495022161,0.012634121425918337,0.008958234382298745,0.03855320995672817,0.03565564043538662
2.0720172,0.007422040894310897,0.028888947121331356,0.011863608600835376,0.0021576994537612863,0.012576524865256282,0.008888139274037938,0.038461140761585536,0.035523323770409905
2.0724828,0.007340534592032211,0.028727866170530074,0.01183320859871297,0.002152682940752736,0.012520979680519096,0.00881796675118525,0.03836542680641128,0.03538954642258001
2.0729483,0.0072590300822169725,0.028566616723698493,0.011803336011536587,0.0021476809468687855,0.012467492474860812,0.008747729096826869,0.03826609236091549,0.03525435037225062
2.0734138,0.00717754260427411,0.02840521299403244,0.011774001606414586,0.0021426944582002847,0.012416069394215197,0.00867743854934287,0.03816316255010531,0.03511777787755062
2.0738793,0.007096087286281361,0.028243669256444226,0.01174521598659211,0.0021377244557088866,0.012366716128334383,0.008607107299112548,0.03805666334465039,0.03497987146080217
2.0743448,0.007014679141280283,0.028081999845196857,0.011716989588969785,0.0021327719148809756,0.012319437911907094,0.008536747485262652,0.037946621550940654,0.03484067389485648
2.0748103,0.00693333306364466,0.027920219151453925,0.01168933268170717,0.002127837805383483,0.01227423952575564,0.008466371192459056,0.0378330648008396,0.034700228189350424
2.0752759,0.006852063825522661,0.027758341620745638,0.011662255361911969,0.0021229230907217505,0.0122311252981109,0.008395990447742375,0.03771602154113641,0.034558577576887885
2.0757414,0.006770886073353071,0.027596381750351253,0.011635767553415947,0.0021180287278995905,0.01219009910596451,0.008325617217408003,0.037595521022700966,0.03441576549915005
2.0762069,0.006689814324455879,0.027434354086598237,0.011609879004638482,0.002113155667081694,0.012151164376497579,0.008255263403930985,0.037471593289346405,0.034271835592939
2.0766724,0.006608862963697509,0.027272273222078442,0.011584599286538572,0.002108304851258518,0.01211432408858524,0.008184940842936146,0.03734426916640432,0.034126831676159305
2.0771379,0.0065280462402309445,0.0271101537927815,0.01155993779065608,0.002103477215913773,0.012079580774376503,0.008114661300213894,0.03721358024901856,0.033980797733742775
2.0776034,0.0064473782643110185,0.026948010475145844,0.01153590372724292,0.0020986736886946258,0.012046936520948745,0.008044436468782085,0.037079558890163795,0.033833777903521926
2.078069,0.006366873004185113,0.026785857983027614,0.011512506123484765,0.0020938951890847415,0.012016392972036397,0.007974277965994347,0.03694223818839554,0.033685816462059134
2.0785345,0.006286544283059513,0.02662371106458809,0.011489753821813853,0.0020891426280802666,0.0119879513298333,0.007904197330695209,0.036801651975338016,0.033536957810439284
2.079,0.006206405776141659,0.0264615844991002,0.011467655478313455,0.002084416907868878,0.01196161235686831,0.007834206020422367,0.03665783480291654,0.03338724646003464
2.0794655,0.006126471007758504,0.026299493093675002,0.011446219561214437,0.002079718921512001,0.011937376377953673,0.007764315408656455,0.0365108219303411,0.03323672701825114
2.079931,0.006046753348551257,0.026137451679909163,0.01142545434948444,0.002075049552630302,0.01191524328220578,0.007694536782118635,0.03636064931084823,0.03308544417426564
2.0803966,0.005967266012746695,0.025975475110454786,0.011405367931510176,0.0020704096750925422,0.011895212525137778,0.007624881338116328,0.03620735357820841,0.032933442684763496
2.0808621,0.0058880220555053465,0.025813578255513173,0.01138596820387332,0.0020658001527078694,0.011877283130823561,0.007555360181937436,0.036050972033006924,0.03278076735968579
2.0813276,0.005809034370346711,0.025651775999254466,0.011367262870220355,0.0020612218389216134,0.011861453694132551,0.007485984324293352,0.03589154262870653,0.03262746304799564
2.0817931,0.005730315686651784,0.025490083236165237,0.011349259440226864,0.0020566755765146602,0.011847722383034732,0.007416764678811086,0.03572910395750046,0.03247357462347233
2.0822586,0.005651878567243051,0.02532851486732637,0.011331965228656657,0.0020521621973064678,0.011836086940975394,0.007347712059574811,0.03556369523596493,0.03231914697054213
2.0827241,0.005573735406042152,0.02516708579662365,0.011315387354516175,0.0020476825218618006,0.01182654468931914,0.007278837178717122,0.03539535629052037,0.03216422497015422
2.0831897,0.00549589842580534,0.025005810926893406,0.011299532740304577,0.0020432373592012623,0.011819092529862742,0.007210150644060262,0.03522412754271124,0.03200885348570991
2.0836552,0.005418379675936882,0.024844705156005543,0.011284408111360037,0.0020388275065157044,0.011813726947416597,0.00714166295680758,0.035050049994314256,0.031853077349053294
2.0841207,0.0053411910303804745,0.02468378337288641,0.011270019995302564,0.0020344537488845814,0.011810444012454561,0.0070733845092854075,0.03487316521228514,0.03169694134653095
2.0845862,0.0052643441855887525,0.02452306045348412,0.011256374721573831,0.00203011685899832,0.011809239383832092,0.007005325582735559,0.03469351531355385,0.0315404902051282
2.0850517,0.005187850658570916,0.024362551256679382,0.011243478421074336,0.0020258175968847574,0.011810108311572613,0.006937496345158668,0.03451114294967827,0.0313837685786893
2.0855172,0.005111721785018475,0.02420227062014537,0.011231337025898184,0.002021556709639697,0.01181304563972203,0.006869906849208571,0.0343260912913658,0.031226821034228577
2.0859828,0.005035968717509088,0.02404223335616054,0.011219956269165764,0.00201733493116163,0.011818045809271328,0.00680256703013804,0.03413840401287238,0.031069692038339397
2.0864483,0.004960602423788393,0.02388245424737844,0.011209341684954448,0.002013152981890651,0.01182510286114713,0.006735486703796187,0.03394812527628776,0.030912425943707567
2.0869138,0.004885633685129747,0.02372294804255876,0.011199498608327377,0.0020090115685516244,0.011834210439270118,0.006668675564677948,0.03375529971571612,0.030755066975735445
2.0873793,0.004811073094771695,0.023563729452263735,0.011190432175460303,0.002004911383901621,0.011845361793681154,0.0066021431840260865,0.0335599724213606,0.030597659219282848
2.0878448,0.004736931056433007,0.023404813144523993,0.011182147323866333,0.002000853106481667,0.011858549783734877,0.00653589900798615,0.03336218892352024,0.030440246605530626
2.0883103,0.004663217782905058,0.02324621374047782,0.011174648792718359,0.0019968374003728286,0.011873766881360525,0.0064699523558148266,0.03316199517650789,0.030282872898972534
2.0887759,0.004589943294721297,0.023087945809987902,0.011167941123268852,0.001992864914956643,0.01189100517438963,0.0064043124181421066,0.03295943754249721,0.030125581684540822
2.0892414,0.004517117418903565,0.022930023867239246,0.011162028659366633,0.0019889362846799022,0.011910256369950113,0.006338988255287641,0.03275456277530701,0.02996841635487072
2.0897069,0.0044447497877849644,0.022772462366322042,0.011156915548070136,0.0019850521288237765,0.011931511797926337,0.006273988795631618,0.03254741800413076,0.02981142009770889
2.0901724,0.004372849837908947,0.022615275696803314,0.011152605740356612,0.0019812130512772614,0.011954762414484527,0.006209322834040479,0.03233805071721898,0.02965463588347062
2.0906379,0.0043014268090042765,0.02245847817929102,0.01114910299192667,0.0019774196403149237,0.011979998805662922,0.006144999030347742,0.03212650874552191,0.02949810645295036
2.0911034,0.00423048974303548,0.022302084060994543,0.011146410864103456,0.0019736724683789234,0.012007211191025952,0.00608102590789019,0.03191284024629981,0.029341874305189895
2.091569,0.004160047483328394,0.022146107511285318,0.011144532724825698,0.001969972091865299,0.012036389427381722,0.006017411852099648,0.03169709368670769,0.029185981685508195
2.0920345,0.004090108673770354,0.021990562617261445,0.011143471749733836,0.0019663190509145102,0.012067523012561922,0.005954165109150557,0.03147931782736152,0.02903047057369683
2.0925,0.0040206817580845725,0.021835463379320012,0.011143230923348327,0.001962713869206251,0.01210060108926336,0.005891293784663569,0.031259561705892426,0.02887538267238446
2.0929655,0.003951774979178208,0.02168082370674098,0.011143813040339233,0.001959157053758562,0.012135612448950242,0.005828805842465339,0.03103787462049554,0.02872075939557378
2.093431,0.0038833963785636035,0.021526657413286344,0.011145220706886061,0.001955649094731285,0.012172545535816382,0.005766709103404686,0.030814306113480044,0.028566641857353962
2.0938966,0.0038155537958521443,0.021372978212818295,0.01114745634212682,0.0019521904652339203,0.01221138845080652,0.005705011244225267,0.03058890595482693,0.02841307086079148
2.0943621,0.0037482548683201505,0.021219799714940056,0.011150522179695158,0.0019487816211379535,0.012252128955696023,0.005643719796494857,0.030361724125761113,0.028260086887001875
2.0948276,0.0036815070305461954,0.021067135420663057,0.01115442026934438,0.001945423000893729,0.01229475447722831,0.005582842145591286,0.030132810802344468,0.028107730084404994
2.0952931,0.0036153175141192136,0.02091499871810406,0.01115915247865717,0.001942115025351939,0.012339252111309386,0.005522385529745049,0.02990221633909625,0.027956040258165806
2.0957586,0.0035496933474167026,0.020763402878215764,0.011164720494839681,0.0019388580975897949,0.012385608627258932,0.005462357039138601,0.029669991252647316,0.027805056859822937
2.0962241,0.0034846413554523244,0.020612361050554452,0.011171125826598665,0.0019356526027419375,0.012433810472117468,0.005402763615062242,0.029436186205434246,0.027654818977106647
2.0966897,0.0034201681597921555,0.020461886259088128,0.011178369806100189,0.0019324989078361328,0.012483843775009107,0.00534361204912652,0.029200851989439426,0.027505365323947862
2.0971552,0.003356280178538814,0.020311991398048592,0.011186453591008462,0.0019293973616338,0.012535694351559443,0.0052849089825310145,0.028964039509983146,0.027356734230679625
2.0976207,0.0032929836263826577,0.02016268922783083,0.011195378166603128,0.0019263482944754274,0.01258934770836815,0.005226660905389332,0.028725799769573825,0.027208963634432107
2.0980862,0.0032302845147192246,0.02001399237094297,0.011205144347973388,0.0019233520181309418,0.012644789047535732,0.005168874156110109,0.028486183851822767,0.027062091069722048
2.0985517,0.0031681886518320494,0.01986591330800992,0.011215752782287109,0.0019204088256551148,0.012702003271243866,0.005111554920833781,0.028245242905430075,0.026916153659237357
2.0990172,0.0031067016431399687,0.019718464373833827,0.011227203951133061,0.0019175189912481096,0.012760974986388654,0.005054709232924814,0.02800302812824829,0.026771188104817323
2.0994828,0.003045828891507989,0.01957165775351432,0.011239498172934292,0.0019146827701213012,0.012821688509266104,0.0049983429725190525,0.027759590751430436,0.026627230678628645
2.0999483,0.0029855755976207717,0.019425505478631505,0.011252635605430578,0.0019119003983685172,0.012884127870309013,0.004942461866125834,0.027514982023669088,0.026484317214537374
2.1004138,0.0029259467604177618,0.019280019423494495,0.01126661624822776,0.001909172092842876,0.012948276818874511,0.004887071486284449,0.0272692531955329,0.026342483099676635
2.1008793,0.002866947177588969,0.019135211301458146,0.011281439945411769,0.0019064980510394107,0.013014118828081475,0.004832177251274498,0.027022455503906966,0.02620176326620976
2.1013448,0.002808581446130384,0.018991092661310598,0.011297106388224985,0.0019038784509836813,0.013081637099696982,0.0047777844248796785,0.026774640156543305,0.026062192183288344
2.1018103,0.002750853962958013,0.018847674883734008,0.011313615117802536,0.0019013134511265733,0.013150814569071115,0.004723898116204499,0.02652585831672777,0.025923803849204455
2.1022759,0.002693768925579489,0.01870496917784075,0.011330965527966069,0.0018988031902454825,0.013221633910119353,0.00467052327954335,0.026276161088069655,0.02578663178373601
2.1027414,0.002637330332822226,0.018562986577787224,0.011349156868072429,0.0018963477873520768,0.013294077540351865,0.004617664714301379,0.02602559949942006,0.02565070902068431
2.1032069,0.002581541985617074,0.01842173793946731,0.011368188245914696,0.001893947341606822,0.013368127625949081,0.004565327064966549,0.02577422448992514,0.02551606810060259
2.1036724,0.0025264074878364306,0.018281233937287516,0.01138805863067297,0.0018916019322404432,0.01344376608688292,0.004513514821132235,0.025522086894220284,0.02538274106371446
2.1041379,0.0024719302471857695,0.01814148506102587,0.011408766855912382,0.0018893116184824756,0.013520974602083196,0.004462232317569708,0.02526923742777106,0.025250759443021076
2.1046034,0.002418113476147557,0.018002501612776646,0.01143031162262579,0.0018870764394970539,0.013599734614648671,0.0044114837343498005,0.02501572667236669,0.025120154257596002
2.105069,0.002364960192976527,0.017864293703983073,0.011452691502318672,0.0018848964143260629,0.013680027337102428,0.0043612730970130345,0.024761605061771646,0.024990956006066684
2.1055345,0.002312473222745311,0.01772687125256021,0.011475904940133742,0.0018827715418397693,0.013761833756691214,0.004311604276787525,0.024506922867540935,0.024863194660281356
2.106,0.002260655198439434,0.01759024398011017,0.011499950258012774,0.0018807018006950361,0.013845134640728516,0.004262480990853904,0.02425173018500428,0.024736899659160302
2.1064655,0.0022095085621006857,0.017454421409231702,0.011524825657893136,0.001878687149301224,0.013929910541981233,0.0042139068026565436,0.023996076919424375,0.02461209990273013
2.106931,0.002159035566017922,0.01731941286092623,0.011550529224936507,0.0018767275257938725,0.01401614180409977,0.004165885122260367,0.023740012772334215,0.02448882374633984
2.1073966,0.002109238273964339,0.01718522745210216,0.011577058930787256,0.0018748228480162615,0.014103808567091388,0.0041184192067525,0.02348358722805823,0.024367098995057485
2.1078621,0.0020601185624803038,0.017051874093179244,0.011604412636858057,0.001872973013508942,0.014192890772836628,0.004071512160688032,0.02322684954042179,0.024246952898246063
2.1083276,0.0020116781222008252,0.016919361485794572,0.011632588097640364,0.0018711778995073333,0.014283368170648502,0.004025166936579146,0.022969848719653563,0.024128412144317535
2.1087931,0.0019639184592267654,0.016787698120611785,0.011661582964037376,0.0018694373629474835,0.01437522032287404,0.0039793863354268795,0.02271263351948482,0.024011502855663613
2.1092586,0.0019168408965389103,0.016656892275234862,0.011691394786717182,0.0018677512404800783,0.014468426610537677,0.003934173007294823,0.02245525242444976,0.02389625058376195
2.1097241,0.0018704465754540143,0.016526952012227838,0.011722021019483742,0.001866119348492784,0.014562966239025938,0.0038895294519240395,0.022197753637390634,0.023782680304456516
2.1101897,0.0018247364571219518,0.01639788517724164,0.011753459022663471,0.0018645414831410007,0.014658818243812712,0.0038454580193885255,0.02194018506717124,0.02367081641341086
2.1106552,0.0017797113240631006,0.016269699397249118,0.011785706066505188,0.0018630174203870904,0.014755961496224412,0.00380196091079049,0.021682594316602258,0.023560682721732954
2.1111207,0.001735371781745098,0.0161424020788893,0.011818759334591304,0.0018615469160481464,0.01485437470924422,0.003759040178994733,0.02142502867058157,0.023452302451770542
2.1115862,0.0016917182601981018,0.016016000406921742,0.011852615927258163,0.0018601297058523645,0.014954036443354595,0.0037166977294013606,0.021167535084452686,0.023345698233075626
2.1120517,0.0016487510156676934,0.01589050134279177,0.01188727286502346,0.00185876550550408,0.01505492511241714,0.0036749353207560552,0.02091016017258405,0.023240892098536917
2.1125172,0.0016064701323045538,0.01576591162330737,0.01192272709201863,0.0018574540107575404,0.015157018989588997,0.00363375456599711,0.0206529501971719,0.023137905480678952
2.1129828,0.001564875523890038,0.015642237759428326,0.011958975479424068,0.0018561948974994823,0.015260296213274979,0.0035931569331384256,0.020395951057269206,0.02303675920812668
2.1134483,0.0015239669355967612,0.015519486035168078,0.011996014828904913,0.0018549878218405646,0.015364734793114742,0.0035531437461876632,0.02013920827804287,0.02293747350223434
2.1139138,0.0014837439457833044,0.01539766250660883,0.012033841876045122,0.0018538324202157107,0.015470312616004468,0.0035137161860987706,0.019882767000261377,0.022840067973877578
2.1143793,0.0014442059678221335,0.015276773001030168,0.012072453293777442,0.0018527283094933946,0.0155770074521526,0.0034748752917580805,0.01962667197001482,0.022744561620407912
2.1148448,0.0014053522519598255,0.015156823116151436,0.012111845695806847,0.0018516750870938964,0.01568479696116926,0.0034366219610031928,0.019370967528669025,0.02265097282276907
2.1153103,0.0013671818872086799,0.015037818219487992,0.012152015640024896,0.0018506723311165368,0.015793658698189023,0.003398956951673834,0.019115697603055416,0.02255931934277486
2.1157759,0.001329693803268796,0.014919763447821357,0.012192959631912529,0.0018497196004758911,0.01590357012002682,0.003361880882693888,0.01886090569589809,0.022469618320548453
2.1162414,0.0012928867724796864,0.014802663706783088,0.012234674127928738,0.0018488164350469666,0.01601450859136676,0.0033253942351837698,0.018606634876479334,0.022381886272123
2.1167069,0.0012567594118004844,0.014686523670552162,0.012277155538882582,0.0018479623558193192,0.016126451390983756,0.003289497353602336,0.01835292777154478,0.022296139087203577
2.1171724,0.0012213101848177928,0.014571347781665535,0.012320400233286155,0.001847156865060071,0.016239375717997835,0.0032541904469175304,0.018099826556449226,0.0222123920270905
2.1176379,0.0011865374037802134,0.014457140250941327,0.012364404540686161,0.0018463994464857742,0.016353258698161,0.0032194735898049714,0.01784737294654401,0.02213065972276414
2.1181034,0.0011524392316585885,0.01434390505751409,0.012409164754971853,0.0018456895654430554,0.016468077390176455,0.0031853467238737022,0.01759560818880677,0.02205095617313127
2.118569,0.0011190136842309801,0.014231645948981398,0.012454677137657183,0.001845026669097962,0.01658380879204988,0.0031518096589183337,0.01734457305371419,0.02197329474343312
2.1190345,0.0010862586321914124,0.014120366441660974,0.012500937921135071,0.0018444101866339144,0.01670042984747245,0.003118862074196826,0.017094307827358303,0.02189768816381499
2.1195,0.0010541718032814104,0.014010069820957483,0.012547943311901713,0.0018438395294581675,0.016817917452234984,0.0030865035197331597,0.01684485230380677,0.021824148528057277
2.1199655,0.0010227507844433798,0.013900759141838059,0.012595689493748986,0.001843314091416667,0.01693624846067264,0.00305473341764417,0.016596245777707422,0.021752687292467678
2.120431,0.0009919930239948832,0.013792437229415623,0.01264417263092286,0.001842833249017197,0.017055399692139307,0.003023551063489818,0.016348527037137295,0.021683315274934053
2.1208966,0.0009618958338228814,0.013685106679639014,0.012693388871245891,0.001842396361660721,0.01717534793751076,0.002992955627646198,0.01610173435669614,0.021616042654137444
2.1213621,0.0009324563915970236,0.01357876986008897,0.01274333434920181,0.0018420027718808348,0.017296069965715546,0.0029629461567005724,0.01585590549084445,0.021550878968924714
2.1218276,0.0009036717430010683,0.013473428910879007,0.01279400518898025,0.001841651805591259,0.017417542530292426,0.0029335215748677564,0.01561107766748576,0.021487833117840187
2.1222931,0.0008755388039815319,0.013369085745660253,0.01284539750747975,0.0018413427723413028,0.017539742375973097,0.0029046806854271493,0.015367287581793034,0.021426913358815653
2.1227586,0.0008480543630126554,0.013265742052729275,0.01289750741726715,0.0018410749655792319,0.017662646245288932,0.0028764221721797384,0.015124571390278624,0.021368127309017913
2.1232241,0.0008212150833767889,0.013163399296237933,0.012950331029491644,0.0018408476629234642,0.017786230885200417,0.002848744600924419,0.014882964705107355,0.021311481944852977
2.1236897,0.0007950175054592886,0.013062058717504254,0.013003864456751777,0.001840660126441523,0.01791047305374801,0.002821646420952985,0.01464250258865206,0.02125698360212615
2.1241552,0.000769458049057029,0.012961721336423263,0.013058103815913774,0.0018405116029366513,0.018035349526723147,0.002795125966563154,0.014403219548290797,0.021204637976356928
2.1246207,0.000744533015699637,0.012862387952976617,0.013113045230879583,0.0018404013242420021,0.018160837104358188,0.002769181458588998,0.014165149531444925,0.021154450123247858
2.1250862,0.0007202385909825636,0.012764059148839792,0.013168684835303096,0.0018403285075223072,0.018286912618034116,0.002743811005948122,0.013928325920857049,0.021106424459306432
2.1255517,0.0006965708469111178,0.01266673528908551,0.013225018775252959,0.001840292355582912,0.01841355293700483,0.0027190126072049485,0.013692781530107855,0.02106056476261907
2.1260172,0.0006735257442545988,0.012570416523981888,0.013282043211820334,0.0018402920571860652,0.018540734975136964,0.0026947841521494124,0.013458548599370733,0.02101687417377634
2.1264828,0.0006510991349096659,0.012475102790883794,0.013339754323669926,0.0018403267873743456,0.018668435697664035,0.002671123423390393,0.013225658791403055,0.0209753551969485
2.1269483,0.0006292867642720932,0.012380793816215738,0.013398148309532548,0.0018403957078011125,0.018796632127953822,0.002648028097963198,0.012994143187772868,0.020936009701110387
2.1274138,0.0006080842736160612,0.0122874891175446,0.01345722139063741,0.0018404979670678685,0.018925301354287844,0.0026254957489503863,0.012764032285319804,0.02089883892141443
2.1278793,0.0005874872024801385,0.012195188005740395,0.013516969813082333,0.0018406327010684319,0.01905442053665174,0.0026035238471152277,0.012535355992848966,0.020863843460710612
2.1283448,0.0005674909910591072,0.01210388958722323,0.013577389850140084,0.0018407990333398055,0.019183966913535338,0.0025821097625470697,0.012308143628056475,0.020831023291211878
2.1288103,0.0005480909826007922,0.012013592766294573,0.013638477804499,0.0018409960754196312,0.019313917808741105,0.0025612507663178618,0.012082423914685449,0.020800377756303435
2.1292759,0.0005292824258070492,0.011924296247550908,0.013700230010436097,0.0018412229272101149,0.019444250638199566,0.0025409440321490827,0.01185822497991108,0.020771905572494163
2.1297414,0.0005110604772380748,0.011835998538377761,0.013762642835920918,0.0018414786773482972,0.019574942916790204,0.0025211866380882857,0.011635574351953518,0.02074560483150826
2.1302069,0.0004934202037192032,0.011748697951522087,0.013825712684648397,0.0018417624035825437,0.019705972265166134,0.002501975568194475,0.011414498957917235,0.020721473002515152
2.1306724,0.0004763565847493594,0.011662392607740954,0.013889435997999088,0.001842073173155118,0.01983731641658077,0.0024833077142315057,0.01119502512185546,0.020699506934495505
2.1311379,0.0004598645149103458,0.011577080438524385,0.013953809256925092,0.0018424100431906865,0.019968953223714565,0.002465179877368704,0.010977178563058224,0.02067970285874101
2.1316034,0.00044393880627614546,0.011492759188890185,0.014018828983760093,0.0018427720610906103,0.020100860665499768,0.002447588769887913,0.010760984394562521,0.020662056391485623
2.132069,0.0004285741908214261,0.011409426420248562,0.01408449174395192,0.0018431582649328644,0.020233016853941087,0.002430531016896186,0.010546467121882988,0.020646562536665768
2.1325345,0.00041376532282843534,0.011327079513334322,0.014150794147716007,0.0018435676838774386,0.020365400040929998,0.002414003158043366,0.010333650641961376,0.020633215688807
2.133,0.0003995067812914786,0.011245715671204352,0.01421773285160823,0.0018439993385770798,0.020497988625050402,0.0023980016492438517,0.010122558242333081,0.02062200963603471
2.1334655,0.0003857930723181733,0.011165331922298091,0.014285304560015541,0.0018444522415932388,0.020630761158373305,0.002382522864401873,0.009913212600508906,0.020612937563206472
2.133931,0.0003726186315266798,0.01108592512355869,0.014353506026562973,0.0018449253978170936,0.02076369635323805,0.002367563097139647,0.009705635783570164,0.020605992055163714
2.1343966,0.0003599778264381167,0.011007491963612509,0.014422334055435655,0.001845417804895519,0.020896773089017637,0.0023531185625278186,0.009499849247975173,0.020601165100100585
2.1348621,0.0003478649588633771,0.010930028966004637,0.014491785502614648,0.001845928453661877,0.021029970418865597,0.0023391853988175984,0.009295873839575107,0.020598448093047905
2.1353276,0.00033627426728357804,0.010853532492488074,0.014561857277025452,0.001846456328571486,0.021163267576441925,0.0023257596691740236,0.009093729793837097,0.020597831839470167
2.1357931,0.0003251999292233879,0.010777998746364235,0.014632546341598173,0.0018470004081416163,0.021296643982615358,0.0023128373634097896,0.00889343673627241,0.020599306558973796
2.1362586,0.0003146360636164878,0.010703423775872361,0.014703849714238304,0.0018475596653958575,0.02143007925213922,0.002300414399719105,0.008695013683067443,0.020602861889124944
2.1367241,0.00030457673316243726,0.010629803477625405,0.014775764468706987,0.0018481330683126896,0.021563553200297934,0.0022884866264110356,0.008498479041915186,0.020608486889375686
2.1371897,0.0002950159466742226,0.01055713360008992,0.014848287735409652,0.0018487195802780894,0.021697045849521084,0.0022770498236418133,0.00830385061304479,0.02061617004509786
2.1376552,0.00028594766141578205,0.010485409747107446,0.014921416702091768,0.0018493181605420152,0.021830537435961785,0.0022660997051455706,0.008111145590446765,0.020625899271724174
2.1381207,0.0002773657854288129,0.010414627381454789,0.014995148614440382,0.0018499277646786055,0.021964008416035897,0.0022556319199629714,0.007920380563291345,0.020637661918996575
2.1385862,0.0002692641798481822,0.010344781828440676,0.015069480776590087,0.0018505473450499367,0.022097439472918496,0.0022456420541671976,0.007731571517537529,0.020651444775321857
2.1390517,0.000261636661205278,0.010275868279536143,0.015144410551531989,0.0018511758512731748,0.022230811522993995,0.0022361256325867467,0.007544733837730251,0.020667234072234565
2.1395172,0.0002544770037186507,0.01020788179603598,0.015219935361424231,0.0018518122306909646,0.022364105722255917,0.002227078120524497,0.007359882308983174,0.020685015488967142
2.1399828,0.00024777894157130593,0.010140817312748563,0.015296052687802727,0.0018524554288448915,0.0224973034726524,0.002218494925472503,0.007177031119144527,0.02070477415712721
2.1404483,0.00024153617117401608,0.01007466964171133,0.01537276007169074,0.0018531043899518557,0.022630386428373277,0.0022103713988220024,0.00699619386114346,0.020726494665481852
2.1409138,0.0002357423534140209,0.010009433475929193,0.015450055113605997,0.001853758057383178,0.022763336502074422,0.002202702837568139,0.006817383535514331,0.020750161064848734
2.1413793,0.00023039111588849198,0.009945103393133191,0.015527935473464054,0.0018544153741462547,0.02289613587103482,0.002195484486008943,0.006640612553096295,0.02077575687309367
2.1418448,0.00022547605512213592,0.009881673859556727,0.015606398870376598,0.001855075283368567,0.02302876698324169,0.0021887115374381446,0.006465892737905542,0.02080326508023424
2.1423103,0.00022099073876831438,0.009819139233726815,0.015685443082343316,0.00185573672878383,0.023161212563398814,0.0021823791358314124,0.006293235330177458,0.020832668153648877
2.1427759,0.00021692870779306368,0.00975749377026769,0.01576506594583607,0.0018563986552200687,0.023293455618853,0.0021764823775256323,0.006122650989575952,0.020863948043390663
2.1432414,0.00021328347864140327,0.009696731623714108,0.015845265355274266,0.0018570600090893861,0.02342547944543354,0.0021710163128908526,0.005954149798567129,0.020897086187605055
2.1437069,0.00021004854538533534,0.009636846852331633,0.015926039262390647,0.0018577197388791762,0.023557267633199302,0.0021659759479945397,0.005787741265954432,0.02093206351805052
2.1441724,0.00020721738185295116,0.009577833421941094,0.01600738567548719,0.0018583767956445278,0.023688804072088104,0.0021613562462578025,0.005623434330572354,0.020968860465721235
2.1446379,0.00020478344373807506,0.009519685209744333,0.016089302658581137,0.0018590301335015477,0.023820072957462902,0.0021571521301032757,0.00546123736513573,0.021007456966570998
2.1451034,0.0002027401706898898,0.00946239600814829,0.01617178833044179,0.0018596787101213216,0.023951058795549304,0.0021533584825943588,0.005301158180241625,0.021047832467337595
2.145569,0.00020108098838199945,0.00940595952858445,0.016254840863518905,0.001860321487224231,0.024081746408758715,0.0021499701490655123,0.005143204028520757,0.02108996593146704
2.1460345,0.00019979931056039702,0.009350369405320592,0.016338458482763784,0.0018609574310743406,0.024212120940891466,0.0021469819387433414,0.004987381608935363,0.0211338358451372
2.1465,0.00019888854106981803,0.009295619199261824,0.01642263946434415,0.001861585512973574,0.024342167862214176,0.002144388626358202,0.004833697071220359,0.02117942022338028
2.1469655,0.00019834207585797586,0.009241702401737838,0.016507382134253987,0.001862204709755407,0.02447187297440556,0.002142184953746095,0.00468215602046462,0.021226696616303872
2.147431,0.0001981533049571978,0.009188612438273368,0.016592684866819564,0.0018628140042777966,0.02460122241536495,0.0021403656314406185,0.004532763521829169,0.021275642115410002
2.1478966,0.00019831561444300474,0.009136342672338805,0.016678546083102905,0.0018634123859150719,0.024730202663877997,0.0021389253402547656,0.004385524105399038,0.02132623336001175
2.1483621,0.00019882238836920873,0.009084886409077921,0.01676496424920432,0.0018639988510484925,0.024858800544134144,0.0021378587328523524,0.004240441771165546,0.021378446543747
2.1488276,0.00019966701067913295,0.009034236899009625,0.01685193787446565,0.0018645724035551755,0.024987003230090742,0.0021371604353088883,0.004097519994135715,0.021432257421189108
2.1492931,0.00020084286709258825,0.008984387341700656,0.016939465509576288,0.0018651320552950843,0.025114798249679014,0.002136825048661712,0.003956761729565528,0.021487641314554246
2.1497586,0.0002023433469682706,0.008935330889406129,0.017027545744584194,0.0018656768265957653,0.025242173488847212,0.0021368471504492497,0.0038181694183137263,0.021544573120505492
2.1502241,0.00020416184514127571,0.008887060650674784,0.017116177206814305,0.0018662057467345183,0.025369117195436715,0.0021372212962392652,0.0036817449923128107,0.021603027317053554
2.1506897,0.00020629176373546272,0.008839569693915852,0.017205358558696773,0.0018667178544176728,0.025495617982886857,0.0021379420211460032,0.003547489880153918,0.021662977970554102
2.1511552,0.00020872651395043574,0.00879285105092442,0.017295088495507538,0.001867212198256646,0.025621664833764334,0.002139003841336133,0.003415405012782188,0.021724398742801573
2.1516207,0.00021145951782294617,0.00874689772036231,0.01738536574302361,0.0018676878372404426,0.02574724710311294,0.0021404012555234025,0.0032854908292992537,0.021787262898219268
2.1520862,0.00021448420996254822,0.008701702671191629,0.017476189055095435,0.0018681438412042723,0.025872354521619192,0.0021421287464519065,0.0031577472828694516,0.021851543311145395
2.1525517,0.0002177940392613605,0.008657258846058441,0.017567557211138677,0.0018685792912939577,0.025996977198589365,0.002144180782367868,0.003032173846726321,0.021917212473214553
2.1530172,0.00022138247057780174,0.00861355916462426,0.017659469013547882,0.0018689932804258245,0.026121105624733087,0.0021465518184798117,0.0029087695202759598,0.021984242500834018
2.1534828,0.00022524298639417712,0.008570596526843331,0.01775192328503441,0.0018693849137417697,0.026244730674748706,0.0021492362984070128,0.002787532835293814,0.022052605142754103
2.1539483,0.0002293690884479948,0.008528363816183947,0.01784491886589116,0.0018697533090591934,0.02636784360970539,0.0021522286556160675,0.002668461862211464,0.02212227178773162
2.1544138,0.00023375429933689595,0.008486853902792166,0.017938454611186858,0.0018700975973154836,0.026490436079216938,0.0021555233148454474,0.002551554216490022,0.022193213472285502
2.1548793,0.00023839216409708282,0.008446059646596477,0.01803252938789276,0.0018704169230067274,0.02661250012340248,0.002159114693517885,0.0024368070650767656,0.022265400888543604
2.1553448,0.0002432762517551327,0.008405973900352099,0.018127142071944942,0.0018707104446203308,0.026734028174629432,0.0021629972031404435,0.0023242171329417006,0.022338804392179532
2.1558103,0.0002484001568530895,0.00836658951262391,0.018222291545245496,0.0018709773350612236,0.02685501305903458,0.002167165250692143,0.0022137807096907656,0.022413394010438414
2.1562759,0.0002537575009467291,0.008327899330707296,0.01831797669260621,0.001871216782071346,0.026975447997819563,0.0021716132399989966,0.0021054936562524633,0.022489139450250287
2.1567414,0.00025934193407689684,0.008289896203486741,0.018414196398638366,0.0018714279886421193,0.02709532660831776,0.002176335573096343,0.0019993514116347292,0.022566010106429772
2.1572069,0.0002651471362138186,0.008252572984232282,0.018510949544592346,0.0018716101734196193,0.027214642904829976,0.002181326651578332,0.0018953489997488744,0.022643975069960447
2.1576724,0.0002711668186742862,0.008215922533334311,0.018608235005150804,0.001871762571102179,0.02733339129922677,0.0021865808779344444,0.001793481036297467,0.02272300313636235
2.1581379,0.0002773947255116199,0.008179937720977401,0.01870605164517904,0.0018718844328301449,0.02745156660131584,0.002192092656872925,0.0016937417357230128,0.022803062814140775
2.1586034,0.00028382463487831156,0.008144611429753945,0.018804398316436422,0.0018719750265675228,0.027569164018972938,0.002197856396631021,0.0015961249182143045,0.022884122333314424
2.159069,0.00029045036036126284,0.008109936557218481,0.018903273854252712,0.0018720336374752483,0.02768617915803511,0.0022038665102719177,0.001500624016767304,0.022966149654020867
2.1595345,0.0002972657522895399,0.008075906018383587,0.01900267707417327,0.0018720595682758293,0.027802608021955107,0.0022101174169682812,0.0014072320842974204,0.023049112475197
2.16,0.00030426469901458466,0.008042512748158193,0.01910260676857719,0.0018720521396091063,0.027918447011215815,0.0022166035432723166,0.00131594180080005,0.023132978243332332
2.1604655,0.00031144112816284424,0.008009749703729141,0.01920306170327237,0.0018720106903788896,0.02803369292250357,0.00222331932437225,0.00122674548055626,0.02321771416129276
2.160931,0.0003187890078608045,0.007977609866886783,0.01930404061407149,0.0018719345780902168,0.02814834294763903,0.0022302592053351556,0.0011396350793805145,0.023303287197212422
2.1613966,0.0003263023479324407,0.007946086246295383,0.019405542203352624,0.001871823179176979,0.028262394672264327,0.0022374176423360557,0.0010546022019073402,0.02338966409345107
2.1618621,0.0003339752010691256,0.00791517187970906,0.01950756513660829,0.0018716758893196617,0.028375846074285047,0.0022447891038732373,0.0009716381089138494,0.023476811375614397
2.1623276,0.0003418016639720575,0.007884859836133948,0.019610108038986614,0.0018714921237529489,0.028488695522065625,0.0022523680719697212,0.0008907337246750293,0.023564695361634587
2.1627931,0.00034977587846729536,0.007855143217937292,0.01971316949182814,0.001871271317562944,0.028600941772376598,0.002260149043360814,0.0008118796443487145,0.023653282170908323
2.1632586,0.0003578920325935057,0.007826015162904163,0.01981674802920185,0.0018710129259737886,0.028712583968092176,0.002268126530667674,0.0007350661413871654,0.023742537733489298
2.1637241,0.0003661443616625368,0.007797468846242518,0.01992084213444378,0.0018707164246234767,0.028823621635636603,0.002276295063556801,0.0006602831749721759,0.02383242779933223
2.1641897,0.00037452714929294686,0.007769497482537392,0.020025450236701544,0.001870381309828689,0.02893405468217823,0.0022846491898853597,0.0005875203974706524,0.023922917947585148
2.1646552,0.0003830347284166143,0.007742094327655021,0.02013057070748793,0.0018700070988385018,0.02904388339257075,0.0022931834768322207,0.0005167671619076124,0.024013973595926663
2.1651207,0.0003916614822585603,0.007715252680597803,0.02023620185724655,0.0018695933300768436,0.029153108426042074,0.0023018925120146033,0.0004480125294535811,0.024105560009944533
2.1655862,0.00040040184529011816,0.007688965885311011,0.020342341931932524,0.0018691395633735981,0.029261730812632426,0.002310770904590177,0.0003812452769233968,0.024197642312551823
2.1660517,0.000409250304155583,0.0076632273324421865,0.02044898910961096,0.0018686453801842688,0.02936975194938441,0.0023198132863444763,0.00031645390428346664,0.024290185493436617
2.1665172,0.0004182013985724805,0.007638030461054162,0.02055614149707604,0.001868110383798144,0.029477173596288722,0.0023290143127634726,0.00025362664216454925,0.024383154418541313
2.1669828,0.0004272497222055921,0.007613368760292655,0.020663797126493386,0.0018675341995349145,0.029583997871989773,0.0023383686640911366,0.00019275145937717693,0.024476513839567168
2.1674483,0.0004363899235148779,0.007589235771009309,0.02077195395206837,0.001866916474929716,0.02969022724925594,0.0023478710463718157,0.00013381607042686674,0.02457022840349983
2.1679138,0.00044561670657744014,0.007565625087341057,0.02088060984674306,0.0018662568799065777,0.029795864550219306,0.0023575161924772416,7.680794302631306e-05,0.024664262662151465
2.1683793,0.00045492483188367343,0.00754253035824661,0.020989762598924308,0.0018655551069402703,0.029900912941389815,0.0023672988631179854,2.1714305601800046e-05,0.02475858108171487
2.1688448,0.00046430911710775545,0.007519945289000807,0.021099409909245657,0.001864810871206556,0.03000537592844881,0.0023772138478391634,-3.1477845208885476e-05,0.024853148052325004
2.1693103,0.0004737644378526381,0.007497863642647581,0.021209549387365443,0.001864023910720851,0.03010925735082715,0.0023872559660001957,-8.278173706972411e-05,0.024947927897623377
2.1697759,0.00048328572836970615,0.007476279241412187,0.021320178548803574,0.0018631939864653033,0.030212561376073144,0.0023974200677384016,-0.000132210814473574,0.025042884884320903
2.1702414,0.0004928679822532748,0.0074551859680733355,0.021431294811819167,0.0018623208825043005,0.030315292494015916,0.002407701034916235,-0.00017977873128575413,0.025137983231755024
2.1707069,0.0005025062531100968,0.007434577767295826,0.0215428954943312,0.0018614044060884067,0.030417455510729448,0.0024180937820519337,-0.00022549934330670692,0.02523318712143715
2.1711724,0.0005121956552040505,0.0074144486469242135,0.021654977810884095,0.0018604443877467197,0.03051905554230306,0.002428593257233371,-0.0002693867008563098,0.025328460706586824
2.1716379,0.0005219313640761828,0.007394792679237998,0.021767538869660093,0.0018594406813676365,0.03062009800842406,0.0024391944430149273,-0.0003114550413823629,0.025423768121649357
2.1721034,0.0005317086171402731,0.0073756040021687955,0.021880575669540086,0.0018583931642680157,0.03072058862577842,0.0024498923572971827,-0.0003517187820957306,0.025519073491793685
2.172569,0.0005415227142540901,0.007356876820479864,0.021994085097214566,0.0018573017372507156,0.030820533401275618,0.0024606820541892634,-0.0003901925126345702,0.025614340942387494
2.1730345,0.0005513690182665074,0.007338605406908368,0.02210806392434631,0.0018561663246504947,0.030919938625103546,0.0024715586248536614,-0.0004268909877600385,0.02570953460844666
2.1735,0.0005612429555406443,0.007320784103270733,0.022222508804786312,0.0018549868743682496,0.031018810863619486,0.002482517198333375,-0.0004618291200858368,0.025804618644056372
2.1739655,0.0005711400164531988,0.007303407321531386,0.022337416271844684,0.0018537633578935523,0.031117156952083176,0.0024935529423612333,-0.0004950219728439228,0.025899557231761374
2.174431,0.0005810557558701368,0.00728646954483519,0.022452782735618026,0.0018524957703154451,0.031214983987238053,0.002504661064151313,-0.0005264847526886905,0.025994314591923348
2.1748966,0.0005909857935989086,0.00726996532850387,0.022568604480374985,0.001851184130321438,0.03131229931974718,0.002515836811172415,-0.0005562328025418857,0.026088854992043914
2.1753621,0.0006009258148173553,0.007253889300996613,0.02268487766200146,0.001849828480184659,0.0314091105464908,0.002527075471903615,-0.0005842815944805024,0.02618314275605218
2.1758276,0.0006108715704794746,0.0072382361648350504,0.022801598305506952,0.0018484288857391169,0.03150542550273287,0.0025383723765719456,-0.0006106467226698769,0.026277142273556337
2.1762931,0.0006208188776982105,0.007223000697492715,0.02291876230259349,0.0018469854363430533,0.03160125225416454,0.0025497228978722916,-0.0006353438963441754,0.02637081800905909
2.1767586,0.0006307636201054306,0.007208177752249042,0.023036365409288346,0.0018454982448303967,0.03169659908883291,0.002561122451669601,-0.0006583889328364395,0.02646413451113704
2.1772241,0.0006407017481892509,0.007193762259007904,0.023154403243641673,0.0018439674474503636,0.03179147450896378,0.0025725664976835433,-0.0006797977506603137,0.026557056421584034
2.1776897,0.0006506292796088675,0.007179749225080605,0.023272871283490086,0.0018423932037952802,0.031885887222686864,0.00258405054015576,-0.0006995863626455432,0.026649548484518795
2.1781552,0.0006605422994870446,0.007166133735933244,0.023391764864286988,0.0018407756967167188,0.031979846135672146,0.00259557012849988,-0.0007177708691292766,0.026741575555457035
2.1786207,0.0006704369606804094,0.007152910955898238,0.02351107917700044,0.0018391151322300616,0.03207336034268559,0.002607120857934498,-0.0007343674512051693,0.02683310261034841
2.1790862,0.0006803094840276991,0.007140076128849835,0.02363080926607906,0.0018374117394076158,0.03216643911907244,0.0026186983700992937,-0.0007493923640322422,0.02692409475457862
2.1795517,0.0006901561585761009,0.00712762457884336,0.02375095002748652,0.0018356657702604106,0.03225909191217606,0.002630298353654493,-0.0007628619302054134,0.02701451723193715
2.1800172,0.0006999733417858228,0.007115551710717983,0.02387149620680486,0.001833877499608834,0.0323513283327002,0.0026419165448638335,-0.0007747925331895939,0.027104335433551067
2.1804828,0.0007097574597130353,0.007103853010662761,0.023992442397406964,0.0018320472249422808,0.032443158146022354,0.002653548728161223,-0.0007852006108191877,0.027193514906785572
2.1809483,0.0007195050071713134,0.007092524046745741,0.02411378303869829,0.001830175266268025,0.03253459126346575,0.0026651907367012534,-0.0007941026488647962,0.027282021364111855
2.1814138,0.0007292125478717142,0.007081560469405872,0.024235512414427802,0.0018282619659495405,0.032625637733537396,0.002676838452893732,-0.0008015151746688781,0.027369820691942888
2.1818793,0.0007388767145416163,0.007070958011907546,0.024357624651067916,0.0018263076885345192,0.03271630773313951,0.0026884878089224,-0.0008074547508520784,0.027456878959437516
2.1823448,0.0007484942090224521,0.007060712490757564,0.024480113716263144,0.0018243128205728395,0.032806611558761495,0.002700134787247971,-0.0008119379690919045,0.02754316242727312
2.1828103,0.000758061802346464,0.007050819806084352,0.02460297341734695,0.00182227777042474,0.03289655961765967,0.0027117754210956185,-0.0008149814439754147,0.027628637556386986
2.1832759,0.0007675763347926236,0.007041275941979284,0.024726197399926163,0.0018202029680594405,0.03298616241903167,0.0027234057949270126,-0.0008166018069275663,0.027713271016686383
2.1837414,0.0007770347159218589,0.007032076966799993,0.024849779146532414,0.0018180888648444515,0.033075430565192424,0.0027350220448970047,-0.0008168157002168547,0.027797029695727123
2.1842069,0.000786433924591744,0.007023219033435491,0.024973711975340002,0.0018159359333258078,0.0331643747427582,0.002746620359295034,-0.0008156397710398616,0.027879880707360312
2.1846724,0.0007957710089508039,0.00701469837953294,0.02509798903894978,0.001813744666999452,0.03325300571384507,0.0027581969789713325,-0.000813090665686317,0.027961791400346735
2.1851379,0.0008050430864125867,0.0070065113276858645,0.025222603323238637,0.0018115155800739898,0.03334133430728794,0.0027697481977479914,-0.0008091850237862591,0.028042729366938194
2.1856034,0.0008142473436096502,0.006998654285583522,0.025347547646274206,0.001809249207225029,0.033429371409886055,0.002781270362814937,-0.0008039394726408618,0.028122662451424908
2.186069,0.0008233810363276054,0.006991123746121143,0.025472814657294438,0.0018069461033413028,0.03351712795768065,0.0027927598751108515,-0.0007973706216384752,0.028201558758647837
2.1865345,0.0008324414894193615,0.006983916287470665,0.025598396835751484,0.0018046068432627652,0.0336046149272703,0.002804213189689053,-0.0007894950567573876,0.028279386662474704
2.187,0.0008414260966997222,0.00697702857311155,0.02572428649041925,0.0018022320215108324,0.03369184332716923,0.0028156268160683348,-0.0007803293351567682,0.028356114814238408
2.1874655,0.000850332320820486,0.006970457351821234,0.025850475758563692,0.0017998222520109366,0.03377882418921378,0.002826997318568767,-0.000769889979857198,0.028431712151136403
2.187931,0.0008591576931262246,0.006964199457624746,0.025976956605174937,0.0017973781678075492,0.03386556856002202,0.002838321316632446,-0.0007581934745121355,0.028506147904589507
2.1883966,0.0008678998134909199,0.006958251809702981,0.026103720822260045,0.0017949004207718203,0.03395208749251143,0.0028495954851291863,-0.0007452562582716058,0.028579391608558574
2.1888621,0.0008765563501356568,0.006952611412259092,0.026230760028195143,0.0017923896813019746,0.03403839203747959,0.0028608165546471693,-0.0007310947207393391,0.028651413107817283
2.1893276,0.0008851250394275794,0.006947275354342452,0.026358065667135715,0.0017898466380166025,0.03412449323525271,0.002871981311768536,-0.0007157251970245177,0.0287221825661793
2.1897931,0.0008936036856603268,0.006942240809629595,0.026485629008483832,0.0017872719974409838,0.03421040210740714,0.0028830865993299355,-0.0006991639628892279,0.028791670474677792
2.1902586,0.0009019901608161733,0.006937505036161542,0.02661344114641107,0.0017846664836865856,0.034296129648568735,0.002894129316668021,-0.0006814272299926533,0.028859847659695268
2.1907241,0.0009102824043101163,0.006933065376036873,0.02674149299943599,0.0017820308381238752,0.0343816868182954,0.0029051064198498703,-0.0006625311412330006,0.02892668529104158
2.1911897,0.000918478422716161,0.006928919255059972,0.026869775310054925,0.0017793658190485835,0.03446708453304785,0.0029160149218883193,-0.0006424917661881151,0.028992154889977778
2.1916552,0.000926576289476069,0.006925064182343897,0.026998278644424892,0.0017766722013415578,0.03455233365825372,0.0029268518929421576,-0.0006213250966557184,0.029056228337183396
2.1921207,0.0009345741445908485,0.006921497749867595,0.027126993392097596,0.0017739507761223277,0.03463744500047,0.0029376144605011557,-0.0005990470422941848,0.029118877880664657
2.1925862,0.0009424701942952728,0.006918217631987394,0.027255909765803592,0.0017712023503965075,0.03472242929964876,0.002948299809555868,-0.0005756734263647485,0.029180076143600853
2.1930517,0.0009502627107157178,0.006915221584903074,0.027385017801286052,0.0017684277466971487,0.034807297221510616,0.0029589051827521575,-0.0005512199815759997,0.029239796132126086
2.1935172,0.0009579500315116109,0.006912507446079143,0.027514307357183666,0.0017656278027201571,0.0348920593500305,0.0029694278805303845,-0.0005257023460314803,0.029298011243043532
2.1939828,0.0009655305595007917,0.006910073133622216,0.02764376811496255,0.0017628033709538912,0.034976726180039996,0.0029798652612491898,-0.0004991360592811314,0.029354695271468955
2.1944483,0.0009730027622690856,0.006907916645615519,0.02777338957889719,0.001759955318303053,0.03506130810995024,0.0029902147412938073,-0.00047153655847726426,0.029409822418400317
2.1949138,0.0009803651717643993,0.006906036059411643,0.02790316107610072,0.001757084525707001,0.035145815434599374,0.003000473795168855,-0.00044291917463564395,0.029463367298209923
2.1953793,0.0009876163838756535,0.006904429530884641,0.028033071756605,0.0017541918877526078,0.035230258338228244,0.0030106399555755747,-0.0004132991290021801,0.02951530494605553
2.1958448,0.0009947550579968692,0.006903095293642561,0.02816311059349127,0.0017512783122817979,0.03531464688758815,0.0030207108134735357,-0.00038269152952563455,0.029565610825206454
2.1963103,0.001001779916576726,0.0069020316582015335,0.02829326638307205,0.001748344719993895,0.03539899102518427,0.003030684018126849,-0.0003511113674366819,0.02961426083428059
2.1967759,0.0010086897446539044,0.006901237011122494,0.028423527745125077,0.0017453920440429062,0.035483300562658505,0.0030405572771349644,-0.0003185735139335989,0.02966123131438813
2.1972414,0.00101548338937853,0.0069007098141116606,0.028553883123179982,0.0017424212296298764,0.035567585174315366,0.0030503283564481285,-0.0002850927169748178,0.029706499056177504
2.1977069,0.001022159759520035,0.006900448603085906,0.028684320784858212,0.0017394332335904535,0.035651854390794734,0.0030599950803675874,-0.0002506835981785463,0.029750041306779038
2.1981724,0.0010287178249617618,0.006900451987204191,0.028814828822266696,0.0017364290239778046,0.03573611759289521,0.0030695553315306053,-0.00021536064982962712,0.029791835776641643
2.1986379,0.0010351566161826394,0.006900718647866244,0.028945395152445864,0.0017334095796410307,0.03582038400555177,0.003079007050880365,-0.00017913823199377797,0.02983186064625771
2.1991034,0.0010414752237262721,0.006901247337679707,0.029076007517872662,0.0017303758897992331,0.03590466269197108,0.003088348237620827,-0.0001420305697393156,0.029870094572771334
2.199569,0.0010476727976577802,0.006902036879396975,0.029206653487019483,0.001727328953611394,0.03598896254792784,0.003097576949156618,-0.00010405175046641977,0.029906516696464897
2.2000345,0.001053748547008738,0.0069030861648230095,0.029337320454970003,0.00172426977974224,0.03607329229622509,0.0031066913010180204,-6.521572134393935e-05,0.029941106647118826
2.2005,0.0010597017392105527,0.006904394153695421,0.02946799564409321,0.0017211993859242807,0.03615766048132141,0.00311568946677114,-2.5536286853682217e-05,0.029973844550239426
2.2009655,0.0010655316995166247,0.006905959872538135,0.02959866610477684,0.0017181187985162313,0.036242075464127436,0.0031245696779133325,1.4972893557930527e-05,0.030004711033149452
2.201431,0.0010712378104136293,0.006907782413489945,0.02972931871622146,0.0017150290520580422,0.036326545416974415,0.003133330223753953,5.629830772102334e-05,0.030033687230936034
2.2018966,0.0010768195110222607,0.006909860933109288,0.02985994018729626,0.0017119311888227707,0.03641107831875712,0.003141969451280503,9.842659287646593e-05,0.030060754792250708
2.2023621,0.001082276296487782,0.006912194651156581,0.029990517057457502,0.0017088262583655296,0.03649568195025359,0.0031504857650102728,0.00014134453770338185,0.03008589588495627
2.2028276,0.0010876077173607238,0.006914782849355458,0.030121035697730527,0.001705715317069746,0.03658036388962405,0.003158877626827609,0.00018503908424026333,0.030109093201615266
2.2032931,0.0010928133789680705,0.006917624870134283,0.03025148231175589,0.0017025994276909557,0.03666513150809119,0.0031671435558069836,0.00022949732970000878,0.03013032996481482
2.2037586,0.001097892940775282,0.00692072011534932,0.03038184293690047,0.0016994796588983621,0.036749991965804446,0.0031752821280221126,0.00027470652817921255,0.03014958993232228
2.2042241,0.0011028461157394798,0.006924068044990988,0.030512103445434063,0.0016963570848143766,0.03683495220789036,0.003183291976341403,0.00032065409226204693,0.03016685740206605
2.2046897,0.0011076726696541367,0.006927668175874581,0.030642249545772254,0.001693232784552356,0.03692001896069146,0.0031911717902100402,0.0003673275945190886,0.030182117216935724
2.2051552,0.001112372420485594,0.006931520080316905,0.030772266783786185,0.001690107841752747,0.03700519872819577,0.0031989203154190317,0.0004147147689014642,0.030195354769395426
2.2056207,0.0011169452377017294,0.006935623384800229,0.030902140544179998,0.0016869833441178457,0.03709049778865922,0.0032065363538615146,0.0004628035120307284,0.030206556005904113
2.2060862,0.0011213910415930899,0.0069399777686249995,0.03103185605193663,0.0016838603829453817,0.037175922191422975,0.0032140187632766085,0.0005115818843849426,0.030215707431136666
2.2065517,0.0011257098025867934,0.006944582962552694,0.03116139837383276,0.0016807400526611409,0.037261477753927505,0.003221366456981092,0.0005610381113814922,0.030222796111999763
2.2070172,0.0011299015405535021,0.006949438747440169,0.03129075242002347,0.0016776234503508417,0.037347170058925086,0.003228578403589155,0.0006111605843572587,0.030227809681436933
2.2074828,0.0011339663241077562,0.006954544952866836,0.03141990294569726,0.0016745116752914912,0.0374330044518921,0.0032356536267204657,0.0006619378614468379,0.03023073634201789
2.2079483,0.0011379042699019616,0.0069599014557559504,0.031548834552801865,0.0016714058284824438,0.037518986038642475,0.003242591204696784,0.0007133586683595791,0.03023156486930772
2.2084138,0.0011417155419143096,0.006965508178991246,0.031677531691841135,0.0016683070121763955,0.037605119683143215,0.0032493902702273253,0.0007654118990562986,0.030230284615011992
2.2088793,0.0011454003507309052,0.006971365090030105,0.03180597866374312,0.001665216329410542,0.037691410005532895,0.003256050010083089,0.0008180866163266035,0.030226885509894375
2.2093448,0.0011489589528223734,0.006977472199514428,0.03193415962179927,0.001662134883538133,0.03777786138034373,0.0032625696647603413,0.0008713720522678371,0.03022135806646344
2.2098103,0.0011523916498152092,0.006983829559880291,0.03206205857367477,0.0016590637777606388,0.03786447793492777,0.0032689485281334396,0.0009252576086667276,0.03021369338142594
2.2102759,0.001155698787758133,0.006990437263967465,0.03218965938348989,0.0016560041146607407,0.037951263548087366,0.0032751859470971484,0.000979732857284877,0.03020388313790415
2.2107414,0.0011588807563837076,0.006997295443629824,0.032316945773972025,0.0016529569957363466,0.03803822184891012,0.0032812813211986,0.0010347875400492838,0.030191919607415463
2.2112069,0.00116193798836548,0.007004404268347639,0.032443901328678464,0.0016499235209358248,0.03812535621580787,0.0032872341022590185,0.0010904115691491218,0.030177795651613097
2.2116724,0.001164870958570909,0.007011763943842722,0.03257050949428955,0.0016469047881946409,0.038212669775759364,0.0032930437939853482,0.001146595027040036,0.03016150472378779
2.2121379,0.0011676801833103512,0.007019374710697336,0.032696753582972325,0.001643901892973571,0.0383001654037557,0.00329870995157192,0.0012033281663572342,0.030143040870130876
2.2126034,0.001170366219582381,0.007027236842977788,0.03282261677481474,0.0016409159277986647,0.0383878457224477,0.0033042321812923356,0.0012606014097386686,0.03012239873075974
2.213069,0.0011729296643157236,0.007035350646863534,0.03294808212033077,0.0016379479818031258,0.038475713101993984,0.003309610140081756,0.0013184053495596069,0.03009957354050691
2.2135345,0.001175371153608085,0.0070437164592826226,0.03307313254303675,0.001634999140271282,0.038563769660108285,0.0033148435351098558,0.0013767307475798976,0.030074561129474237
2.214,0.0011776913619621643,0.007052334646554246,0.0331977508420996,0.0016320704841847953,0.0386520172623045,0.003319932123344709,0.0014355685345052423,0.030047357923353713
2.2144655,0.0011798910015191272,0.00706120560303913,0.033321919695057586,0.0016291630897712843,0.03874045752233765,0.003324875711107921,0.001494909809463795,0.030017960943516598
2.214931,0.0011819708212898183,0.0070703297497984015,0.033445621660614384,0.001626278028055534,0.03882909180283873,0.0033296741536213478,0.0015547458393994108,0.029986367806872496
2.2153966,0.0011839316063839815,0.007079707533261568,0.03356883918150735,0.0016234163644134728,0.03891792121614143,0.0033343273545457085,0.0016150680583828867,0.029952576725500096
2.2158621,0.0011857741772377571,0.0070893394239041445,0.03369155458745064,0.001620579158129103,0.039006946625298515,0.0033388352655114133,0.0016758680668425322,0.029916586506051064
2.2163276,0.001187499388839716,0.007099225914935425,0.033813750098154016,0.0016177674619545707,0.039096168645285624,0.0033431978856418845,0.0017371376307154028,0.029878396548928543
2.2167931,0.0011891081299556868,0.007109367520996823,0.03393540782641756,0.0016149823216735607,0.03918558764439046,0.0033474152610696497,0.0017988686805205363,0.02983800684724178
2.2172586,0.0011906013223526358,0.007119764776871174,0.03405650978130297,0.001612224775668191,0.03927520374578504,0.0033514874844454514,0.0018610533103555207,0.029795417985538145
2.2177241,0.0011919799200218418,0.007130418236203362,0.03417703787138161,0.0016094958544895879,0.039365016829278995,0.003355414694440627,0.0019236837768177332,0.029750631138314023
2.2181897,0.001193244908401611,0.007141328470232582,0.03429697390805958,0.0016067965804323176,0.03945502653325161,0.003359197075243018,0.001986752497851591,0.029703648068306224
2.2186552,0.001194397303599771,0.007152496066536525,0.03441629960898042,0.0016041279671128535,0.03954523225676026,0.0033628348560466865,0.0020502520515231705,0.02965447112456547
2.2191207,0.001195438151616172,0.007163921627787739,0.03453499660150601,0.0016014910190522596,0.03963563316182276,0.003366328310535713,0.002114175174723556,0.02960310324031404
2.2195862,0.0011963685275654195,0.007175605770522334,0.034653046426276445,0.0015988867312632605,0.03972622817587101,0.0033696777563623753,0.002178514761802304,0.02954954793058994
2.2200517,0.0011971895349000546,0.007187549123921244,0.034770430540849634,0.001596316088841871,0.039817015994372984,0.0033728835546200267,0.0022432638631323903,0.029493809289680466
2.2205172,0.0011979023046343967,0.007199752328604134,0.03488713032342141,0.0015937800665637473,0.0399079950836201,0.003375946109310991,0.002308415683608037,0.029435891988348242
2.2209828,0.0011985079945692645,0.007212216035436115,0.035003127076627005,0.0015912796284854149,0.039999163683676356,0.0033788658668098084,0.0023739635810767898,0.029375801270852885
2.2214483,0.0011990077885177825,0.0072249409043473505,0.03511840203142462,0.0015888157275505182,0.04009051981148567,0.003381643315322181,0.002439901064707242,0.029313542951771545
2.2219138,0.0011994028955324809,0.007237927603165675,0.035232936351061894,0.0015863893052012377,0.040182061264133456,0.0033842789843399426,0.002506221793293781,0.029249123412621526
2.2223793,0.0011996945491338945,0.0072511768064623125,0.035346711135126094,0.0015840012909950076,0.04027378562225844,0.0033867734440923797,0.002572919573499752,0.029182549598288445
2.2228448,0.0011998840065408556,0.007264689194410807,0.035459707423678585,0.0015816526022266774,0.040365690253610406,0.0033891273049942053,0.0026399883580404465,0.029113829013263356
2.2233103,0.0011999725479026708,0.007278465451659272,0.035571906201474005,0.0015793441435562445,0.0404577723167497,0.0033913412170904805,0.0027074222438073243,0.029042969717692636
2.2237759,0.001199961475533363,0.007292506266215963,0.03568328840226438,0.0015770768066422954,0.04055002876488383,0.0033934158694987537,0.002775215469934918,0.028969980323244562
2.2242414,0.0011998521131481507,0.007306812328348256,0.03579383491318836,0.0015748514697812893,0.040642456349836736,0.003395351989848676,0.002843362415811877,0.028894869988796562
2.2247069,0.0011996458051023332,0.007321384329495023,0.035903526579245455,0.0015726689975528053,0.04073505162614568,0.003397150343719349,0.002911857599037627,0.02881764841594743
2.2251724,0.0011993439156327357,0.0073362229611924545,0.036012344207855256,0.0015705302404708907,0.040827810955280625,0.00339881173407464,0.0029806956733261394,0.02873832584435861
2.2256379,0.0011989478281018745,0.007351328914013393,0.03612026857350152,0.0015684360346416393,0.040920730509980616,0.0034003370006967107,0.003049871426358293,0.028656913046928748
2.2261034,0.001198458944244993,0.007366702876520253,0.03622728042246074,0.001566387201427125,0.04101380627870137,0.003401727019617987,0.003119379777584324,0.028573421324805743
2.226569,0.001197878683420125,0.007382345534231649,0.036333360477614776,0.0015643845471158403,0.041107034070168004,0.0034029827025517916,0.003189215775977868,0.028487862502240526
2.2270345,0.0011972084818613416,0.007398257568602839,0.036438489443346926,0.0015624288625997707,0.04120040951802685,0.0034041049963218373,0.003259374597743116,0.02840024892128688
2.2275,0.0011964497919353528,0.007414439656020092,0.03654264801052062,0.001560520923058251,0.04129392808559003,0.0034050948822907583,0.0033298515439766445,0.02831059343635155
2.2279655,0.0011956040814016364,0.007430892466809052,0.03664581686153953,0.0015586614876487348,0.04138758507066675,0.0034059533757878424,0.0034006420382855077,0.02821890940859904
2.228431,0.0011946728326762785,0.007447616664257223,0.03674797667548754,0.0015568512992046044,0.04148137561047518,0.00340668152553611,0.0034717416243631952,0.02812521070021535
2.2288966,0.0011936575420997155,0.0074646129036506385,0.036849108133346985,0.0015550910839401413,0.0415752946866289,0.0034072804130788753,0.0035431459635250824,0.028029511668535005
2.2293621,0.0011925597192085646,0.007481881831324873,0.036949191923292934,0.0015533815511627601,0.041669337130191886,0.003407751152205925,0.0036148508322049844,0.027931827160035748
2.2298276,0.001191380886011734,0.0074994240837305175,0.03704820874606146,0.0015517233929926125,0.041763497626796285,0.003408094888379428,0.003686852119414425,0.0278321725042054
2.2302931,0.0011901225762709956,0.007517240286513362,0.037146139320389335,0.0015501172840896467,0.04185777072181686,0.0034083127981596904,0.003759145824166214,0.027730563507285422
2.2307586,0.0011887863347861956,0.007535331053609495,0.03724296438852285,0.0015485638813882104,0.0419521508255963,0.0034084060886308346,0.0038317280528639415,0.027627016445895856
2.2312241,0.0011873737166852687,0.007553696986355587,0.03733866472179326,0.0015470638238392694,0.04204663221871555,0.003408375996826478,0.0039045950166589757,0.027521548060546214
2.2316897,0.0011858862867192201,0.007572338672614628,0.037433221126256536,0.001545617732160315,0.04214120905730309,0.003408223789155476,0.003977743028776609,0.027414175549036884
2.2321552,0.0011843256185622229,0.007591256685917322,0.03752661444839504,0.001544226208593015,0.04223587537837714,0.003407950760827804,0.004051168501812949,0.027304916559755484
2.2326207,0.0011826932941169772,0.007610451584619369,0.03761882558087885,0.0015428898366686605,0.04233062510521486,0.0034075582352806784,0.004124867945004166,0.027193789184872537
2.2330862,0.0011809909028254683,0.00762992391107474,0.03770983546838416,0.0015416091809814536,0.04242545205274224,0.003407047563605009,0.004198837961469715,0.02708081195344063
2.2335517,0.0011792200409852579,0.007649674190825062,0.03779962511346632,0.0015403847869696684,0.04252034993293853,0.0034064201239723036,0.004273075245431098,0.026966003824401123
2.2340172,0.001177382311071434,0.007669702931805142,0.03788817558248458,0.0015392171807047223,0.042615312360248674,0.0034056773210621575,0.004347576579407748,0.026849384179502268
2.2344828,0.0011754793210643486,0.007690010623564625,0.03797546801157576,0.0015381068686881785,0.0427103328569971,0.003404820585490451,0.0044223388313915845,0.026730972816132355
2.2349483,0.0011735126837832597,0.007710597736505735,0.03806148361267389,0.0015370543376566975,0.04280540485879587,0.0034038513732383723,0.0044973589520018,0.0266107899400715
2.2354138,0.0011714840162259897,0.00773146472113703,0.03814620367957283,0.0015360600543949568,0.042900521719940236,0.0034027711650823716,0.004572633971621451,0.026488856158165243
2.2358793,0.0011693949389147032,0.007752612007343006,0.03822960959402914,0.0015351244655565535,0.04299567671878427,0.0034015814660251316,0.004648160997517412,0.026365192470923105
2.2363448,0.0011672470752479033,0.007774040003669404,0.03831168283190236,0.0015342479974929078,0.04309086306308919,0.003400283804727627,0.004723937210945264,0.026239820265044938
2.2368103,0.0011650420508587417,0.007795749096624002,0.03839240496932997,0.0015334310560901837,0.0431860738953371,0.0033988797329423306,0.004799959864240687,0.026112761305877644
2.2372759,0.0011627814929797374,0.007817739649992704,0.038471757688934335,0.0015326740266142478,0.04328130229800298,0.0033973708249476174,0.004876226277898883,0.025984037729804774
2.2377414,0.0011604670298140088,0.007840012004170676,0.038549722786058775,0.0015319772735636818,0.043376541298777584,0.003395758676983403,0.004952733837643558,0.025853672036571126
2.2382069,0.00115810028991313,0.007862566475508266,0.038626282175029954,0.0015313411405308635,0.043471783875734936,0.0033940449066880676,0.005029479991486965,0.025721687081544403
2.2386724,0.0011556829015617368,0.00788540335567146,0.038701417895443437,0.0015307659500711239,0.04356702296243773,0.0033922311525366863,0.005106462246782465,0.025588106067915752
2.2391379,0.0011532164921690157,0.007908522911016552,0.03877511211846921,0.0015302520035799805,0.043662251452974844,0.0033903190732805792,0.005183678167271046,0.025452952538841
2.2396034,0.0011507026876672165,0.007931925381978734,0.03884734715317376,0.0015297995811784399,0.04375746220692543,0.0033883103473881927,0.0052611253701232595,0.025316250369524212
2.240069,0.0011481431119173293,0.007955610982474303,0.03891810545285529,0.001529408941606352,0.043852648054243944,0.003386206672487317,0.00533880152297801,0.025178023759245115
2.2405345,0.0011455393861220604,0.007979579899316127,0.03898736962138833,0.0015290803221237916,0.043947801800060644,0.003384009764808649,0.005416704340979671,0.025038297223331927
2.241,0.0011428931282462386,0.008003832291642041,0.03905512241957443,0.0015288139384204396,0.044042916229391826,0.003381721358630719,0.005494831583815036,0.024897095585080898
2.2414655,0.0011402059524447743,0.00802836829035582,0.03912134677149535,0.0015286099845329298,0.04413798411175394,0.003379343205726209,0.005573181052751596,0.02475444396762388
2.241931,0.001137479468498305,0.008053187997580329,0.03918602577086528,0.0015284686327701135,0.04423299820567533,0.003376877074809715,0.005651750587678719,0.02461036778574519
2.2423966,0.0011347152812566446,0.008078291486122416,0.03924914268737849,0.001528390033646202,0.04432795126309937,0.0033743247509870292,0.005730538064153283,0.0244648927376489
2.2428621,0.0011319149900901684,0.008103678798949108,0.039310680973048615,0.001528374315821746,0.04442283603367301,0.003371688035206001,0.005809541390451339,0.02431804479667772
2.2433276,0.0011290801883492526,0.008129349948674557,0.039370624268535666,0.001528421586052408,0.04451764526891484,0.003368968743709068,0.005888758504627381,0.024169850202984428
2.2437931,0.001126212462831883,0.00815530491705716,0.03942895640945636,0.0015285319291455008,0.04461237172625812,0.0033661687074875257,0.005968187371582744,0.024020335455156645
2.2442586,0.0011233133932595462,0.008181543654506221,0.039485661432673375,0.0015287054079242768,0.04470700817296421,0.003363289771737621,0.006047825980144715,0.023869527301795763
2.2447241,0.001120384551761505,0.00820806607959744,0.03954072358255873,0.001528942063199976,0.04480154738990313,0.0033603337953185307,0.006127672340157806,0.023717452733050457
2.2451897,0.0011174275023675562,0.008234872078596514,0.039594127317226335,0.0015292419137516579,0.044895982175198176,0.003357302650212286,0.006207724479588703,0.023564138972105353
2.2456552,0.001114443800509355,0.008261961504990067,0.039645857314728764,0.0015296049563138484,0.04499030534773171,0.0033541982209856773,0.006287980441646342,0.023409613466625512
2.2461207,0.0011114349925303922,0.00828933417902307,0.039695898479213,0.0015300311655720425,0.045084509750509295,0.0033510224042541765,0.006368438281918591,0.02325390388015739
2.2465862,0.0011084026152046907,0.0083169898872419,0.03974423594703001,0.0015305204941661143,0.04517858825387931,0.0033477771081478814,0.006449096065526999,0.0230970380834873
2.2470517,0.0011053481952642953,0.008344928382042113,0.03979085509279274,0.0015310728727016974,0.045272533758605245,0.00334446425177947,0.006529951864301087,0.022939044145958407
2.2475172,0.0011022732489356156,0.008373149381219979,0.039835741535377334,0.0015316882097695978,0.04536633919878794,0.0033410857647141476,0.006611003753973603,0.022779950326747615
2.2479828,0.0010991792814846828,0.008401652567526835,0.03987888114386216,0.001532366391973306,0.04545999754463554,0.003337643586441553,0.006692249811398186,0.0226197850661038
2.2484483,0.0010960677867713775,0.008430437588225223,0.039920260043399325,0.0015331072839646688,0.04555350180507962,0.0033341396658495824,0.0067736881117907875,0.022458576976548936
2.2489138,0.0010929402468126807,0.008459504054645883,0.0399598646210131,0.0015339107284877722,0.04564684503023632,0.0033305759607000925,0.006855316725996199,0.02229635483404409
2.2493793,0.0010897981313549995,0.008488851541744552,0.03999768153131997,0.0015347765464310888,0.04574002031371219,0.003326954437106446,0.006937133717780967,0.022133147569122456
2.2498448,0.0010866428974556097,0.008518479587657545,0.040033697702164646,0.0015357045368879214,0.04583302079475456,0.003323277069012863,0.007019137141153944,0.02196898425799205
2.2503103,0.0010834759890732647,0.008548387693254996,0.040067900340166905,0.0015366944772251781,0.04592583966024709,0.0033195458376755345,0.007101325037715677,0.021803894113610923
2.2507759,0.0010802988366680122,0.00857857532169063,0.04010027693617426,0.0015377461231605009,0.0460184701465511,0.0033157627311454644,0.0071836954340378165,0.02163790647673777
2.2512414,0.0010771128568102645,0.00860904189794681,0.0401308152706162,0.0015388592088477618,0.046110905541193944,0.0033119297437530035,0.0072662463390736785,0.021471050806960993
2.2517069,0.001073919451799172,0.008639786808373597,0.04015950341875595,0.0015400334469709354,0.04620313918440589,0.003308048875594038,0.007348975741601169,0.021303356673709403
2.2521724,0.0010707200092903487,0.008670809400220476,0.0401863297558364,0.0015412685288463512,0.046295164470507834,0.003304122132017799,0.007431881607699231,0.02113485374724773
2.2526379,0.0010675159019329996,0.008702108981159412,0.040211282962116984,0.0015425641245333246,0.04638697484915246,0.003300151523116242,0.007514961878259059,0.02096557178966032
2.2531034,0.0010643084870164978,0.008733684818797868,0.040234352027798646,0.001543919882953163,0.046478563826421945,0.003296139063214966,0.007598214466531315,0.0207955406458265
2.253569,0.0010610991061264557,0.008765536140180389,0.04025552625783416,0.0015453354320165355,0.04656992496578566,0.0032920867703656606,0.007681637255710606,0.02062479023439145
2.2540345,0.0010578890848103387,0.008797662131277398,0.040274795276621506,0.00154681037875919,0.04666105188892169,0.003287996665840127,0.007765228096558435,0.020453350538736655
2.2545,0.00105467973225266,0.008830061936459776,0.040292149032578245,0.0015483443094859997,0.04675193827640591,0.003283870773625943,0.007848984805065833,0.020281251597954658
2.2549655,0.0010514723409597948,0.008862734657957826,0.04030757780259511,0.001549936789923311,0.04684257786827242,0.003279711119923907,0.00793290516015681,0.020108523497833104
2.255431,0.0010482681864544424,0.00889567935530314,0.04032107219636724,0.0015515873653795587,0.0469329644644491,0.0032755197326473917,0.008016986901433688,0.019935196361853202
2.2558966,0.0010450685269797607,0.008928895044751937,0.04033262316060143,0.0015532955609140965,0.047023091925071765,0.0032712986409237413,0.008101227726965365,0.01976130034220791
2.2563621,0.0010418746032131935,0.008962380698688526,0.0403422219830978,0.0015550608815141833,0.04711295417068015,0.0032670498745978253,0.008185625291119436,0.019586865610844963
2.2568276,0.001038687637990007,0.008996135245007739,0.040349860296704225,0.0015568828122800556,0.047202545182298675,0.0032627754637378588,0.00827017720243911,0.019411922350539818
2.2572931,0.0010355088360365465,0.009030157566475613,0.040355530083141855,0.001558760818618013,0.04729185900140475,0.003258477438143585,0.00835488102156573,0.019236500746003412
2.2577586,0.0010323393837132315,0.009064446500067986,0.04035922367670039,0.001560694346441434,0.04738088972978714,0.0032541578268569316,0.008439734259207696,0.019060630975029576
2.2582241,0.0010291804487672967,0.00909900083628709,0.04036093376780182,0.0015626828223796406,0.047469631529296896,0.0032498186576752587,0.008524734374156524,0.018884343199686744
2.2586897,0.0010260331800952948,0.00913381931845655,0.04036065340643177,0.0015647256539945318,0.04755807862149334,0.0032454619566673467,0.008609878771350646,0.018707667557558445
2.2591552,0.0010228987075153735,0.00916890064199531,0.04035837600543764,0.0015668222300049127,0.047646225287187524,0.0032410897476922978,0.00869516479998756,0.018530634153036945
2.2596207,0.0010197781415493407,0.009204243453671029,0.04035409534369286,0.0015689719205184453,0.047734065865885855,0.0032367040519215304,0.00878058975168483,0.01835327304867425
2.2600862,0.001016672573214524,0.009239846350833537,0.04034780556912711,0.001571174077271146,0.047821594755137066,0.0032323068873640875,0.008866150858690372,0.018175614256594547
2.2605517,0.001013583073825436,0.00927570788062889,0.04033950120162186,0.0015734280338743586,0.047908806409785724,0.0032279002683954666,0.008951845292142406,0.01799768772997203
2.2610172,0.001010510694805247,0.00931182653919453,0.040329177135771214,0.0015757331060691274,0.047995695341135736,0.0032234862052901744,0.009037670160379416,0.017819523354577885
2.2614828,0.001007456467507065,0.00934820077083602,0.04031682864350781,0.0015780885919878822,0.048082256116027615,0.0032190667037582236,0.009123622507300328,0.0176411509404001
2.2619483,0.0010044214030450192,0.009384828967185803,0.040302451376594016,0.001580493772423343,0.04816848335583337,0.003214643764485747,0.009209699310775171,0.01746260021333958
2.2624138,0.0010014064921351434,0.00942170946634442,0.04028604136897886,0.0015829479111045424,0.048254371735373204,0.003210219382679926,0.009295897481106371,0.01728390080698597
2.2628793,0.0009984127049460561,0.00945884055200458,0.04026759503902153,0.0015854502549798625,0.04833991598175834,0.003205795547618406,0.009382213859540852,0.017105082254476378
2.2633448,0.0009954409909594239,0.009496220452558535,0.0402471091915828,0.0015880000345069817,0.04842511087316514,0.003201374242203345,0.009468645216833087,0.016926173980440187
2.2638103,0.0009924922788401974,0.009533847340189177,0.04022458101998606,0.0015905964639496202,0.04850995123754581,0.0031969574425202386,0.009555188251859232,0.016747205293032846
2.2642759,0.0009895674763166034,0.00957171932994533,0.04020000810784988,0.0015932387416809873,0.04859443195128119,0.0031925471174016205,0.00964183959028252,0.016568205376061632
2.2647414,0.0009866674700698657,0.009609834478801794,0.04017338843079426,0.0015959260504938302,0.04867854793778112,0.0031881452279957302,0.009728595783270119,0.0163892032812061
2.2652069,0.0009837931256336287,0.009648190784704776,0.04014472035802269,0.0015986575579169898,0.04876229416603781,0.003183753727340202,0.009815453306261678,0.016210227920335964
2.2656724,0.000980945287303042,0.009686786185603518,0.040114002653782156,0.0016014324165383796,0.04884566564913709,0.003179374559940829,0.009902408557789826,0.016031308057928954
2.2661379,0.0009781247780534675,0.009725618558468966,0.040081234478703265,0.0016042497643342936,0.04892865744273194,0.0031750096613554313,0.009989457858352908,0.015852472303591138
2.2666034,0.0009753323994687518,0.00976468571830053,0.04004641539102247,0.0016071087250049713,0.04901126464348268,0.00317066095778287,0.010076597449340221,0.015673749104681986
2.267069,0.0009725689316790145,0.009803985417122027,0.04000954534768848,0.001610008408316326,0.04909348238746749,0.003166330365657259,0.010163823492010025,0.015495166739046464
2.2675345,0.0009698351333078871,0.00984351534296797,0.03997062470535456,0.0016129479104477597,0.04917530584856666,0.003162019791247453,0.010251132066520549,0.01531675330785627
2.268,0.000967131741429145,0.009883273118861467,0.039929654221258604,0.0016159263143459607,0.04925673023682364,0.0031577311302619323,0.01033851917101412,0.01513853672856228
2.2684655,0.0009644594715326667,0.009923256301784955,0.03988663505399244,0.0016189426900845843,0.04933775079678547,0.003153466267459205,0.01042598072075457,0.014960544727960155
2.268931,0.0009618190174996604,0.009963462381645149,0.039841568764161756,0.0016219960952296973,0.04941836280582471,0.0031492270762638625,0.010513512547317956,0.014782804835371033
2.2693966,0.0009592110515870886,0.010003888780233632,0.03979445731493742,0.0016250855752108632,0.04949856157244494,0.003145015418388423,0.010601110397836625,0.014605344375939024
2.2698621,0.0009566362244212222,0.010044532850184612,0.03974530307249906,0.001628210163697737,0.04957834243457117,0.0031408331434611123,0.010688769934296611,0.014428190464047176
2.2703276,0.0009540951650002493,0.01008539187393148,0.03969410880637115,0.001631368882982023,0.04965770075782664,0.0031366820886597254,0.010776486732888318,0.014251369996853436
2.2707931,0.0009515884807058585,0.010126463062663897,0.03964087768965179,0.0016345607443646513,0.049736631933797126,0.003132564078351738,0.01086425628341039,0.01407490964794803
2.2712586,0.0009491167573237179,0.01016774355528718,0.039585613299133855,0.0016377847485480152,0.04981513137828343,0.0031284809237408255,0.010952073988726635,0.013898835861133663
2.2717241,0.0009466805590727605,0.01020923041738579,0.039528319615318094,0.0016410398860331168,0.04989319452954321,0.003124434422519973,0.011039935164275873,0.013723174844329824
2.2721897,0.0009442804286431867,0.010250920640192724,0.03946900102231759,0.0016443251375214574,0.04997081684652275,0.003120426358531333,0.011127835037634464,0.013547952563602483
2.2726552,0.0009419168872430863,0.010292811139566642,0.039407662307652684,0.00164763947432152,0.050047993807079465,0.0031164585014329914,0.011215768748131263,0.013373194737320408
2.2731207,0.0009395904346535861,0.010334898754978524,0.03934430866193568,0.0016509818587596753,0.05012472090619627,0.0031125326063727856,0.011303731346514682,0.01319892683043939
2.2735862,0.0009373015492924305,0.0103771802485097,0.03927894567844435,0.001654351244595349,0.05020099365418891,0.0031086504136693034,0.011391717794671513,0.013025174048915504
2.2740517,0.0009350506882859023,0.010419652303863013,0.03921157935258344,0.0016577465774402932,0.050276807574907566,0.003104813648500158,0.011479722965397086,0.012851961334248502
2.2745172,0.0009328382875489962,0.010462311525388903,0.039142216081233375,0.001661166795181799,0.05035215820393425,0.0031010240205976347,0.011567741642216365,0.012679313358156438
2.2749828,0.0009306647618737543,0.010505154437128152,0.03907086266198528,0.0016646108284096995,0.0504270410867777,0.0030972832239517622,0.011655768519255484,0.012507254517382372
2.2754483,0.0009285305050256698,0.010548177481872981,0.03899752629226129,0.0016680776008470156,0.050501451777067344,0.003093592936520875,0.011743798201163272,0.012335808928634057
2.2759138,0.0009264358898480691,0.010591377020248195,0.03892221456831933,0.0016715660297840918,0.050575385834748056,0.003089954819949698,0.011831825203082206,0.012165000423657344
2.2763793,0.000924381268374384,0.010634749329814092,0.0388449354841412,0.0016750750265160674,0.05064883882427698,0.0030863705192949956,0.011919843950668231,0.011994852544443994
2.2768448,0.0009223669719482305,0.010678290604192835,0.03876569743020303,0.0016786034967835213,0.05072180631282359,0.0030828416627588255,0.012007848780158797,0.011825388538574526
2.2773103,0.0009203933113512139,0.010721996952220003,0.038684509192127264,0.0016821503412161245,0.05079428386847376,0.0030793698614294553,0.012095833938488424,0.011656631354696679
2.2777759,0.0009184605769383811,0.01076586439712324,0.03860137994921548,0.0016857144557791256,0.050866267058438795,0.0030759567090299987,0.012183793583451029,0.011488603638139977
2.2782414,0.0009165690387812421,0.01080988887573007,0.038516319272861345,0.0016892947322224862,0.050937751447270196,0.003072603781674855,0.012271721783908222,0.011321327726666825
2.2787069,0.0009147189468182733,0.010854066237707218,0.03842933712484346,0.0016928900585324788,0.05100873259508115,0.003069312637634029,0.012359612520042754,0.011154825646360497
2.2791724,0.0009129105310128128,0.010898392244833988,0.038340443855498084,0.0016964993193855542,0.051079206055775365,0.003066084817105406,0.012447459683656193,0.010989119107650342
2.2796379,0.0009111440015182553,0.010942862570312318,0.03824965020177174,0.001700121396604282,0.05114916737528414,0.0030629218419950715,0.012535257078509845,0.010824229501474422
2.2801034,0.0009094195488504451,0.010987472798116196,0.03815696728515411,0.0017037551696151608,0.051218612089811974,0.0030598252157057557,0.012622998420707895,0.010660177895579796
2.280569,0.0009077373440671694,0.011032218422383113,0.03806240660949158,0.0017073995159081012,0.05128753572409146,0.003056796422933485,0.012710677339121635,0.010496985030960571
2.2810345,0.0009060975389546466,0.011077094846850067,0.03796598005868209,0.0017110533114973762,0.05135593378964817,0.0030538369294725136,0.01279828737585365,0.010334671318433861
2.2815,0.00090450026622091,0.011122097384336662,0.03786769989425172,0.0017147154313838448,0.05142380178307686,0.0030509481820286018,0.012885821986740752,0.010173256835353629
2.2819655,0.0009029456396959885,0.011167221256277676,0.03776757875281361,0.0017183847500182503,0.05149113518433049,0.0030481316080407284,0.01297327454189437,0.010012761322462468
2.282431,0.0009014337545387783,0.011212461592307384,0.03766562964340963,0.0017220601417654007,0.05155792945502437,0.0030453886155113043,0.013060638326277109,0.009853204180881212
2.2828966,0.0008999646874505021,0.011257813429897874,0.03756186594473505,0.001725740481369044,0.05162418003675804,0.0030427205928449915,0.013147906540314152,0.00969460446923627
2.2833621,0.0008985384968946412,0.011303271714053464,0.03745630140224657,0.001729424644417247,0.051689882349457726,0.0030401289086962363,0.01323507230053814,0.009536980900924485
2.2838276,0.0008971552233232219,0.011348831297063225,0.03734895012515363,0.001733111507808094,0.051755031789742126,0.0030376149118256216,0.013322128640266257,0.009380351841515236
2.2842931,0.000895814889409332,0.011394486938313565,0.03723982658329312,0.0017367999502155029,0.05181962372931449,0.0030351799309651464,0.013409068510308295,0.009224735306289466
2.2847586,0.0008945175002857333,0.011440233304162713,0.0371289456038873,0.0017404888525549605,0.05188365351338388,0.003032825274692526,0.013495884779704504,0.009070148957915183
2.2852241,0.0008932630437894295,0.01148606496787884,0.03701632236818453,0.0017441770984489614,0.05194711645911852,0.0030305522313145983,0.013582570236492114,0.008916610104259006
2.2856897,0.0008920514907120453,0.011531976409643482,0.036901972407982195,0.0017478635746919354,0.05201000785413492,0.003028362068759901,0.01366911758849956,0.008764135696333195
2.2861552,0.0008908827950558662,0.01157796201662183,0.03678591160203097,0.0017515471717144374,0.052072322955026056,0.00302625603448047,0.01375551946416762,0.008612742326377583
2.2866207,0.000889756894295386,0.01162401608310136,0.0366681561723194,0.0017552267840463783,0.05213405698593293,0.0030242353553628877,0.013841768413396986,0.008462446226075778
2.2870862,0.000888673709644212,0.01167013281070023,0.03654872268023747,0.0017589013107790709,0.05219520513716364,0.0030223012376485864,0.013927856908422078,0.008313263264904959
2.2875517,0.0008876331463271767,0.011716306308646781,0.036427628022617856,0.0017625696560258613,0.05225576256386475,0.003020454866863389,0.014013777344711056,0.008165208948618505
2.2880172,0.0008866350938575105,0.011762530594131421,0.03630488942765349,0.0017662307293811168,0.0523157243847495,0.0030186974077562596,0.014099522041892269,0.008018298417860701
2.2884828,0.0008856794263189281,0.011808799592732119,0.0361805244506901,0.0017698834463773319,0.052375085680887654,0.003017030004247202,0.014185083244707474,0.007872546446912642
2.2889483,0.0008847660026524878,0.01185510713891461,0.03605455096989268,0.0017735267289401113,0.05243384149456164,0.003015453779384238,0.014270453123992288,0.007727967442568445
2.2894138,0.000883894666948078,0.011901446976608448,0.035926987181784546,0.0017771595058407872,0.05249198682819339,0.0030139698353093825,0.014355623777684467,0.007584575443140759
2.2898793,0.0008830652487403914,0.011947812759859847,0.035797851596657874,0.0017807807131464237,0.05254951664334607,0.003012579253233523,0.014440587231860773,0.007442384117594553
2.2903448,0.0008822775633092455,0.011994198053562305,0.03566716303385425,0.0017843892946669637,0.05260642585980462,0.0030112830934201163,0.014525335441803134,0.007301406764808098
2.2908103,0.0008815314119841149,0.012040596334265847,0.03553494061691391,0.0017879842023992645,0.05266270935473898,0.0030100823951775667,0.014609860293095023,0.0071616563129599815
2.2912759,0.0008808265824527404,0.012087000991065706,0.03540120376859212,0.00179156439696777,0.05271836196195373,0.003008978176860179,0.014694153602749001,0.007023145319040958
2.2917414,0.0008801628490736827,0.012133405326571112,0.035265972205741285,0.0017951288480615615,0.05277337847122794,0.0030079714358775293,0.01477820712036644,0.006885885968489383
2.2922069,0.0008795399731926875,0.012179802557954825,0.03512926593405776,0.001798676534867524,0.05282775362774857,0.0030070631487120994,0.014862012529330533,0.006749890074948922
2.2926724,0.0008789577034627314,0.012226185818083967,0.03499110524269258,0.0018022064464993514,0.05288148213164071,0.0030062542709450198,0.014945561448033634,0.006615169080147154
2.2931379,0.0008784157761676112,0.012272548156732625,0.03485151069872581,0.0018057175824221117,0.052934558637597606,0.0030055457372897454,0.01502884543114005,0.006481734053893691
2.2936034,0.0008779139155489396,0.012318882541876613,0.034710503141504666,0.0018092089528720804,0.05298697775461276,0.003004938461633507,0.015111855970885333,0.006349595694196359
2.294069,0.0008774518341364048,0.012365181861070811,0.03456810367684641,0.0018126795792715526,0.05303873404581649,0.003004433337086398,0.015194584498413134,0.006218764327494024
2.2945345,0.00087702923308115,0.012411438922909317,0.034424333671107234,0.001816128494638347,0.05308982202841845,0.003004031236037948,0.015277022385150628,0.006089249909004566
2.295,0.0008766458024921272,0.012457646458568634,0.03427921474511928,0.0018195547439897213,0.05314023617375751,0.003003733010221041,0.015359160944223425,0.005961062023186509
2.2954655,0.0008763012217752827,0.012503797123434,0.03413276876799843,0.0018229573847404388,0.053189970907460034,0.0030035394907830097,0.015440991431910897,0.005834209884312785
2.295931,0.0008759951599754328,0.012549883498808919,0.03398501785082596,0.0018263354870947414,0.053239020609707643,0.003003451488363754,0.015522505049142736,0.005708702337155068
2.2963966,0.0008757272761206901,0.012595898093707807,0.03383598434020781,0.0018296881344320292,0.05328737961561502,0.003003469793180707,0.015603692943037671,0.005584547857777088
2.2968621,0.0008754972195693013,0.012641833346731579,0.03368569081171573,0.0018330144236860576,0.05333504221571853,0.003003595175120482,0.01568454620848516,0.0054617545544353085
2.2973276,0.0008753046303587547,0.012687681628025946,0.03353416006321479,0.0018363134657175043,0.053382002656576215,0.0030038283838370425,0.015765055889770917,0.0053403301685852845
2.2977931,0.0008751491395570179,0.012733435241322037,0.03338141510808248,0.001839584385679759,0.05342825514147961,0.0030041701488562607,0.015845212982247087,0.005220282075992027
2.2982586,0.0008750303696157672,0.012779086426058876,0.033227479168324414,0.0018428263233777958,0.05347379383127759,0.0030046211796867293,0.015925008434047757,0.005101617287942635
2.2987241,0.0008749479347254841,0.012824627359587143,0.03307237566759181,0.0018460384336199853,0.053518612845312015,0.0030051821659367044,0.016004433147850425,0.004984342452559478
2.2991897,0.0008749014411722966,0.012870050159453523,0.03291612822410584,0.0018492198865626953,0.05356270626246497,0.0030058537774370394,0.016083477982683843,0.004868463856212153
2.2996552,0.0008748904876964524,0.012915346885764881,0.032758760643493756,0.0018523698680475295,0.053606068122317156,0.0030066366643700074,0.01616213375578268,0.004753987425026519
2.3001207,0.0008749146658523205,0.01296050954363137,0.03260029691154145,0.0018554875799310726,0.05364869242641667,0.003007531457403891,0.016240391244489172,0.00464091872648907
2.3005862,0.0008749735603698226,0.013005530085687491,0.032440761186867166,0.0018585722404070202,0.05369057313965733,0.0030085387678332534,0.016318241188201896,0.004529262971145011
2.3010517,0.0008750667495172001,0.013050400414690114,0.032280177793520784,0.0018616230843205984,0.05373170419176585,0.0030096591877248296,0.016395674290371778,0.004419025014388368
2.3015172,0.0008751938054650291,0.013095112386192294,0.03211857121351306,0.0018646393634752093,0.05377207947889679,0.0030108932900690063,0.016472681220545144,0.004310209358342541
2.3019828,0.000875354294651402,0.0131396578112917,0.0319559660792794,0.0018676203469312502,0.053811692865334285,0.0030122416289368415,0.016549252616453677,0.00420282015382968
2.3024483,0.0008755477781481916,0.013184028459452423,0.03179238716608235,0.001870565321297078,0.05385053818529933,0.00301370473964257,0.01662537908615093,0.004096861202427283
2.3029138,0.0008757738120283141,0.013228216061398889,0.03162785938435705,0.0018734735910120935,0.0538886092448611,0.0030152831389115347,0.016701051210194957,0.003992335958610387
2.3033793,0.0008760319477339072,0.013272212312080495,0.03146240777200384,0.0018763444786219288,0.0539258998239508,0.0030169773250534587,0.016776259543876418,0.003889247531977755
2.3038448,0.0008763217324453327,0.013316008873705558,0.031296057486632244,0.0018791773250457222,0.05396240367847614,0.0030187877781409534,0.016850994619491445,0.003787598689560405
2.3043103,0.0008766427094509095,0.013359597378843062,0.031128833797760384,0.0018819714898354733,0.053998114542534635,0.0030207149601931263,0.01692524694865839,0.0036873918582108977
2.3047759,0.0008769944185172811,0.013402969433590648,0.030960762078974254,0.0018847263514274728,0.05403302613072408,0.0030227593153641513,0.016999007024677423,0.0035886291270717597
2.3052414,0.000877376396260314,0.013446116620807195,0.030791867800051134,0.0018874413073858046,0.05406713214054819,0.0030249212701366586,0.017072265324931814,0.0034913122501214378
2.3057069,0.0008777881765164269,0.013489030503408238,0.030622176519051882,0.0018901157746379204,0.054100426254915686,0.003027201233519786,0.01714501231332962,0.0033954426487961807
2.3061724,0.0008782292907142462,0.013531702627722474,0.030451713874386995,0.001892749189702279,0.05413290214473098,0.003029599597251765,0.017217238442784295,0.0033010214146862566
2.3066379,0.0008786992682464794,0.013574124526907429,0.030280505576861644,0.001895341008908035,0.054164553471574374,0.00303211673600692,0.017288934157732652,0.003208049312304887
2.3071034,0.000879197636841908,0.013616287724422324,0.030108577401705278,0.0018978907086067461,0.05419537389046981,0.003034753007606971,0.01736008989668847,0.003116526781928295
2.307569,0.0008797239229373922,0.013658183737556171,0.029935955180591504,0.0019003977853760692,0.05422535705273777,0.003037508753236541,0.017430696094829824,0.0030264539425052532
2.3080345,0.0008802776520497926,0.013699804081009029,0.029762664793654227,0.0019028617562153894,0.05425449660893141,0.0030403842976627848,0.017500743186618158,0.0029378305946344938
2.3085,0.0008808583491477112,0.013741140270524357,0.029588732161505912,0.0019052821587333328,0.05428278621185369,0.0030433799494590523,0.017570221608446908,0.002850656223608337
2.3089655,0.0008814655390229622,0.013782183826570439,0.029414183237264056,0.0019076585513270931,0.054310219519653376,0.003046496001232484,0.017639121801317374,0.0027649300025208833
2.309431,0.000882098746661688,0.013822926278068751,0.029239043998591636,0.0019099905133535167,0.054336790198997675,0.003049732729855444,0.01770743421353936,0.0026806507954391027
2.3098966,0.0008827574976150426,0.01386335916616721,0.029063340439757328,0.001912277645291891,0.05436249192831887,0.0030530903967006754,0.017775149303453995,0.002597817160635147
2.3103621,0.0008834413183693743,0.013903474048056218,0.028887098563721042,0.0019145195688983901,0.054387318401132555,0.0030565692478800323,0.01784225754217595,0.002516427353878192
2.3108276,0.0008841497367158404,0.013943262500825325,0.02871034437425001,0.0019167159273521205,0.05441126332942503,0.003060169514486646,0.01790874941635221,0.0024364793317841384
2.3112931,0.0008848822821193839,0.013982716125358306,0.028533103868070675,0.001918866385392722,0.05443432044710748,0.003063891412840354,0.017974615430934374,0.002357970755221482
2.3117586,0.000885638486087002,0.014021826550264311,0.028355403027061285,0.0019209706294494651,0.05445648351353481,0.003067735144736212,0.018039846111961334,0.002280898992771671
2.3122241,0.0008864178825352295,0.014060585435842689,0.028177267810490063,0.0019230283677617946,0.05447774631708723,0.0030717008976959056,0.018104432009349202,0.002205261124242297
2.3126897,0.0008872200081567529,0.014098984478078905,0.027998724147303526,0.0019250393304912617,0.054498102678812096,0.003075788845221877,0.018168363699685188,0.0021310539442314556
2.3131552,0.0008880444027860695,0.01413701541266894,0.027819797928469316,0.0019270032698247984,0.054517546456124145,0.0030799991470540017,0.01823163178902223,0.0020582739657416032
2.3136207,0.0008888906097640979,0.01417467001906937,0.02764051499937772,0.0019289199600692885,0.05453607154656117,0.003084331949428649,0.018294226915671133,0.0019869174238412693
2.3140862,0.0008897581763016395,0.014211940124570225,0.02746090115230591,0.0019307891977373855,0.05455367189159224,0.003088787385339999,0.01835613975298699,0.0019169802793729711
2.3145517,0.0008906466538415867,0.014248817608387653,0.02728098211894855,0.001932610801624532,0.05457034148047523,0.0030933655748034915,0.018417361012146746,0.0018484582227056923
2.3150172,0.0008915555984197653,0.014285294405773225,0.027100783563018295,0.001934384612877123,0.05458607435416,0.0030980666251213115,0.018477881444914836,0.0017813466775302932
2.3154828,0.0008924845710242958,0.01432136251213664,0.026920331072919426,0.0019361104950517576,0.05460086460923335,0.0031028906311498248,0.018537691846393877,0.0017156408046962361
2.3159483,0.0008934331379533573,0.014357013987178468,0.026739650154497765,0.0019377883341655123,0.054614706401901886,0.003107837675568899,0.018596783057757593,0.0016513355060880147
2.3164138,0.0008944008711712332,0.014392240959029492,0.026558766223869733,0.0019394180387371643,0.054627593952008426,0.0031129078291530334,0.018655145968963102,0.0015884254285396906
2.3168793,0.0008953873486625228,0.014427035628393104,0.02637770460033337,0.0019409995398192799,0.05463952154707781,0.0031181011510442204,0.018712771521439877,0.0015269049677859496
2.3173448,0.0008963921547843967,0.014461390272687181,0.02619649049936413,0.0019425327910210792,0.05465048354638739,0.0031234176890264456,0.018769650710752667,0.0014667682724480882
2.3178103,0.0008974148806167679,0.014495297250181848,0.026015149025698087,0.0019440177685219999,0.0546604743850574,0.003128857479801707,0.018825774589235848,0.0014080092480533392
2.3182759,0.0008984551243102483,0.014528749004129532,0.02583370516650526,0.0019454544710758906,0.05466948857815578,0.00313442054926743,0.018881134268596618,0.001350621561085952
2.3187414,0.0008995124914317573,0.014561738066883689,0.025652183784655527,0.0019468429200058049,0.05467752072481197,0.0031401069127951356,0.01893572092248465,0.0012945986430684324
2.3192069,0.0009005865953076425,0.014594257064002563,0.025470609612079705,0.0019481831591893874,0.05468456551233373,0.0031459165755102396,0.018989525789025824,0.0012399336946713536
2.3196724,0.0009016770573641767,0.014626298718334296,0.025289007243227846,0.001949475255034888,0.05469061772032078,0.003151849532572835,0.01904254017331775,0.0011866196898501437
2.3201379,0.0009027835074652871,0.014657855854079565,0.025107401128626992,0.001950719296447865,0.054695672224768836,0.0031579057694593265,0.019094755449884832,0.001134649380007245
2.3206034,0.0009039055842473765,0.014688921400827845,0.02492581556854029,0.001951915394788663,0.054699724002157495,0.0031640852622447802,0.019146163065090604,0.0010840152981780294
2.321069,0.0009050429354510929,0.014719488397563284,0.024744274706729383,0.0019530636838207666,0.05470276813351552,0.0031703879778858268,0.019196754539504927,0.0010347097632388493
2.3215345,0.0009061952182499042,0.014749549996636049,0.02456280252432187,0.0019541643196501492,0.05470479980845668,0.0031768138745039446,0.019246521470223776,0.0009867248841356018
2.322,0.0009073620995753302,0.01477909946769494,0.02438142283378561,0.0019552174806557318,0.05470581432917961,0.00318336290166892,0.01929545553313903,0.0009400525641311776
2.3224655,0.0009085432564386774,0.014808130201577016,0.024200159273011577,0.001956223367411079,0.054705807114424555,0.0031900350006822684,0.01934354848515581,0.0008946845050701766
2.322931,0.0009097383762491239,0.014836635714149875,0.02401903529950685,0.0019571822025974423,0.05470477370338006,0.003196830104860387,0.019390792166354837,0.0008506122116592835
2.3233966,0.0009109471571279907,0.014864609650102301,0.02383807418469939,0.0019580942309082726,0.05470270975953233,0.0032037481398171793,0.019437178502097353,0.000807826995761717
2.3238621,0.0009121693082190427,0.014892045786678949,0.023657299008356034,0.0019589597189453105,0.0546996110744499,0.003210789023745898,0.019482699505070356,0.0007663199807041872
2.3243276,0.00091340454999466,0.01491893803735476,0.02347673265311532,0.001959778955106374,0.05469547357149632,0.003217952667699948,0.019527347277270242,0.0007260821055948091
2.3247931,0.0009146526145577283,0.014945280455444812,0.023296397799136438,0.0019605522494649708,0.05469029330946382,0.0032252389758723604,0.019571114011923407,0.0006871041296504398
2.3252586,0.0009159132459391036,0.014971067237645328,0.023116316918865936,0.0019612799336418754,0.05468406648612127,0.003232647845873653,0.01961399199534282,0.0006493766365319261
2.3257241,0.000917186200390515,0.014996292727501612,0.022936512271923407,0.001961962360668815,0.05467678944167062,0.0032401791690077845,0.01965597360871992,0.0006128900386857663
2.3261897,0.0009184712466727747,0.015020951418798787,0.022757005900107784,0.001962599904844421,0.05466845866210684,0.0032478328305458708,0.01969705132985159,0.0005776345816907099
2.3266552,0.0009197681663391616,0.015045037958871134,0.022577819622525596,0.001963192961582594,0.054659070782477275,0.003255608709997334,0.01973721773480239,0.0005436003486078389
2.3271207,0.0009210767540138486,0.01506854715182596,0.022398975030842608,0.0019637419472534104,0.054648622590037416,0.003263506681378126,0.0197764654995028,0.0005107772643326887
2.3275862,0.0009223968176652406,0.015091473961677851,0.022220493484660264,0.0019642472990166935,0.0546371110273007,0.0032715266134756573,0.019814787401284922,0.0004791550999479776
2.3280517,0.0009237281788740852,0.015113813515389209,0.02204239610701827,0.0019647094746483473,0.05462453319498028,0.0032796683701100345,0.01985217632035751,0.0004487234770755292
2.3285172,0.000925070673096219,0.015135561105813026,0.021864703780024527,0.0019651289523595567,0.05461088635482069,0.0032879318103912116,0.019888625241222584,0.0004194718722259835
2.3289828,0.0009264241499198017,0.015156712194534083,0.02168743714061361,0.0019655062306089257,0.05459616793231717,0.003296316788971625,0.01992412725403613,0.0003913896211449056
2.3294483,0.0009277884733168909,0.01517726241460497,0.021510616576434934,0.00196584182790763,0.054580375519319956,0.0033048231562938847,0.01995867555591552,0.0003644659231539056
2.3299138,0.0009291635218892022,0.01519720757317377,0.021334262221871406,0.0019661362826176457,0.0545635068765213,0.003313450758833061,0.01999226345219657,0.00033868984548538763
2.3303793,0.0009305491891078992,0.015216543654000587,0.021158393954189475,0.0019663901527431087,0.05454555993582232,0.00332219943933311,0.02002488435764317,0.00031405032760954986
2.3308448,0.0009319453835472494,0.015235266819860573,0.020983031389821098,0.0019666040157148464,0.054526532802577465,0.00333106903703697,0.020056531797612468,0.00029053618555225947
2.3313103,0.0009333520291119825,0.0152533734148314,0.020808193880778165,0.001966778468168125,0.054506423757713744,0.0033400593879098625,0.02008719940917864,0.0002681361162024324
2.3317759,0.0009347690652581853,0.015270859966463515,0.020633900511199666,0.0019669141257136406,0.05448523125972248,0.003349170324855325,0.02011688094221825,0.00024683870160755204
2.3322414,0.0009361964472075662,0.01528772318783168,0.020460170094031827,0.001967011622701775,0.05446295394652054,0.0033584016779235316,0.020145570260460422,0.00022663241325596742
2.3327069,0.0009376341461549264,0.015303959979466668,0.02028702116784132,0.001967071611980135,0.054439590637178174,0.0033677532745114585,0.02017326134250486,0.00020750561634461844
2.3331724,0.0009390821494686697,0.015319567431166267,0.020114471993761537,0.001967094764644375,0.054415140333510206,0.0033772249395545347,0.020199948282811055,0.0001894465740308416
2.3336379,0.0009405404608841866,0.015334542823685373,0.01994254055257191,0.0019670817697823037,0.054389602221527465,0.0033868164957094483,0.020225625292661826,0.00017244345166692211
2.3341034,0.0009420091006899466,0.015348883630305447,0.019771244541910142,0.0019670333342112645,0.05436297567274578,0.003396527763527868,0.020250286701104455,0.00015648432101607074
2.334569,0.0009434881059061322,0.01536258751828405,0.019600601373617126,0.0019669501822087865,0.054335260245350285,0.003406358561620912,0.02027392695587259,0.00014155716444852316
2.3350345,0.0009449775304556488,0.015375652350185459,0.019430628171214298,0.001966833055236504,0.05430645568521344,0.0034163087068142537,0.020296540624292102,0.00012764987911648135
2.3355,0.0009464774453273468,0.01538807618509342,0.019261341767513002,0.001966682711657345,0.054276561926765964,0.0034263780142938047,0.020318122394173924,0.00011475028110664283
2.3359655,0.0009479879387312917,0.015399857279707056,0.019092758702355463,0.0019664999264459963,0.054245579093720665,0.003436566297741941,0.02033866707469681,0.00010284610956909052
2.336431,0.0009495091162459189,0.0154109940893208,0.018924895220486862,0.0019662854908926463,0.05421350749964954,0.0034468733694642344,0.020358169597282816,9.192503082134752e-05
2.3368966,0.0009510411009569127,0.01542148526868922,0.018757767269557978,0.0019660402123000188,0.054180347648415464,0.0034572990405066515,0.020376625016468128,8.197464242643365e-05
2.3373621,0.0009525840335876571,0.015431329672777385,0.01859139049825777,0.0019657649136737183,0.05414610023445991,0.0034678431207631703,0.020394028510771676,7.298247724379578e-05
2.3378276,0.0009541380726211126,0.015440526357397377,0.018425780254575315,0.00196546043340593,0.05411076614294868,0.003478505419073767,0.020410375383563942,6.493600745202042e-05
2.3382931,0.000955703394412982,0.01544907457973146,0.01826095158419036,0.001965127624952542,0.05407434644977788,0.0034892857433127433,0.020425661063938106,5.782264854227332e-05
2.3387586,0.0009572801932960424,0.015456973798742304,0.018096919228991763,0.0019647673565037853,0.05403684242144241,0.0035001839004673908,0.020439881107585562,5.1629763281445965e-05
2.3392241,0.000958868681675526,0.015464223675470637,0.017933697625722986,0.001964380510648521,0.05399825551476949,0.0035111996967070007,0.020453031197677714,4.634466564401624e-05
2.3396897,0.0009604690901154463,0.015470824073220533,0.017771300904753737,0.0019639679840323145,0.053958587376519214,0.0035223329374422566,0.0204651071457558,4.195462471165006e-05
2.3401552,0.0009620816674157702,0.01547677505763247,0.0176097428889767,0.00196353068700946,0.05391783984285438,0.003533583427375072,0.020476104892630274,3.844686853958198e-05
2.3406207,0.0009637066806803453,0.01548207689664421,0.017449037092828246,0.001963069543289104,0.05387601493868147,0.00354495097053896,0.020486020509291266,3.5808587988820576e-05
2.3410862,0.0009653444153754955,0.015486730060339455,0.017289196721431938,0.001962585489575637,0.053833114876864284,0.0035564353703300723,0.020494850197831326,3.402694052323144e-05
2.3415517,0.00096699517537921,0.015490735220684136,0.017130234669863503,0.0019620794752034892,0.05378914205731206,0.0035680364295291064,0.020502590292381606,3.3089053970560884e-05
2.3420172,0.0009686592830208643,0.015494093251150177,0.016972163522535975,0.0019615524617664654,0.05374409906594401,0.0035797539503143426,0.020509237260062346,3.298203024647858e-05
2.3424828,0.0009703370791114307,0.015496805226226571,0.016814995552703525,0.0019610054227417496,0.0536979886735323,0.0035915877342661178,0.020514787701948506,3.369294904074236e-05
2.3429483,0.0009720289229641475,0.015498872420817631,0.016658742722082464,0.0019604393431086786,0.05365081383442625,0.0036035375823630592,0.0205192383540511,3.520887146462137e-05
2.3434138,0.0009737351924056341,0.015500296309528363,0.01650341668058774,0.001959855218962391,0.05360257768516065,0.003615603294970404,0.020522586088314667,3.751684365875146e-05
2.3438793,0.0009754562837774402,0.015501078565836959,0.016349028766183136,0.0019592540571224375,0.05355328354295207,0.003627784671820727,0.020524827913631173,4.0603900360630985e-05
2.3443448,0.0009771926119280171,0.015501221061154499,0.016195590004843316,0.0019586368747364366,0.05350293490408712,0.0036400815119873907,0.020525960976870407,4.445706843099301e-05
2.3448103,0.000978944610195099,0.015500725863772115,0.016043111110625653,0.0019580046988788525,0.05345153544220732,0.003652493613851018,0.02052598256392685,4.9063370338308686e-05
2.3452759,0.0009807127303784757,0.015499595237695875,0.015891602485849792,0.0019573585661449796,0.05339908900649558,0.003665020775059293,0.020524890100782775,5.440982760068841e-05
2.3457414,0.000982497442703141,0.01549783164136976,0.01574107422138274,0.0019566995222402074,0.053345599619769084,0.003677662792480384,0.0205226811545872,6.0483464184453716e-05
2.3462069,0.0009842992357727907,0.015495437726287132,0.015591536097027164,0.0019560286215646507,0.05329107147648392,0.003690419462150262,0.02051935343475024,6.727130985865776e-05
2.3466724,0.0009861186165136466,0.015492416335491163,0.015442997582010641,0.0019553469267932205,0.05323550894065632,0.0037032905792141724,0.020514904794052092,7.476040350484042e-05
2.3471379,0.0009879561101085689,0.01548877050196465,0.015295467835573433,0.0019546555084512226,0.05317891654370519,0.0037162759378624975,0.020509333229765978,8.29377963813201e-05
2.3476034,0.0009898122599214178,0.01548450344690965,0.015148955707652404,0.0019539554444855736,0.05312129898222038,0.0037293753312612208,0.02050263688479396,9.17905553413518e-05
2.348069,0.0009916876274116138,0.015479618577917338,0.015003469739658623,0.0019532478198317172,0.05306266111566076,0.0037425885514771736,0.020494814048814567,0.00010130576600451677
2.3485345,0.000993582792038842,0.015474119487028423,0.014859018165346204,0.001952533725976341,0.05300300796398604,0.0037559153893982687,0.020485863159440967,0.00011147053588074725
2.349,0.000995498351157843,0.015468009948684407,0.014715608911769892,0.0019518142605159904,0.052942344705225915,0.0037693556346488936,0.020475782803388316,0.000122271997446421
2.3494655,0.0009974349199032206,0.015461293917569816,0.014573249600328856,0.0019510905267116799,0.052880676672990054,0.0037829090755006887,0.020464571717648695,0.00013369731117198142
2.349931,0.0009993931310642084,0.015453975526345549,0.014431947547894118,0.0019503636330396184,0.05281800935392205,0.0037965754987789634,0.02045222879067199,0.00014573366850055162
2.3503966,0.0010013736349493226,0.015446059083273431,0.014291709768017186,0.0019496346927381804,0.052754348385100694,0.003810354689765053,0.020438753063550846,0.00015836829477701908
2.3508621,0.0010033770992408382,0.01543754906973234,0.014152542972217477,0.0019489048233512713,0.052689699551391515,0.003824246432094932,0.020424143731207774,0.00017158845212707468
2.3513276,0.0010054042088390282,0.015428450137626672,0.014014453571346364,0.0019481751462682663,0.052624068782752026,0.0038382505076544333,0.02040840014358231,0.00018538144228570256
2.3517931,0.0010074556656961145,0.015418767106688634,0.013877447677025917,0.0019474467862607143,0.05255746215149423,0.0038523666964714255,0.020391521806815985,0.00019973460937463354
2.3522586,0.0010095321886398729,0.015408504961676481,0.013741531103160613,0.0019467208710160283,0.05248988586950857,0.003866594776605311,0.02037350838443288,0.000214635342628303
2.3527241,0.0010116345131868435,0.015397668849471562,0.013606709367520562,0.001945998530668397,0.05242134628545348,0.003880934524034206,0.020354359698513545,0.0002300710790678841
2.3531897,0.0010137633913450922,0.015386264076077426,0.013472987693395036,0.0019452808973271668,0.05235184988191489,0.0038953857125401956,0.020334075730860175,0.00024602930612299423
2.3536552,0.0010159195914064712,0.015374296103524546,0.013340371011315267,0.0019445691046029322,0.0522814032725396,0.003909948113593022,0.020312656624151205,0.0002624975642006922
2.3541207,0.001018103897728325,0.015361770546684195,0.013208863960845665,0.0019438642871315818,0.052210013199146525,0.003924621496232594,0.020290102683083587,0.0002794634492013934
2.3545862,0.001020317110504593,0.015348693169995044,0.013078470892442691,0.001943167580096526,0.05213768652881931,0.00393940562695065,0.02026641437550136,0.00029691461498133957
2.3550517,0.0010225600455262625,0.015335069884105908,0.01294919586938063,0.0019424801187493369,0.05206443025098356,0.003954300269571913,0.020241592333509237,0.0003148387757612699
2.3555172,0.0010248335339311293,0.015320906742438009,0.012821042669743463,0.0019418030379290327,0.05199025147447198,0.003969305185135055,0.020215637354570427,0.0003332237084809558
2.3559828,0.0010271384219428354,0.015306209937670009,0.012694014788482,0.0019411374715802361,0.05191515742458015,0.003984420131773775,0.0201885504025883,0.0003520572550992827
2.3564483,0.0010294755705991566,0.015290985798149014,0.012568115439535274,0.0019404845522704498,0.051839155440115456,0.003999644864598295,0.020160332608972053,0.0003713273248395891
2.3569138,0.0010318458554695402,0.01527524078423065,0.012443347558015187,0.0019398454107066965,0.05176225297044135,0.004014979135577553,0.020130985273686786,0.0003910218963800024
2.3573793,0.0010342501663619156,0.01525898148455127,0.012319713802453208,0.0019392211752517867,0.05168445757251901,0.0040304226934223565,0.02010050986628854,0.00041112901998854656
2.3578448,0.001036689407018833,0.015242214612235336,0.012197216557107883,0.0019386129714404731,0.05160577690794818,0.004045975283469755,0.020068908026944967,0.0004316368196028361
2.3583103,0.001039164494803016,0.015224947001040906,0.01207585793433179,0.0019380219214957582,0.0515262187400089,0.004061636647568865,0.02003618156744229,0.00045253349485421763
2.3587759,0.0010416763603724381,0.01520718560144618,0.011955639776996558,0.001937449143845611,0.051445790930705664,0.004077406523968388,0.02000233247217921,0.000473807323036266
2.3592414,0.0010442259473450596,0.015188937476680053,0.011836563660974447,0.0019368957526403425,0.05136450143781582,0.0040932846472060145,0.019967362899148314,0.0004954466610176011
2.3597069,0.0010468142119533746,0.015170209798699562,0.01171863089767495,0.0019363628572708748,0.0512823583119436,0.004109270747999906,0.01993127518090541,0.0005174399470990537
2.3601724,0.0010494421226889365,0.015151009844117266,0.011601842536634906,0.0019358515618881273,0.0511993696935812,0.004125364553142417,0.01989407182552707,0.0005397757028152808
2.3606379,0.0010521106599370345,0.015131344990081536,0.011486199368160553,0.001935362964923745,0.05111554381017792,0.004141565785396188,0.019855755517556518,0.0005624425346810002
2.3611034,0.0010548208156017074,0.015111222710113021,0.011371701926020057,0.0019348981586123752,0.051030888973218634,0.004157874163392715,0.019816329118937902,0.000585429135882071
2.361569,0.0010575735927212905,0.015090650569900596,0.011258350490184931,0.001934458228515703,0.050945413575312654,0.004174289401533485,0.019775795669938735,0.0006087242879116954
2.3620345,0.0010603700050746897,0.015069636223060276,0.01114614508961885,0.0019340442530484522,0.050859126087294204,0.004190811209893762,0.019734158390060253,0.0006323168621520533
2.3625,0.001063211076778585,0.015048187406860678,0.011035085505112363,0.0019336573030065587,0.05077203505533588,0.0042074392941290895,0.019691420678935166,0.0006561958214017157
2.3629655,0.0010660978418757575,0.015026311937918719,0.010925171272161992,0.001933298441097726,0.05068414909807637,0.004224173355384588,0.019647586117212235,0.0006803502213492305
2.363431,0.0010690313439147372,0.015004017707869194,0.010816401683892217,0.0019329687214745845,0.050595476903763814,0.004241013090207108,0.019602658467426835,0.0007047692119933265
2.3638966,0.0010720126355209497,0.014981312679011932,0.010708775794018816,0.0019326691892706646,0.0505060272274159,0.004257958190460273,0.019556641674856504,0.0007294420390102413
2.3643621,0.001075042777959544,0.014958204879940169,0.010602292419852008,0.0019324008801394068,0.05041580888799775,0.004275008343242462,0.019509539868360362,0.000754358045068727
2.3648276,0.0010781228406900713,0.014934702401153745,0.010496950145337844,0.0019321648197964379,0.050324830765618084,0.004292163230807795,0.019461357361201064,0.0007795066710933201
2.3652931,0.001081253900913175,0.01491081339066076,0.010392747324136207,0.0019319620235653601,0.05023310179874436,0.004309422530490164,0.019412098651847846,0.0008048774574764848
2.3657586,0.0010844370431094476,0.014886546049571214,0.01028968208273384,0.001931793495927306,0.05014063098143692,0.004326785914630401,0.019361768424758997,0.0008304600452402459
2.3662241,0.0010876733585706052,0.014861908627686266,0.010187752323590692,0.0019316602300745197,0.05004742736060225,0.004344253050506614,0.019310371551141976,0.0008562441771479387
2.3666897,0.0010909639449231115,0.014836909419086603,0.010086955728317897,0.0019315632074682321,0.049953500033264805,0.004361823600267777,0.01925791308968923,0.0008822196987667034
2.3671552,0.0010943099056443853,0.014811556757723526,0.00998728976088566,0.001931503397401084,0.04985885814385694,0.004379497220870591,0.019204398287287632,0.0009083765594813504
2.3676207,0.0010977123495717156,0.014785859013016225,0.009888751670859269,0.0019314817565643547,0.04976351088152579,0.004397273564019649,0.019149832579699405,0.0009347048134602199
2.3680862,0.0011011723904039998,0.014759824585458737,0.009791338496661441,0.0019314992286202336,0.04966746747745613,0.004415152276110906,0.019094221592212274,0.0009611946205736559
2.3685517,0.0011046911461964255,0.014733461902239932,0.009695047068859177,0.0019315567437793706,0.04957073720220788,0.004433132998178437,0.019037571140256608,0.0009878362472657074
2.3690172,0.0011082697388482068,0.014706779412879975,0.009599874013473201,0.0019316552183839318,0.04947332936306726,0.004451215365844413,0.01897988722998712,0.0010146200673796664
2.3694828,0.0011119092935834983,0.014679785584886565,0.009505815755308102,0.0019317955544963783,0.049375253301410765,0.004469399009272242,0.018921176058826726,0.0010415365629380452
2.3699483,0.0011156109384256074,0.014652488899434272,0.009412868521301222,0.0019319786394941926,0.049276518390081174,0.004487683553122768,0.018861444015969977,0.001068576324877598
2.3704138,0.0011193758036646417,0.014624897847070282,0.009321028343888337,0.0019322053456707665,0.049177134030775206,0.004506068616513388,0.018800697682843426,0.0010957300537399837
2.3708793,0.0011232050213187323,0.014597020923449753,0.009230291064384145,0.0019324765298426641,0.04907710965144245,0.0045245538129799374,0.018738943833520105,0.0011229885603186657
2.3713448,0.0011270997245889872,0.014568866625103928,0.009140652336375637,0.0019327930329634732,0.04897645470369516,0.004543138750441163,0.018676189435085186,0.0011503427662626524
2.3718103,0.0011310610473083363,0.01454044344524406,0.009052107629126432,0.0019331556797444513,0.048875178660228925,0.004561823031165573,0.018612441647949785,0.0011777837046376824
2.3722759,0.0011350901233844522,0.014511759869604167,0.00896465223099028,0.0019335652782821674,0.04877329101225396,0.004580606251740455,0.018547707826109646,0.0012053025204454687
2.3727414,0.0011391880862369355,0.01448282437232548,0.00887828125283193,0.001934022619693338,0.048670801266937486,0.004599488003042807,0.01848199551734542,0.0012328904711016385
2.3732069,0.0011433560682289818,0.014453645411885504,0.008792989631453751,0.001934528477757047,0.048567718944857736,0.004618467870211934,0.018415312463361068,0.0012605389268730085
2.3736724,0.0011475952000937516,0.01442423142707451,0.00870877213302656,0.0019350836085645343,0.04846405357747057,0.0046375454326234395,0.01834766659985688,0.0012882393712748627
2.3741379,0.0011519066103556834,0.014394590833022249,0.00862562335652324,0.0019356887501767199,0.04835981470458979,0.004656720263864338,0.018279066056533493,0.001315983401428907
2.3746034,0.0011562914247469926,0.014364732017277636,0.008543537737153807,0.0019363446222896337,0.048255011871882254,0.004675991931709027,0.018209519157023287,0.0013437627283825865
2.375069,0.001160750765619607,0.014334663335944091,0.008462509549800686,0.0019370519259079052,0.04814965462837867,0.004695359998095842,0.018139034418745585,0.0013715691773904606
2.3755345,0.001165285751352791,0.014304393109873153,0.008382532912452934,0.0019378113430264722,0.048043752524000914,0.004714824019103947,0.018067620552682156,0.0013993946881583241
2.376,0.0011698974957567172,0.014273929620918835,0.008303601789638196,0.0019386235363206667,0.04793731510710638,0.004734383544930266,0.01799528646306966,0.0014272313150507669
2.3764655,0.0011745871074722576,0.014243281108255172,0.008225709995851116,0.0019394891488448307,0.047830351922049895,0.004754038119866147,0.017922041247005627,0.0014550712272628607
2.376931,0.0011793556893672653,0.014212455764759236,0.008148851198976974,0.0019404088037396152,0.047722872506763436,0.004773787282273436,0.017847894193964525,0.0014829067089566614
2.3773966,0.001184204337929636,0.014181461733461836,0.008073018923709329,0.001941383103948097,0.047614886390354265,0.0047936305645595815,0.017772854785220477,0.0015107301593632132
2.3778621,0.0011891341426574363,0.014150307104068017,0.007998206554960571,0.0019424126319408529,0.04750640309072157,0.00481356749315139,0.017696932693172962,0.0015385340928507516
2.3783276,0.0011941461854463992,0.014118999909549339,0.007924407341264384,0.0019434979494501075,0.047397432112192314,0.004833597588467043,0.01762013778057188,0.0015663111389597835
2.3787931,0.0011992415399750883,0.014087548122809818,0.007851614398169317,0.0019446395972130583,0.04728798294317639,0.004853720364885951,0.017542480099638436,0.0015940540424057375
2.3792586,0.0012044212710880394,0.014055959653427338,0.007779820711622924,0.0019458380947244775,0.047178065053841395,0.004873935330716036,0.017463969891078547,0.0016217556630498619
2.3797241,0.001209686434177187,0.014024242344472212,0.007709019141346154,0.0019470939399986661,0.04706768789380711,0.004894241988157969,0.017384617582985776,0.0016494089758390554
2.3801897,0.0012150380745618813,0.013992403969404541,0.0076392024241979046,0.0019484076093408275,0.046956860889859585,0.004914639833265933,0.017304433789631323,0.0016770070707153026
2.3806552,0.0012204772268677962,0.013960452229052012,0.007570363177529833,0.001949779557127903,0.046845593443684906,0.004935128355904426,0.017223429310138913,0.0017045431524953852
2.3811207,0.0012260049144050254,0.013928394748669656,0.00750249390253164,0.0019512102155989145,0.046733894929622266,0.004955707039700622,0.017141615127042594,0.0017320105407215298
2.3815862,0.0012316221485456562,0.013896239075083151,0.0074355869875670725,0.0019526999946548375,0.0466217746924362,0.004976375361991784,0.017059002404725677,0.0017594026694836525
2.3820517,0.0012373299281011078,0.013863992673917162,0.007369634711500887,0.001954249281668031,0.04650924204510785,0.004997132793767191,0.016975602487739126,0.0017867130872138506
2.3825172,0.0012431292386995167,0.01383166292691023,0.007304629247017035,0.0019558584413012434,0.046396306266644816,0.00501797879960406,0.016891426898997922,0.0018139354564537945
2.3829828,0.001249021052163442,0.0137992571293177,0.0072405626639282655,0.001957527815336215,0.04628297659990946,0.005038912837596927,0.01680648733785404,0.0018410635535956676
2.3834483,0.0012550063258881655,0.013766782487404068,0.007177426932477298,0.001959257722511887,0.04616926224946566,0.005059934359280047,0.016720795678045134,0.001868091268597299
2.3839138,0.0012610860022208455,0.013734246116026149,0.007115213926629702,0.001961048458372232,0.04605517237944463,0.005081042809542397,0.01663436396551838,0.001895012604672134
2.3843793,0.0012672610078407797,0.013701655036308252,0.007053915427358505,0.0019629002951236994,0.045940716111430156,0.005102237626534964,0.016547204416129238,0.001921821677954664
2.3848448,0.0012735322531410261,0.013669016173410587,0.006993523125920545,0.0019648134815022727,0.04582590252236418,0.005123518241570014,0.016459329413215484,0.0019485127171419527
2.3853103,0.0012799006316116218,0.013636336354391891,0.006934028627124512,0.001966788242650123,0.04571074064247305,0.005144884079012081,0.016370751505047326,0.001975080063111881
2.3857759,0.0012863670192246298,0.013603622306167221,0.006875423452590597,0.00196882478000184,0.045595239453214656,0.005166334556160455,0.01628148340215515,0.0020015181685187314
2.3862414,0.0012929322738212488,0.013570880653561776,0.00681769904400158,0.001970923271180211,0.04547940788524659,0.00518786908312297,0.0161915379745371,0.0020278215973667316
2.3867069,0.0012995972345012149,0.013538117917461486,0.006760846766345197,0.001973083869901525,0.04536325481641477,0.0052094870626809625,0.016100928248749324,0.0020539850245621647
2.3871724,0.0013063627210147363,0.013505340513060946,0.006704857911147563,0.0019753067058903727,0.045246789069762434,0.005231187890145304,0.01600966740488196,0.0020800032354446637
2.3876379,0.0013132295331572035,0.013472554748209234,0.006649723699697399,0.001977591884803917,0.04513001941155897,0.005252970953203391,0.015917768773424344,0.002105871125298281
2.3881034,0.0013201984501669268,0.013439766821854044,0.006595435286260829,0.0019799394881656216,0.045012954549348116,0.005274835631757064,0.015825245832023133,0.0021315836988429248
2.388569,0.001327270230126155,0.013406982822584462,0.006541983761286422,0.0019823495733084103,0.0448956031300156,0.00529678129775139,0.015732112202137206,0.0021571360697067677
2.3890345,0.001334445609365622,0.013374208727272656,0.0064893601546001925,0.0019848221733272287,0.044777973737876314,0.005318807314994339,0.01563838164559352,0.0021825234598802073
2.3895,0.0013417253018728774,0.013341450399814716,0.006437555438590169,0.001987357297040967,0.04466007489278161,0.005340913038967359,0.015544068061047973,0.002207741199151972
2.3899655,0.0013491099987046405,0.013308713589970765,0.0063865605313801685,0.001989954928963686,0.04454191504824787,0.005363097816626958,0.015449185480355487,0.0022327847245279717
2.390431,0.001356600367403421,0.013276003932304369,0.006336366299992296,0.0019926150292850805,0.04442350258960782,0.0053853609861974445,0.015353748064853352,0.0022576495796334775
2.3908966,0.001364197051418651,0.013243326945221262,0.006286963563497746,0.001995337533860094,0.044304845832186274,0.005407701876955082,0.01525777010156194,0.002282331414099223
2.3913621,0.0013719006695325673,0.013210688030107219,0.006238343096155464,0.0019981223542076035,0.04418595301950272,0.005430119809003977,0.01516126599930664,0.002306825982932009
2.3918276,0.0013797118152910888,0.013178092470564833,0.006190495630538236,0.002000969377518096,0.044066832321502686,0.0054526140930440965,0.015064250284764881,0.002331129145870389
2.3922931,0.0013876310564399363,0.013145545431748876,0.006143411860645808,0.0020038784666702595,0.04394749183282014,0.005475184030131862,0.014966737598441915,0.002355236866726006
2.3927586,0.0013956589343662432,0.013113051959799775,0.00609708244500461,0.0020068494602564313,0.04382793957107292,0.005497828911433773,0.014868742690578961,0.002379145212711137
2.3932241,0.0014037959635459156,0.013080616981374622,0.006051498009753696,0.0020098821726168416,0.04370818347519299,0.005520548017973515,0.014770280416997229,0.0024028503537529924
2.3936897,0.0014120426309969982,0.013048245303275153,0.0060066491517164295,0.0020129763938826024,0.043588231403793254,0.005543340620372989,0.014671365734881186,0.0024263485617953056
2.3941552,0.0014203993957392985,0.013015941612171933,0.005962526441457437,0.0020161318900273877,0.04346809113357262,0.005566205978587663,0.014572013698504431,0.0024496362100877144
2.3946207,0.0014288666882605197,0.012983710474423947,0.005919120426324339,0.002019348402927758,0.04334777035776052,0.005589143341636645,0.014472239454901408,0.002472709772463429
2.3950862,0.0014374449099891497,0.01295155633599275,0.00587642163347376,0.002022625650432098,0.043227276684602606,0.005612151947327837,0.014372058239488124,0.0024955658226056623
2.3955517,0.0014461344327743497,0.012919483522450224,0.0058344205728810775,0.0020259633264381686,0.043106617635889195,0.005635231021978526,0.014271485371634968,0.002518201033303274
2.3960172,0.0014549355983730803,0.012887496239078958,0.0057931077403333845,0.0020293611009792743,0.042985800645528566,0.005658379780131745,0.014170536250194592,0.0025406121756960877
2.3964828,0.0014638487179447024,0.012855598571064228,0.005752473620405117,0.002032818620319097,0.042864833058167046,0.005681597424268741,0.014069226348987775,0.002562796118510328
2.3969483,0.0014728740715532769,0.012823794483776536,0.005712508689415762,0.002036335507055243,0.0427437221278583,0.005704883144517874,0.013967571212250132,0.002584749827284624
2.3974138,0.0014820119076777787,0.012792087823143674,0.0056732034183690485,0.0020399113602315817,0.04262247501678418,0.005728236118360276,0.013865586450042454,0.0026064703635870464
2.3978793,0.0014912624427304401,0.012760482316111255,0.0056345482758730124,0.002043545755459441,0.04250109879402973,0.005751655510332593,0.01376328773362745,0.0026279548842236397
2.3983448,0.0015006258605834285,0.012728981571190621,0.005596533731040307,0.0020472382450477367,0.042379600434414876,0.005775140471727128,0.013660690790815671,0.0026492006404389133
2.3988103,0.0015101023121040626,0.012697589079092996,0.005559150256368092,0.0020509883581420986,0.04225798681738513,0.005798690140289669,0.013557811401283463,0.0026702049771087488
2.3992759,0.0015196919146987559,0.012666308213448657,0.0055223883305968585,0.002054795600873044,0.042136264725963504,0.005822303639915293,0.013454665391865774,0.0026909653319261784
2.3997414,0.0015293947518658735,0.012635142231609837,0.005486238441547507,0.002058659456513232,0.04201444084576547,0.00584598008034243,0.013351268631826854,0.0027114792345804724
2.4002069,0.001539210872757689,0.012604094275536016,0.005450691088936002,0.002062579385643829,0.04189252176407865,0.00586971855684549,0.013247637028111872,0.002731744305929968
2.4006724,0.0015491402917516218,0.012573167372760104,0.005415736787164876,0.0020665548263299836,0.04177051396900838,0.00589351814992632,0.01314378652058253,0.0027517582571690634
2.4011379,0.001559182988030941,0.012542364437434074,0.005381366068090846,0.002070585194305409,0.04164842384869025,0.00591737792500487,0.013039733077239825,0.0027715188889898077
2.4016034,0.001569338905175122,0.012511688271452496,0.005347569483767805,0.002074669883166053,0.04152625769057042,0.005941296932109432,0.012935492689437144,0.0027910240907385044
2.402069,0.0015796079507600408,0.012481141565652372,0.005314337609164376,0.0020788082645728286,0.04140402168075476,0.005965274205566874,0.01283108136708688,0.0028102718395677426
2.4025345,0.0015899899959681894,0.012450726901087672,0.005281661044855217,0.0020829996884633504,0.04128172190342741,0.005989308763693335,0.012726515133863803,0.002829260199584269
2.403,0.001600484875209091,0.012420446750376912,0.0052495304196852315,0.0020872434832726397,0.04115936434033967,0.006013399608485854,0.0126218100224083,0.0028479873209930995
2.4034655,0.0016110923857500946,0.012390303479121923,0.0052179363934057735,0.0020915389561627254,0.04103695487036972,0.006037545725315458,0.012516982069532633,0.0028664514392382763
2.403931,0.0016218122873577088,0.012360299347395983,0.005186869659281906,0.002095885393261069,0.04091449926915374,0.006061746082622222,0.012412047311433328,0.0028846508741406703
2.4043966,0.0016326443019496473,0.012330436511299312,0.005156320946669747,0.002100282059907726,0.040792003208788764,0.006085999631612834,0.012307021778912788,0.002902584029033241
2.4048621,0.001643588113257741,0.01230071702457984,0.005126281023562852,0.002104728200911142,0.040669472257607656,0.0061103053059611825,0.012201921492613139,0.0029202493898941514
2.4053276,0.001654643366501869,0.012271142840317132,0.005096740699106591,0.0021092230408124774,0.04054691188002631,0.006134662021512488,0.012096762458265289,0.0029376455244781562
2.4057931,0.0016658096680750517,0.012241715812667218,0.0050676908260793825,0.0021137657841583408,0.040424327436463056,0.0061590686759915225,0.011991560661956151,0.002954771081446661
2.4062586,0.0016770865852398426,0.012212437698666045,0.005039122303339651,0.002118355615781794,0.040301724183329994,0.00618352414871542,0.011886332065416937,0.002971624789496862
2.4067241,0.0016884736458361426,0.012183310160089122,0.005011026078237301,0.002122991701091506,0.04017910727309574,0.006208027300311597,0.01178109260133529,0.002988205456490345
2.4071897,0.0016999703380005586,0.012154334765364939,0.004983393148988499,0.0021276731863688948,0.04005648175441906,0.0062325769724413,0.011675858168694035,0.00300451196858151
2.4076552,0.0017115761098974106,0.012125512991539553,0.00495621456701251,0.002132399199073116,0.03993385257235254,0.006257171987529315,0.011570644628139212,0.003020543289346173
2.4081207,0.0017232903694614904,0.012096846226289766,0.0049294814392293424,0.0021371688481537096,0.039811224568614995,0.006281811148500371,0.01146546779737999,0.003036298458910659
2.4085862,0.0017351124841526616,0.012068335769982208,0.004903184930316887,0.0021419812243707323,0.03968860248193121,0.006306493238522769,0.011360343446622916,0.0030517765930817018
2.4090517,0.0017470417807223864,0.012039982837775565,0.004877316264926268,0.002146835400622172,0.039565990948437005,0.0063312170207597525,0.011255287294042916,0.003066976882477438
2.4095172,0.001759077544992261,0.012011788561763123,0.004851866729854042,0.002151730432278434,0.03944339450214762,0.006355981238129137,0.011150315001293409,0.0030818985916597906
2.4099828,0.0017712190216446295,0.011983753993152714,0.004826827676169909,0.0021566653575236724,0.03932081757548678,0.006380784613071725,0.011045442169057744,0.0030965410582685505
2.4104483,0.0017834654140253478,0.011955880104481034,0.004802190521298532,0.002161639197703726,0.0391982644998738,0.006405625847329033,0.010940684332644104,0.0031109036921574532
2.4109138,0.0017958158839587444,0.011928167791859231,0.004777946751054087,0.0021666509576804254,0.03907573950636575,0.006430503621730848,0.010836056957625937,0.003124985974532565
2.4113793,0.0018082695515748365,0.011900617877246555,0.004754087921626204,0.0021716996261919998,0.03895324672635177,0.00645541659599309,0.010731575435529911,0.003138787457093286
2.4118448,0.0018208254951488352,0.011873231110748774,0.004730605661515973,0.0021767841762193384,0.03883079019229652,0.006480363408526428,0.01062725507957322,0.0031523077611762752
2.4123103,0.0018334827509529747,0.011846008172938013,0.004707491673420766,0.0021819035653578497,0.038708373838530374,0.006505342676256072,0.010523111120452145,0.0031655465769025943
2.4127759,0.0018462403131206937,0.011818949677190571,0.0046847377360666725,0.002187056736194666,0.03858600150208356,0.006530352994453095,0.010419158702183556,0.00317850366232836
2.4132414,0.0018590971335231952,0.011792056172039255,0.0046623357059874,0.0021922426166909688,0.038463676923562146,0.006555392936577599,0.01031541287800105,0.003191178842599212
2.4137069,0.0018720521216584129,0.011765328143536676,0.004640277519248522,0.0021974601205692105,0.038341403748063656,0.0065804610541339735,0.010211888606307304,0.0032035720091088717
2.4141724,0.0018851041445524146,0.011738766017625957,0.00461855519311603,0.002202708147705041,0.03821918552613006,0.0066055558765385,0.010108600746684172,0.0032156831186621027
2.4146379,0.001898252026673289,0.011712370162515215,0.004597160827668168,0.002207985584523746,0.03809702571473588,0.006630675910999483,0.010005564055961995,0.0032275121926423345
2.4151034,0.001911494549857562,0.011686140891052082,0.004576086607349622,0.002213291304401022,0.037974927678309046,0.006655819642410134,0.009902793184349525,0.003239059316184209
2.415569,0.0019248304532492092,0.011660078463094525,0.004555324802467215,0.002218624168067917,0.03785289468978171,0.006680985533254425,0.009800302671625825,0.0032503246373512935
2.4160345,0.0019382584332513332,0.011634183087874098,0.0045348677706263255,0.00222398302401976,0.03773092993166838,0.006706172023526219,0.009698106943395417,0.003261308366319175
2.4165,0.001951777143490586,0.011608454926347753,0.004514707958107362,0.002229366708928901,0.0376090364971684,0.006731377530661944,0.00959622030740793,0.0032720107745641226
2.4169655,0.0019653851947944224,0.011582894093534237,0.004494837901181704,0.0022347740480610835,0.037487217391289615,0.006756600449487135,0.0094946569499434,0.0032824321940575
2.417431,0.001979081155181288,0.011557500660831025,0.0044752502273665866,0.002240203855695256,0.03736547553198986,0.006781839152177103,0.009393430932264362,0.003292573016466095
2.4178966,0.0019928635498638434,0.011532274658307758,0.004455937656618489,0.0022456549355466234,0.03724381375133279,0.006807091988232008,0.009292556187135719,0.003302433692358515
2.4183621,0.0020067308612653537,0.01150721607697213,0.00443689300246457,0.002251126081192738,0.03712223479665427,0.006832357284466514,0.00919204651541339,0.0033120147304178116
2.4188276,0.002020681529049395,0.011482324871004182,0.004418109173071799,0.0022566160765024167,0.03700074133173571,0.006857633345014248,0.009091915582702604,0.003321316696660455
2.4192931,0.0020347139501630373,0.011457600959955044,0.00439957917225344,0.002262123696067274,0.0368793359379808,0.0068829184513471845,0.008992176916086692,0.0033303402136618003
2.4197586,0.0020488264788936904,0.011433044230906313,0.004381296100412712,0.002267647705635655,0.03675802111559227,0.006908210862310109,0.008892843900927188,0.0033390859597881395
2.4202241,0.0020630174269398002,0.011408654540586321,0.0043632531554235994,0.002273186862548751,0.03663679928474603,0.006933508814170241,0.00879392977773597,0.0033475546684354493
2.4206897,0.002077285063495595,0.011384431717439749,0.0043454436334489895,0.002278739916178688,0.03651567278676029,0.006958810520682096,0.00869544763912015,0.003355747127274914
2.4211552,0.002091627615350076,0.011360375563647291,0.004327860929696527,0.0022843056083683773,0.036394643885257705,0.006984114173167689,0.00859741042680032,0.003363664177505273
2.4216207,0.0021060432670004553,0.011336485857092266,0.0043104985391127565,0.0022898826738729033,0.03627371476731941,0.007009417940612152,0.008499830928702764,0.0033713067131120322
2.4220862,0.002120530160780226,0.011312762353271355,0.0042933500570162975,0.002295469840802231,0.03615288754462995,0.007034719969774823,0.00840272177612613,0.003378675680133584
2.4225517,0.0021350863970020528,0.011289204787146923,0.004276409179670885,0.002301065831064986,0.03603216425461281,0.007060018385315874,0.008306095440983076,0.0033857720759342316
2.4230172,0.002149710034115658,0.0112658128749385,0.004259669704799222,0.00230666936081308,0.035911546861556495,0.007085311289938522,0.00820996423311727,0.0033925969484841388
2.4234828,0.002164399088880874,0.011242586315851223,0.004243125532038646,0.0023122791408869358,0.035791037257731306,0.007110596764546845,0.008114340297696133,0.0033991513956461846
2.4239483,0.0021791515365560117,0.011219524793739083,0.004226770663339652,0.0023178938772610885,0.035670637264497054,0.007135872868419237,0.008019235612679568,0.003405436564469705
2.4244138,0.002193965311101693,0.01119662797870109,0.00421059920330838,0.0023235122714899093,0.03555034863340183,0.007161137639397507,0.007924661986364934,0.0034114536504910634
2.4248793,0.0022088383054002735,0.011173895528608759,0.004194605359494189,0.0023291330211532347,0.0354301730472717,0.0071863890940915675,0.007830631055008428,0.0034172038970409877
2.4253448,0.0022237683714909774,0.011151327090563915,0.004178783442623425,0.002334754820301676,0.03531011212129113,0.007211625228099634,0.007737154280523013,0.0034226885945585943
2.4258103,0.0022387533208208525,0.011128922302286301,0.004163127866780522,0.0023403763599013903,0.035190167404073394,0.007236844016243801,0.0076442429482529795,0.0034279090799120048
2.4262759,0.002253790924511657,0.011106680793431068,0.004147633149537535,0.0023459963282781026,0.035070340378720345,0.0072620434128208835,0.007551908164825145,0.00343286673572544
2.4267414,0.002268878913642772,0.011084602186836493,0.004132293912033193,0.0023516134115601902,0.034950632463870424,0.007287221351868369,0.0074601608560766796,0.0034375629897126646
2.4272069,0.0022840149795502244,0.01106268609970246,0.004117104879002584,0.002357226294120636,0.03483104501473398,0.007312375747445324,0.007369011765059468,0.0034419993140166263
2.4276724,0.0022991967741419193,0.011040932144700257,0.004102060878758542,0.002362833659017676,0.03471157932411466,0.00733750449392814,0.007278471450120881,0.003446177224555112
2.4281379,0.0023144219102291595,0.011019339931014243,0.0040871568431258476,0.0023684341884339633,0.03459223662341561,0.007362605466320971,0.007188550283060727,0.003450098280372235
2.4286034,0.0023296879618745522,0.01099790906531589,0.004072387807329314,0.002374026564114084,0.03447301808362939,0.007387676520580748,0.007099258447364163,0.0034537640829955625
2.429069,0.0023449924647563902,0.010976639152670766,0.004057748909836802,0.0023796094678002594,0.034353924816310236,0.007412715493956669,0.007010605936510258,0.0034571762757987174
2.4295345,0.0023603329165496068,0.010955529797379083,0.004043235392158211,0.0023851815816660783,0.03423495787452773,0.00743772020534404,0.006922602552355875,0.00346033654336931
2.43,0.00237570677732341,0.010934580603750514,0.004028842598601461,0.0023907415887480976,0.034116118253800995,0.007462688455652341,0.00683525790359451,0.0034632466108820937
2.4304655,0.002391111469955708,0.010913791176814033,0.0040145659759864595,0.002396288173375159,0.03399740689301295,0.007487618028187374,0.006748581404289656,0.0034659082434772507
2.430931,0.0024065443805644337,0.01089316112296362,0.004000401073318024,0.0024018200215952788,0.0338788246753047,0.007512506689047301,0.006662582272482248,0.0034683232456437564
2.4313966,0.002422002858955886,0.010872690050540642,0.00398634354141873,0.002407335821599983,0.03376037242895063,0.007537352187532387,0.006577269528871695,0.0034704934606077636
2.4318621,0.002437484219090197,0.010852377570353754,0.003972389132522605,0.002412834264145979,0.03364205092821498,0.007562152256568195,0.00649265199556996,0.0034724207697259847
2.4323276,0.0024529857395640376,0.010832223296137174,0.003958533699830616,0.002418314042974071,0.03352386089419124,0.007586904613141983,0.0064087382949281155,0.0034741070918840487
2.4327931,0.0024685046641106582,0.010812226844948076,0.003944773197028858,0.002423773855225238,0.03340580299562554,0.007611606958751989,0.006325536848434782,0.0034755543828998165
2.4332586,0.0024840382021173897,0.01079238783750394,0.003931103677770325,0.002429212401853797,0.03328787784972533,0.007636256979869325,0.006243055875685805,0.0034767646349316383
2.4337241,0.0024995835291607,0.0107727058984608,0.003917521295121179,0.002434628388037576,0.03317008602295435,0.007660852348412153,0.006161303393424506,0.0034777398758915126
2.4341897,0.0025151377875589445,0.01075318065663336,0.0039040223009723747,0.002440020523585025,0.033052428031814754,0.007685390722231865,0.0060802872146518035,0.003478482168863106
2.4346552,0.0025306980869429408,0.010733811745158124,0.003890603045417512,0.002445387523339178,0.03293490434361742,0.0077098697456108424,0.006000014947805481,0.00347899361152456
2.4351207,0.002546261504844514,0.010714598801600661,0.003877259976097812,0.002450728107578408,0.03281751537724106,0.007734287049771464,0.00592049399600787,0.003479276335575993
2.4355862,0.002561825087303164,0.010695541468008177,0.0038639896375150693,0.0024560410024139128,0.03270026150388102,0.00775864025339591,0.005841731556381193,0.003479332506171593
2.4360517,0.002577385849491025,0.010676639390908547,0.0038507886703134575,0.0024613249401838626,0.032583143047788296,0.007782926963156332,0.005763734619429857,0.003479164321356168
2.4365172,0.002592940776356289,0.010657892221257046,0.0038376538105310332,0.0024665786598441495,0.03246616028699939,0.0078071447742548965,0.005686509968488954,0.003478774011506019
2.4369828,0.0026084868232852687,0.010639299614332031,0.003824581888821792,0.0024718009073556534,0.03234931345405752,0.007831291270973227,0.005610064179238257,0.0034781638387739572
2.4374483,0.002624020916783286,0.010620861229581018,0.003811569829649115,0.002476990436067945,0.032232602736725735,0.007855364027230746,0.005534403619280971,0.00347733609653831
2.4379138,0.0026395399551745547,0.010602576730418738,0.0037986146504514397,0.002482146007099325,0.03211602827869264,0.007879360607151383,0.005459534447786513,0.0034762931088557062
2.4383793,0.0026550408093212333,0.010584445783978876,0.0037857134607810006,0.0024872663897130996,0.03199959018027163,0.007903278565638133,0.0053854626151965575,0.003475037229917446
2.4388448,0.002670520323361806,0.010566468060821312,0.003772863461416487,0.002492350361689965,0.031883288499094664,0.007927115448954842,0.005312193862993586,0.0034735708435092174
2.4393103,0.002685975315468947,0.010548643234596736,0.0037600619434504726,0.0024973967096963753,0.0317671232508018,0.007950868795314618,0.0052397337235311255,0.00347189636247392
2.4397759,0.002701402578627005,0.010530970981670449,0.0037473062873524957,0.002502404229648734,0.03165109440972766,0.00797453613547418,0.005168087519924859,0.0034700162281773553
2.4402414,0.0027167988814292203,0.010513450980707157,0.003734593962008673,0.002507371727073246,0.031535201909586,0.007998114993333385,0.005097260366003769,0.00346793290997655
2.4407069,0.002732160968894789,0.010496082912218438,0.003721922523738737,0.00251229801746125,0.03141944564415373,0.008021602886539135,0.0050272571663204915,0.0034656489046904922
2.4411724,0.0027474855633058477,0.010478866458074537,0.003709289615291439,0.002517181926619838,0.031303825467955876,0.008044997327092771,0.004958082616220096,0.0034631667360730703
2.4416379,0.002762769365064447,0.010461801300982041,0.003696692964819253,0.002522022291017569,0.03118834119695329,0.008068295821960095,0.004889741201966479,0.00346048895428802
2.4421034,0.002778009053569542,0.010444887123928938,0.003684130384833344,0.002526817958125081,0.031072992609234965,0.008091495873683076,0.0048222372009255965,0.003457618135385713
2.442569,0.00279320128811403,0.010428123609598407,0.0036715997711398037,0.002531567786750408,0.03095777944571716,0.00811459498099237,0.004755574681804745,0.0034545568807816318
2.4430345,0.002808342708801819,0.010411510439752737,0.003659099101758149,0.002536270647368814,0.03084270141085125,0.00813759063941984,0.004689757504947158,0.003451307816736377
2.4435,0.002823429937484912,0.01039504729458859,0.0036466264358231025,0.0025409254224469384,0.030727758173342386,0.008160480341910392,0.004624789322681208,0.0034478735938370886
2.4439655,0.002838459578720461,0.010378733852064784,0.0036341799124706767,0.0025455310067610637,0.030612949366880846,0.008183261579432546,0.004560673579723551,0.00344425688648015
2.444431,0.002853428220747744,0.010362569787203667,0.003621757749709576,0.0025500863077093025,0.030498274590888007,0.00820593184158729,0.004497413513635603,0.0034404603923550606
2.4448966,0.0028683324364849904,0.010346554771367178,0.003609358243278918,0.002554590245617506,0.030383733411278892,0.008228488617214827,0.0044350121553327635,0.0034364868319293525
2.4453621,0.002883168784545981,0.010330688471508564,0.0035969797654932614,0.0025590417540386984,0.030269325361243087,0.00825092939499886,0.0043734723296457965,0.003432338947934437
2.4458276,0.002897933810276334,0.010314970549400733,0.003584620764075909,0.002563439780045846,0.030155049942045986,0.008273251664068108,0.004312796655933828,0.0034280195048522794
2.4462931,0.0029126240468093784,0.010299400660842246,0.0035722797609814287,0.0025677832845177975,0.03004090662385195,0.008295452914594654,0.004252987548748354,0.003423531288402803
2.4467586,0.0029272360161415024,0.010283978454841861,0.003559955351208315,0.0025720712424182612,0.02992689484657105,0.00831753063838874,0.00419404721854765,0.0034188771050319465
2.4472241,0.0029417662302268404,0.010268703572782555,0.0035476462016026983,0.0025763026430677283,0.029813014020730805,0.008339482329489611,0.0041359776724609505,0.0034140597814002814
2.4476897,0.0029562111920911536,0.010253575647565861,0.0035353510496539753,0.0025804764904083207,0.02969926352837419,0.008361305484752059,0.004078780715101727,0.003409082163872122
2.4481552,0.002970567396964735,0.010238594302737412,0.0035230687022832275,0.0025845918032615755,0.029585642723985082,0.008382997604428398,0.004022457949429368,0.003403947118005051
2.4486207,0.002984831333434153,0.010223759151594427,0.003510798034625247,0.0025886476155792255,0.029472150935442063,0.008404556192745844,0.00396701077765853,0.003398657528039805
2.4490862,0.0029989994846126625,0.010209069796276003,0.0034985379888049766,0.0025926429766870572,0.029358787465001382,0.0084259787584795,0.003912440402215421,0.003393216296390433
2.4495517,0.00301306832932909,0.010194525826836982,0.0034862875727091386,0.0025965769515219417,0.02924555159030964,0.008447262815521417,0.003858747826740249,0.0033876263431346474
2.4500172,0.0030270343433350206,0.010180126820306293,0.0034740458587537997,0.0026004486208621286,0.029132442565446552,0.00846840588344645,0.0038059338571350796,0.0033818906055042472
2.4504828,0.0030408940005301134,0.010165872339730741,0.003461811982648617,0.0026042570815508885,0.029019459621998,0.008489405488075768,0.0037539991026562954,0.0033760120373754953
2.4509483,0.0030546437742053787,0.010151761933205416,0.0034495851421584745,0.0026080014467135706,0.028906601970159485,0.008510259162038965,0.0037029439770508727,0.003369993608759285
2.4514138,0.003068280138304262,0.010137795132892,0.0034373645958632056,0.0026116808459681344,0.028793868799869993,0.00853096444533571,0.0036527686997356837,0.0033638383052909363
2.4518793,0.003081799568701366,0.010123971454026444,0.003425149661916074,0.002615294425629205,0.028681259281976464,0.008551518885897853,0.0036034732970190533,0.00335754912771944
2.4523448,0.0030951985444986545,0.01011029039391753,0.0034129397168016526,0.0026188413489057075,0.028568772569429145,0.008571920040152909,0.0035550576033638024,0.0033511290913959594
2.4528103,0.0031084735493389793,0.010096751430937849,0.0034007341940937167,0.002622320796092123,0.028456407798508145,0.00859216547358978,0.003507521262691067,0.0033445812257613867
2.4532759,0.003121621072736774,0.010083354023508758,0.0033885325832137578,0.0026257319647534057,0.028344164090081617,0.008612252761327557,0.0034608637297241836,0.0033379085738327583
2.4537414,0.003134637611425755,0.01007009760908086,0.0033763344281906656,0.002629074069903597,0.028232040550895943,0.008632179488688229,0.003415084271371972,0.0033311141916883367
2.4542069,0.0031475196707234725,0.010056981603111527,0.0033641393264221553,0.002632346344178141,0.028120036274898164,0.008651943251774055,0.0033701819681507326,0.0033242011479511506
2.4546724,0.003160263765912559,0.010044005398040989,0.0033519469274384886,0.0026355480379999007,0.028008150344590733,0.008671541658050298,0.003326155715644278,0.003317172523270814
2.4551379,0.0031728664236385026,0.010031168362268464,0.0033397569316690285,0.002638678419738847,0.027896381832418483,0.008690972326933987,0.0032830042260013083,0.0033100314098034244
2.4556034,0.0031853241833237752,0.010018469839129776,0.003327569089212194,0.0026417367758653793,0.027784729802187574,0.008710232890389299,0.003240726029469421,0.0033027809106893863
2.456069,0.0031976335985981204,0.010005909145877876,0.0033153831986093684,0.0026447224110972144,0.027673193310516014,0.00872932099353011,0.00319931947596505,0.0032954241395289903
2.4565345,0.0032097912387448104,0.009993485572667654,0.003303199105623332,0.002647634648539788,0.02756177140831502,0.008748234295230207,0.0031587827366786232,0.003287964219855621
2.457,0.003221793690162651,0.009981198381546387,0.0032910167020217727,0.0026504728298201033,0.027450463142300482,0.008766970468741624,0.003119113805714249,0.0032804042846065026
2.4574655,0.0032336375578435068,0.009969046805451085,0.003278835924366434,0.0026532363152139676,0.027339267556533604,0.00878552720232147,0.0030803105017632405,0.0032727474755909216
2.457931,0.0032453194668650835,0.009957030047213971,0.0032666567528084147,0.00265592448376659,0.027228183693989792,0.008803902199867611,0.0030423704698108087,0.0032649969429558953
2.4583966,0.0032568360638987105,0.009945147278577215,0.0032544792098901367,0.0026585367334065178,0.0271172105981548,0.008822093181563555,0.0030052911828752573,0.0032571558446493104
2.4588621,0.003268184018731831,0.00993339763921804,0.0032423033593544774,0.0026610724810529084,0.027006347314647287,0.00884009788453286,0.002969069943779047,0.003249227345880575
2.4593276,0.003279360025804891,0.009921780235785237,0.003230129304961548,0.002663531162716178,0.02689559289286689,0.008857914063503378,0.0029337038869511156,0.0032412146185788666
2.4597931,0.003290360805762287,0.009910294140948071,0.003217957189313589,0.002665912233592042,0.026784946387667017,0.008875539491481645,0.0028991899802598667,0.003233120840849059
2.4602586,0.0033011831070170103,0.009898938392458565,0.003205787192688462,0.0026682151681489946,0.026674406861051537,0.00889297196043764,0.002865525026876291,0.0032249491964254483
2.4607241,0.003311823707328603,0.009887711992228189,0.0031936195318822006,0.0026704394602092784,0.026563973383894407,0.008910209282000106,0.002832705667166703,0.00321670287412338
2.4611897,0.0033222794153940113,0.009876613905420032,0.0031814544590610563,0.002672584623023405,0.026453645037681262,0.008927249288162558,0.002800728380614612,0.003208385067288893
2.4616552,0.0033325470724509024,0.00986564305955762,0.003169292260623463,0.0026746501893383148,0.026343420916271742,0.008944089832000077,0.0027695894877712694,0.0031999989732464603
2.4621207,0.003342623553892992,0.009854798343651664,0.003157133256072338,0.002676635711459274,0.026233300127681363,0.008960728788396986,0.0027392851522344487,0.0031915477927449117
2.4625862,0.0033525057708969066,0.009844078607346042,0.003144977796898091,0.0026785407613056375,0.02612328179588159,0.008977164054785424,0.002709811382655022,0.0031830347294015886
2.4630517,0.0033621906720600913,0.009833482660084296,0.003132826265472711,0.002680364930460637,0.02601336506261652,0.008993393551894817,0.002681164034770902,0.0031744629891447607
2.4635172,0.0033716752450492385,0.009823009270297934,0.0031206790739552724,0.0026821078302153682,0.025903549089234708,0.009009415224512216,0.002653338813467902,0.0031658357796543143
2.4639828,0.0033809565182587047,0.00981265716461774,0.0031085366632091697,0.0026837690916072005,0.02579383305853462,0.009025227042253383,0.0026263312748670744,0.0031571563098006955
2.4644483,0.0033900315624783473,0.009802425027109273,0.003096399501731386,0.0026853483654528418,0.025684216176622223,0.009040827000344467,0.00260013682843807,0.003148427789082084
2.4649138,0.0033988974925701887,0.009792311498533716,0.0030842680845940746,0.002686845322376329,0.025574697674779417,0.009056213120414026,0.0025747507391380535,0.00313965342705975
2.4653793,0.003407551469153303,0.00978231517563527,0.0030721429323987324,0.0026882596528322233,0.025465276811342166,0.00907138345129511,0.0025501681295757176,0.003130836432791524
2.4658448,0.0034159907002962926,0.00977243461045627,0.003060024590243244,0.0026895910671242804,0.025355952873587273,0.00908633606983701,0.002526383982199941,0.0031219800142633118
2.4663103,0.0034242124432166962,0.009762668309681295,0.0030479136267020563,0.002690839295419874,0.02524672517962679,0.00910106908172627,0.002503393141512632,0.0031130873778185625
2.4667759,0.0034322140059866403,0.009753014734011497,0.0030358106328197227,0.0026920040877604183,0.0251375930803092,0.009115580622316447,0.0024811903163053203,0.0031041617275856014
2.4672414,0.003439992749244034,0.009743472297570414,0.0030237162211180406,0.0026930852140680164,0.02502855596112637,0.00912986885746609,0.002459770081919063,0.003095206264902721
2.4677069,0.003447546087908562,0.009734039367342474,0.003011631024616982,0.0026940824641485546,0.02491961324412518,0.009143931984384332,0.0024391268825272316,0.0030862241877409203
2.4681724,0.00345487149290173,0.00972471426264538,0.0029995556958695995,0.0026949956476914226,0.02481076438982265,0.009157768232483435,0.0024192550334407453,0.0030772186901241788
2.4686379,0.0034619664928701808,0.009715495254637552,0.0029874909060110476,0.0026958245942660356,0.024702008899123506,0.009171375864237614,0.0024001487234352886,0.0030681929615471557
2.4691034,0.003468828675911493,0.009706380565861731,0.002975437343821875,0.0026965691533153173,0.024593346315238875,0.009184753176047427,0.002381802017100054,0.0030591501863902184
2.469569,0.0034754556913016415,0.009697368369825852,0.0029633957148057005,0.002697229194146291,0.024484776225604923,0.009197898499109064,0.0023642088572075172,0.003050093543331697
2.4700345,0.003481845251223286,0.009688456790622229,0.002951366740281366,0.0026978046059179268,0.024376298263800028,0.009210810200287786,0.002347363067103744,0.003041026204757298
2.4705,0.003487995132494037,0.009679643902586132,0.0029393511564896426,0.0026982952976263718,0.024267912111459154,0.00922348668299481,0.002331258353118709,0.003031951336166588
2.4709655,0.00349390317829383,0.009670927729994724,0.0029273497137145437,0.002698701198087686,0.024159617500183785,0.00923592638806691,0.002315888306996085,0.003022872095576472
2.471431,0.003499567299890532,0.009662306246807289,0.0029153631754192766,0.0026990222559182264,0.024051414213445744,0.009248127794647995,0.0023012464083419647,0.003013791632921595
2.4718966,0.003504985478362915,0.009653777376447684,0.002903392317396838,0.0026992584395127903,0.023943302088482984,0.009260089421071854,0.002287326027091947,0.003004713089451625
2.4723621,0.0035101557663201263,0.00964533899162979,0.002891437926935265,0.002699409737020645,0.023835281018185422,0.00927180982574528,0.0022741204259960194,0.0029956395971254056
2.4728276,0.00351507628961679,0.009636988914226794,0.002879500801997534,0.0026994761563195655,0.023727350952968622,0.009283287608030702,0.0022616227631206474,0.002986574278001991
2.4732931,0.003519745249062907,0.00962872491518504,0.0028675817504161152,0.0026994577249879787,0.023619511902633034,0.009294521409127387,0.002249826094367474,0.0029775202436286333
2.4737586,0.0035241609221277237,0.009620544714483113,0.0028556815891021717,0.0026993544902753136,0.023511763938206337,0.009305509912950243,0.00223872337600802,0.0029684805944257845
2.4742241,0.0035283216646367615,0.009612445981136777,0.0028438011432694046,0.0026991665190706352,0.02340410719376636,0.009316251847005191,0.0022283074672337826,0.002959458419069216
2.4746897,0.0035322259124612302,0.009604426333250322,0.002831941245672539,0.0026988938978696315,0.02329654186824202,0.009326745983260002,0.002218571132721115,0.0029504567938693697
2.4751552,0.00353587218319907,0.009596483338114812,0.0028201027358604417,0.0026985367327399972,0.02318906822718947,0.009336991139009492,0.0022095070452102955,0.0029414787821480663
2.4756207,0.003539259077846877,0.009588614512353622,0.0028082864594438637,0.002698095149285259,0.023081686604540682,0.009346986177733899,0.0022011077880981903,0.0029325274336127007
2.4760862,0.003542385282461979,0.009580817322115654,0.002796493267377801,0.0026975692926070657,0.022974397404321566,0.009356730009949191,0.002193365858043916,0.002923605783728073
2.4765517,0.0035452495698139164,0.009573089183316525,0.0027847240152584505,0.002696959327265959,0.02286720110233643,0.009366221594048131,0.002186273667586906,0.002914716853085987
2.4770172,0.003547850801024585,0.009565427461928035,0.002772979562634749,0.002696265437240613,0.022760098247815556,0.009375459937130796,0.0021798235477767836,0.002905863646772758
2.4774828,0.003550187927196304,0.009557829474316173,0.002761260772334477,0.0026954878258855517,0.022653089465022515,0.009384444095823315,0.0021740077508144193,0.0028970491537347563
2.4779483,0.0035522599910270364,0.009550292487627884,0.0027495685098048992,0.0026946267158873497,0.02254617545481762,0.009393173177083537,0.0021688184527035694,0.0028882763461420932
2.4784138,0.003554066128412004,0.009542813720226829,0.00273790364246791,0.0026936823492192995,0.022439356996173842,0.00940164633899234,0.002164247755912476,0.00287954817875056
2.4788793,0.0035556055700309104,0.009535390342178296,0.002726267039089635,0.002692654987094584,0.022332634947641525,0.009409862791529267,0.002160287692044843,0.002870867588261914
2.4793448,0.0035568776429199945,0.009528019475783418,0.0027146595691644407,0.0026915449099179666,0.022226010248758084,0.009417821797331112,0.0021569302245195987,0.002862237492682606
2.4798103,0.0035578817720281325,0.009520698196162762,0.002703082102313284,0.002690352417236038,0.02211948392139891,0.009425522672432126,0.002154167251258856,0.002853660790681051
2.4802759,0.0035586174817562395,0.009513423531889317,0.0026915355076963135,0.002689077827686036,0.02201305707106575,0.009432964786984412,0.0021519906073834945,0.0028451403609435284
2.4807414,0.0035590843974792337,0.009506192465670813,0.0026800206534396023,0.0026877214789432723,0.021906730888108794,0.009440147565957218,0.0021503920679157816,0.0028366790615288007
2.4812069,0.0035592822470498246,0.009499001935081209,0.002668538406075893,0.0026862837276671685,0.021800506648879055,0.009447070489813773,0.0021493633504884677,0.0028282797292214974
2.4816724,0.0035592108622834163,0.00949184883334116,0.002657089629999197,0.0026847649494459096,0.021694385716807613,0.009453733095164443,0.0021488961180597976,0.0028199451788843174
2.4821379,0.0035588701804233863,0.009484730010147152,0.002645675186933089,0.0026831655387396995,0.021588369543408766,0.009460134975395034,0.0021489819816338887,0.002811678202809071
2.4826034,0.003558260245586,0.009477642272548945,0.0026342959354125365,0.0026814859088225944,0.021482459669204132,0.009466275781269172,0.0021496125029859393,0.0028034815700665825
2.483069,0.0035573812101842087,0.009470582385874903,0.0026229527302790824,0.002679726491722871,0.02137665772456507,0.009472155221503731,0.0021507791973917256,0.002795358025855459
2.4835345,0.0035562333363295586,0.009463547074704691,0.002611646422189222,0.002677887738161868,0.0212709654304707,0.009477773063316408,0.002152473536360845,0.002787310290849704
2.484,0.0035548169972114047,0.009456533023888753,0.00260037785713581,0.002675970117491225,0.021165384599178834,0.009483129132944485,0.0021546869503731663,0.0027793410605451738
2.4844655,0.0035531326784526236,0.00944953687961392,0.0025891478759823465,0.0026739741176284356,0.021059917134807316,0.00948822331613389,0.00215741083161794,0.0027714530046048288
2.484931,0.0035511809794409968,0.009442555250514472,0.002577957314009993,0.0026719002449906264,0.02095456503382339,0.00949305555859759,0.0021606365367350167,0.0027636487662027294
2.4853966,0.0035489626146354447,0.009435584708827922,0.0025668070004771803,0.002669749024426474,0.02084933038543904,0.009497625866442466,0.0021643553895576272,0.0027559309613666943
2.4858621,0.0035464784148462837,0.009428621791594764,0.0025556977581916813,0.0026675209991461977,0.02074421537191039,0.009501934306563853,0.002168558683856166,0.002748302178319531
2.4863276,0.0035437293284887018,0.009421663001901443,0.002544630403095017,0.0026652167306495623,0.020639222268739505,0.009505981007007119,0.002173237686082423,0.002740764976818739
2.4867931,0.0035407164228086524,0.009414704810165755,0.002533605743859072,0.002662836798651871,0.020534353444777123,0.00950976615729577,0.00217838363811371,0.0027333218874945795
2.4872586,0.0035374408850803655,0.009407743655463827,0.0025226245814947983,0.0026603818010079326,0.020429611362224993,0.009513290008725753,0.0021839877599963073,0.0027259754111864263
2.4877241,0.0035339040237747235,0.009400775946897828,0.0025116877089728954,0.0026578523536340166,0.020324998576536798,0.009516552874625796,0.002190041252687645,0.002718728018277324
2.4881897,0.003530107269697737,0.009393798065003473,0.0025007959108563466,0.0026552490904278065,0.020220517736216775,0.00951955513058368,0.0021965353007966275,0.0027115821480267095
2.4886552,0.003526052177098386,0.009386806363196349,0.0024899499629447053,0.0026525726631863706,0.02011617158251541,0.009522297214638441,0.002203461075321481,0.002704540207901279
2.4891207,0.003521740424745111,0.00937979716925602,0.0024791506319300173,0.002649823741522172,0.020011962949021623,0.00952477962743846,0.0022108097363845057,0.0026976045729040347
2.4895862,0.0035171738169702364,0.009372766786846863,0.0024683986750642633,0.0026470030127771172,0.019907894761151193,0.009527002932365367,0.0022185724359630836,0.00269077758490156
2.4900517,0.0035123542846816,0.009365711497074481,0.002457694839838183,0.002644111181934643,0.019803970035531384,0.009528967755623736,0.0022267403206162827,0.0026840615519496502
2.4905172,0.003507283886340671,0.009358627560076533,0.0024470398636713218,0.0026411489715298182,0.01970019187928228,0.009530674786296434,0.0022353045342063823,0.0026774587476174577
2.4909828,0.003501964808906447,0.009351511216646811,0.0024364344736131434,0.0026381171215574236,0.019596563489195654,0.009532124776365608,0.002244256220614633,0.0026709714103103576
2.4914483,0.0034963993687444047,0.00934435868989133,0.0024258793860550227,0.002635016389377967,0.019493088150812674,0.00953331854069933,0.0022535865264505487,0.002664601742591794
2.4919138,0.003490590012499787,0.00933716618691521,0.0024153753064529485,0.00263184754962158,0.019389769237402217,0.009534256957003969,0.002263286603754021,0.002658351910504391
2.4923793,0.0034845393179345012,0.009329929900539083,0.002404922929060762,0.0026286113940897395,0.019286610208841995,0.009534940965742538,0.0022733476126895386,0.0026522240428906406
2.4928448,0.003478249994726915,0.009322646011043765,0.0023945229366737673,0.0026253087316547357,0.01918361461040513,0.009535371570019343,0.0022837607242318114,0.0026462202307134977
2.4933103,0.0034717248852338175,0.009315310687941837,0.0023841760003825664,0.0026219403881568215,0.019080786071455066,0.009535549835431378,0.0022945171228421235,0.0026403425263772117
2.4937759,0.0034649669652138393,0.009307920091774828,0.0023738827793369725,0.0026185072062989544,0.01897812830405193,0.009535476889887116,0.002305608009134773,0.0026345929430487314
2.4942414,0.00345797934451162,0.009300470375934608,0.0023636439205198916,0.0026150100455390396,0.018875645101473524,0.009535153923393458,0.0023170246025329957,0.0026289734539800343
2.4947069,0.0034507652677020282,0.009292957688507667,0.002353460058531065,0.002611449781979572,0.018773340336654024,0.009534582187811676,0.002328758143913787,0.0026234859918317474
2.4951724,0.003443328114693744,0.009285378174140867,0.002343331815380579,0.0026078273082545786,0.01867121796054352,0.009533762996583308,0.0023407998982410533,0.0026181324479984482
2.4956379,0.0034356714012915364,0.009277727975927288,0.00233325980029207,0.0026041435334137634,0.01856928200039135,0.009532697724426935,0.002353141157186526,0.002612914671936029
2.4961034,0.0034277987797165796,0.00927000323731071,0.002323244609515553,0.0026003993828037798,0.01846753655795614,0.009531387807006747,0.00236577324173787,0.002607834470491544
2.496569,0.0034197140390841534,0.00926220010400732,0.002313286826149822,0.00259659579794656,0.01836598580764541,0.009529834740573786,0.002378687504793409,0.0026028936072359614
2.4970345,0.0034114211058380935,0.009254314725943187,0.0023033870199743517,0.002592733736414639,0.01826463399458741,0.00952804008158062,0.0023918753337428995,0.002598093801800249
2.4975,0.003402924044141364,0.009246343259206074,0.002293545747290647,0.0025888141717034076,0.018163485432637835,0.009526005446270181,0.0024053281530337957,0.002593436729215236
2.4979655,0.0033942270562221173,0.009238281868010196,0.00228376355077298,0.0025848380931002184,0.01806254450232393,0.009523732510239429,0.002419037426722452,0.0025889240192556806
2.498431,0.0033853344826746336,0.009230126726672437,0.0022740409593284424,0.0025808065055502667,0.017961815648728438,0.009521223007978492,0.002432994661009727,0.002584557255788972
2.4988966,0.003376250802714527,0.009221874021598594,0.0022643784879662564,0.002576720429519142,0.01786130337931589,0.009518478732385836,0.0024471914067604444,0.0025803379761288737
2.4993621,0.003366980634387607,0.009213519953278097,0.0022547766376762772,0.0025725809008519673,0.017761012261703714,0.009515501534259991,0.0024616192620061823,0.002576267670394703
2.4998276,0.0033575287347317956,0.009205060738285623,0.0022452358953166302,0.00256838897062904,0.01766094692138085,0.009512293321768285,0.002476269874430859,0.0025723477808763115
2.5002931,0.0033478999998915048,0.009196492611287927,0.0022357567335104275,0.0025641457050179068,0.017561112039376492,0.009508856059892996,0.0024911349438386057,0.0025685797014052257
2.5007586,0.0033380994651838716,0.009187811827054203,0.0022263396105515034,0.002559852185121836,0.017461512349881775,0.009505191769855224,0.0025062062246034252,0.0025649647767322713
2.5012241,0.003328132305116263,0.009179014662468166,0.0022169849703190946,0.002555509506824659,0.017362152637827293,0.009501302528516805,0.002521475528100144,0.0025615043019120145
2.5016897,0.003318003833354459,0.009170097418540015,0.0022076932422013897,0.0025511187806320046,0.017263037736419358,0.009497190467760406,0.0025369347251161596,0.0025581995216943138
2.5021552,0.0033077195026409204,0.009161056422416427,0.002198464841027849,0.0025466811315089433,0.01716417252463802,0.009492857773848,0.0025525757482434894,0.0025550516299232906
2.5026207,0.0032972849046625265,0.009151888029386634,0.00218930016701019,0.0025421976987141043,0.017065561924699862,0.009488306686757743,0.002568390594250596,0.0025520617689440204
2.5030862,0.0032867057698671835,0.00914258862488268,0.002180199605691907,0.002537669635630315,0.01696721089948857,0.009483539499499285,0.002584371326433464,0.002549231029017253
2.5035517,0.003275987967228666,0.009133154626471917,0.002171163527906191,0.0025330981095918336,0.016869124449956214,0.00947855855740749,0.002600510076945374,0.002546560447742482
2.5040172,0.003265137503959054,0.009123582485839813,0.002162192289742089,0.002528484301708231,0.01677130761249821,0.009473366257414514,0.0026167990491048243,0.0025440510094896954
2.5044828,0.0032541605251681163,0.009113868690761225,0.0021532862325187416,0.002523829406684982,0.01667376545630488,0.009467965047300148,0.0026332305196810203,0.002541703644840109
2.5049483,0.0032430633134689435,0.009104009767058234,0.0021444456827675036,0.0025191346326408075,0.016576503080692546,0.009462357424920352,0.002649796841156377,0.0025395192300362206
2.5054138,0.003231852288529149,0.009094002280542664,0.0021356709522217707,0.002514401200921824,0.016479525612417244,0.009456545937413843,0.0026664904439654673,0.0025374985864414826
2.5058793,0.0032205340065669017,0.009083842838941415,0.002126962337814319,0.0025096303459125535,0.016382838202974034,0.009450533180386623,0.0026833038387098617,0.002535642480009916
2.5063448,0.003209115159791073,0.009073528093802677,0.0021183201216819735,0.002504823314843837,0.016286446025884974,0.009444321797074263,0.0027002296183483076,0.0025339516207659664
2.5068103,0.0031976025757847345,0.009063054742381078,0.002109744571177442,0.0024999813675977154,0.01619035427397873,0.009437914477481787,0.002717260460361687,0.0025324266622949038
2.5072759,0.0031860032168312684,0.009052419529499721,0.002101235938888172,0.002495105776509333,0.01609456815666462,0.009431313957500987,0.002734389128892185,0.002531068201244059
2.5077414,0.0031743241791823158,0.009041619249387055,0.0020927944626620955,0.002490197826165931,0.015999092897203866,0.009424523018005032,0.0027516084768560932,0.0025298767768351777
2.5082069,0.003162572692266773,0.009030650747486425,0.002084420365640162,0.0024852588132030107,0.015903933729980623,0.009417544483920222,0.0027689114480296414,0.0025288528703881464
2.5086724,0.0031507561178400314,0.009019510922236088,0.0020761138562955584,0.002480290046097757,0.01580909589777522,0.009410381223274781,0.002786291079107234,0.0025279969048563433
2.5091379,0.0031388819490726296,0.009008196726817463,0.0020678751284795398,0.0024752928449597966,0.015714584649042025,0.009403036146224644,0.0028037405017314674,0.002527309244373831
2.5096034,0.0031269578095774854,0.008996705170869267,0.002059704361473775,0.002470268541319376,0.015620405235194068,0.00939551220405616,0.002821252944494303,0.002526790193814616
2.510069,0.0031149914523748534,0.008985033322165195,0.002051601720049137,0.0024652184779130454,0.015526562907896712,0.009387812388165837,0.002838821734908769,0.002526439998364176
2.5105345,0.0031029907587941776,0.008973178308252675,0.002043567354530859,0.0024601440084669234,0.015433062916372465,0.009379939729017264,0.0028564403013505726,0.0025262588431034586
2.511,0.003090963737311999,0.008961137318050271,0.0020356014008699806,0.0024550464974776197,0.015339910504719041,0.009371897295075586,0.002874102174969029,0.002526246852605543
2.5114655,0.0030789185223250976,0.008948907603401236,0.002027703980721028,0.0024499273199908972,0.015247110909242747,0.00936368819171987,0.002891800991566713,0.002526404090545163
2.511931,0.0030668633728580595,0.008936486480580748,0.0020198752015258533,0.002444787861378152,0.015154669355809223,0.009355315560133859,0.0029095304934472245,0.0025267305593212573
2.5123966,0.003054806671204485,0.008923871331754341,0.002012115156603575,0.0024396295171107887,0.015062591057213573,0.009346782576175598,0.002927284531230481,0.002527226199692713
2.5128621,0.003042756921501046,0.008911059606385099,0.0020044239252465417,0.002434453692532566,0.014970881210571822,0.00933809244922639,0.0029450570656349355,0.0025278908904274628
2.5133276,0.003030722748233635,0.008898048822587159,0.00199680157282226,0.0024292618026299805,0.014879544994735639,0.009329248421019514,0.002962842169226106,0.002528724447965086
2.5137931,0.0030187128946748765,0.008884836568423201,0.0019892481508812167,0.002424055271800743,0.014788587567732051,0.009320253764449135,0.002980634028130848,0.002529726626093058
2.5142586,0.003006736221252331,0.008871420503143731,0.0019817636972705387,0.0024188355336204016,0.01469801406422985,0.009311111782359808,0.002998426943716805,0.0025308971156367908
2.5147241,0.0029948017038467847,0.008857798358366215,0.0019743482362534217,0.0024136040306071524,0.014607829593034187,0.009301825806317067,0.003016215334236473,0.0025322355441635878
2.5151897,0.0029829184320201542,0.008843967939192355,0.0019670017786342676,0.002408362213984891,0.01451803923461081,0.009292399195359615,0.0030339937364353455,0.0025337414757006234
2.5156552,0.002971095607172659,0.008829927125261944,0.001959724321889443,0.002403111543444548,0.014428648038641235,0.009282835334733796,0.0030517568071235833,0.002535414410467044
2.5161207,0.0029593425406290786,0.008815673871741909,0.0019525158503035692,0.002397853486903774,0.014339661021610033,0.009273137634611038,0.003069499324710687,0.0025372537846202773
2.5165862,0.002947668651654062,0.008801206210249298,0.0019453763351112443,0.0023925895202650373,0.014251083164425362,0.00926330952878912,0.00308721619070261,0.002539258970016615
2.5170517,0.0029360834653966075,0.0087865222497072,0.0019383057346440786,0.0023873211271722185,0.014162919410073686,0.009253354473378066,0.0031049024311607743,0.00254142927398614
2.5175172,0.0029245966107639813,0.008771620177133023,0.0019313039944829293,0.002382049798765791,0.014075174661309597,0.009243275945471604,0.0031225531981224305,0.00254376393912204
2.5179828,0.002913217818225446,0.008756498258359066,0.0019243710476152007,0.002376777033436701,0.0139878537783815,0.009233077441805163,0.0031401637709817976,0.0025462621430843717
2.5184483,0.0029019569175462996,0.008741154838685986,0.001917506814597081,0.002371504336579044,0.013900961576793984,0.00922276247740148,0.0031577295578314305,0.002548922998418333
2.5189138,0.002890823835452818,0.008725588343470196,0.0019107112037205659,0.0023662332203416726,0.01381450282510755,0.009212334584204897,0.0031752460967632914,0.002551745552387138
2.5193793,0.002879828593228762,0.008709797278646613,0.0019039841111851141,0.002360965203378833,0.013728482242776414,0.009201797309705483,0.003192709057129036,0.0025547287868195882
2.5198448,0.0028689813042441785,0.008693780231188308,0.0018973254212737692,0.0023557018105999474,0.013642904498025105,0.009191154215554135,0.003210114240759043,0.0025578716179724893
2.5203103,0.002858292171417231,0.008677535869504644,0.0018907350065335681,0.0023504445729186263,0.013557774205764513,0.009180408876169804,0.0032274575831397314,0.0025611728964080645
2.5207759,0.002847771484609828,0.008661062943779505,0.001884212727960055,0.002345195027001005,0.013473095925548143,0.009169564877339954,0.0032447351545487097,0.0025646314068865543
2.5212414,0.0028374296179578076,0.008644360286251202,0.0018777584351856928,0.002339954715013494,0.013388874159569183,0.009158625814815365,0.003261943161147303,0.002568245868274212
2.5217069,0.0028272770271363973,0.008627426811435655,0.001871371966671968,0.0023347251843700394,0.013305113350699135,0.009147595292900382,0.0032790779460300274,0.0025720149334669145
2.5221724,0.00281732424656168,0.008610261516294435,0.0018650531499049845,0.0023295079874789864,0.013221817880568613,0.009136476923039663,0.003296135990230601,0.0025759371893296287
2.5226379,0.00280758188652875,0.008592863480349273,0.001858801801594334,0.0023243046814896396,0.013138992067690973,0.009125274322402552,0.0033131139136841478,0.0025800111566519853
2.5231034,0.002798060630287255,0.008575231865744664,0.0018526177278750517,0.0023191168280385973,0.013056640165629413,0.00911399111246622,0.0033300084761452692,0.0025842352901202185
2.523569,0.0027887712310549935,0.008557365917260184,0.0018465007245124603,0.0023139459929959424,0.012974766361208204,0.009102630917598708,0.0033468165780616956,0.00258860797830573
2.5240345,0.002779724508970254,0.008539264962274152,0.0018404505771097382,0.0023087937462113518,0.01289337477276871,0.00909119736364299,0.0033635352614032484,0.0025931275436705263
2.5245,0.002770931347983579,0.00852092841068035,0.001834467061318051,0.002303661661260171,0.01281246944847089,0.009079694076503221,0.0033801617104458385,0.002597792242589777
2.5249655,0.0027624026926896775,0.008502355754759458,0.0018285499430491276,0.0022985513151894915,0.01273205436464105,0.009068124680734237,0.0033966932525102303,0.002602600265391735
2.525431,0.00275414954510022,0.008483546569006933,0.0018226989786901762,0.0022934642882642456,0.012652133424166585,0.009056492798135418,0.0034131273586553205,0.0026075497364152446
2.5258966,0.002746182961358288,0.008464500509919025,0.0018169139153210504,0.002288402163713312,0.012572710454938548,0.009044802046349991,0.0034294616443256982,0.0026126387140850567
2.5263621,0.0027385140483952852,0.008445217315738652,0.0018111944909335797,0.0022833665274756133,0.012493789208342786,0.009033056037470845,0.00344569386995327,0.0026178651910051644
2.5268276,0.002731153960531191,0.008425696806162791,0.0018055404346529694,0.002278358967946163,0.012415373357800472,0.009021258376653941,0.0034618219415127756,0.0026232270940703484
2.5272931,0.0027241138960190556,0.008405938882012978,0.0017999514669611721,0.002273381075722015,0.012337466497358717,0.00900941266074033,0.003477843911031023,0.0026287222845961084
2.5277586,0.002717405093534722,0.008385943524870501,0.001794427299922125,0.002268434443348044,0.012260072140331982,0.008997522476887792,0.0034937579770496904,0.0026343485584671427
2.5282241,0.002711038828612815,0.008365710796677773,0.001788967637408743,0.002263520665062492,0.012183193717994948,0.00898559140121315,0.003509562485041544,0.002640103646304532
2.5286897,0.0027050264100300916,0.008345240839307344,0.0017835721753315652,0.0022586413365422043,0.01210683457832742,0.008973622997446286,0.0035252559277799164,0.002645985213651771
2.5291552,0.0026993791761373244,0.008324533874099935,0.0017782406018689535,0.002253798054647505,0.01203099798481194,0.0089616208155969,0.003540836945661303,0.0026519908611797927
2.5296207,0.0026941084911409415,0.008303590201372833,0.0017729725976987406,0.0022489924171666524,0.011955687115284686,0.00894958839063516,0.003556304326980962,0.002658118124911126
2.5300862,0.0026892257413357193,0.00828241019989991,0.0017677678362312342,0.0022442260225598513,0.011880905060840278,0.008937529241187224,0.003571657008161413,0.002664364476463308
2.5305517,0.0026847423312898627,0.008260994326364493,0.0017626259838434898,0.002239500469702795,0.011806654824791082,0.008925446868246764,0.003586894073933772,0.0026707273233116543
2.5310172,0.002680669679983881,0.008239343114786213,0.0017575467001147774,0.002234817357629721,0.0117329393216815,0.008913344753903391,0.0036020147574719144,0.0026772040090715
2.5314828,0.00267701921690471,0.008217457175922899,0.0017525296380631792,0.0022301782852759753,0.011659761376357703,0.00890122636008903,0.0036170184404795045,0.0026837918137999936
2.5319483,0.0026738023780965878,0.008195337196648556,0.001747574444383272,0.002225584851220078,0.011587123723093203,0.008889095127343077,0.00363190465322999,0.002690487954317541
2.5324138,0.002671030602170223,0.008172983939308365,0.0017426807596848497,0.002221038653425305,0.011515029004770614,0.008876954473597225,0.00364667307455969,0.002697289584548985
2.5328793,0.002668715326271857,0.008150398241051623,0.0017378482187326574,0.002216541288980815,0.01144347977211983,0.00886480779298082,0.0036613235318141103,0.002704193795884627
2.5333448,0.0026668679820138334,0.008127581013143485,0.0017330764506871005,0.002212094353842355,0.011372478483012826,0.008852658454647621,0.003675856000747631,0.002711197617561196
2.5338103,0.002665499991368334,0.008104533240256348,0.001728365079345887,0.0022076994425726092,0.01130202750181525,0.008840509801624888,0.0036902706053766952,0.0027182980170628772
2.5342759,0.0026646227625259696,0.008081255979741625,0.001723713723386556,0.0022033581480812377,0.011232129098794872,0.008828365149685736,0.0037045676177866462,0.002725491900542535
2.5347414,0.00266424768572093,0.008057750360882689,0.0017191219966098312,0.0021990720613646693,0.011162785449586966,0.008816227786245691,0.0037187474578923596,0.0027327761132632626
2.5352069,0.0026643861290244287,0.008034017584129709,0.0017145895081837192,0.002194842771245686,0.011093998634716596,0.008804100969284455,0.003732810693152851,0.002740147440060405
2.5356724,0.002665049434108199,0.008010058920317059,0.0017101158628882668,0.002190671864112838,0.011025770639177755,0.008791987926293853,0.0037467580382400823,0.0027476026058242124
2.5361379,0.002666248911979806,0.007985875709863985,0.0017057006613608768,0.0021865609236597153,0.010958103352069258,0.008779891853252985,0.003760590354662214,0.002755138276003297
2.5366034,0.0026679958386915596,0.00796146936195918,0.0017013435003420609,0.002182511530624093,0.01089099856628721,0.008767815913631577,0.003774308650341618,0.0027627510571290584
2.537069,0.002670301451024846,0.007936841353729905,0.0016970439729215136,0.002178525262526974,0.010824457978273808,0.008755763237422555,0.003787914079148001,0.0027704374973612526
2.5375345,0.00267317694215168,0.007911993229396248,0.0016928016687843756,0.002174603693411536,0.010758483187822191,0.008743736920204866,0.003801407940387008,0.002778194087054892
2.538,0.002676633457275328,0.007886926599411103,0.001688616174457547,0.002170748393582009,0.010693075697936922,0.008731740022237493,0.00381479167824472,0.002786017259348662
2.5384655,0.0026806820892518483,0.007861643139586394,0.001684487073555917,0.0021669609293424896,0.01062823691474969,0.008719775567585698,0.003828066881188449,0.002793903390775037
2.538931,0.002685333874194401,0.00783614459020609,0.001680413947028358,0.0021632428627356864,0.010563968147489671,0.008707846543280377,0.0038412352813242913,0.002801848801892302
2.5393966,0.0026905997870622085,0.0078104327551264795,0.0016763963734033383,0.002159595751281598,0.010500270608507974,0.008695955898511411,0.003854298753711939,0.0028098497579386785
2.5398621,0.00269649073723602,0.0077845095008642175,0.001672433929033994,0.0021560211477160956,0.010437145413355508,0.008684106543855822,0.003867259315637252,0.002817902469508724
2.5403276,0.0027030175640819394,0.0077583767556726295,0.0016685261883425022,0.002152520599729386,0.010374593580913532,0.008672301350541525,0.0038801191258431298,0.0028260030932521934
2.5407931,0.002710191032505454,0.007732036508606706,0.0016646727240635906,0.0021490956497042983,0.010312616033576104,0.00866054314974736,0.003892880483719239,0.0028341477325955
2.5412586,0.0027180218284974895,0.007705490808577189,0.0016608731074870043,0.002145747834454346,0.010251213597483572,0.008648834731940079,0.003905545828451174,0.0028423324384859107
2.5417241,0.0027265205546743135,0.00767874176339411,0.0016571269086987524,0.0021424786849615187,0.010190387002806268,0.008637178846248912,0.003918117738129652,0.002850553210158574
2.5421897,0.0027356977258130594,0.0076517915388000885,0.0016534336968209566,0.002139289726113755,0.010130136884077523,0.008625578199878253,0.003930598928820396,0.002858805995926463
2.5426552,0.002745563764384655,0.007624642357493654,0.0016497930402501197,0.0021361824764420767,0.010070463780575117,0.008614035457558991,0.003942992253595335,0.002867086693993303
2.5431207,0.0027561289960859,0.007597296498142813,0.0016462045068936434,0.002133158447857384,0.010011368136750302,0.008602553241038945,0.003955300701525771,0.002875391153289528
2.5435862,0.0027674036453724338,0.007569756294389056,0.001642667664404427,0.0021302191453869265,0.009952850302703509,0.008591134128612751,0.003967527396638156,0.0028837151743313027
2.5440517,0.002779397830994302,0.00754202413384192,0.0016391820804133972,0.002127366066910472,0.009894910534705861,0.008579780654691607,0.003979675596833124,0.002892054510102636
2.5445172,0.002792121561535814,0.0075141024570642735,0.0016357473227598181,0.0021246007028961913,0.009837548995765548,0.00856849530941305,0.0039917486927684475,0.002900404866960597
2.5449828,0.0028055847309613733,0.007485993756548454,0.0016323629597192611,0.002121924536136296,0.00978076575623813,0.008557280538290997,0.004003750206706618,0.002908761905563628
2.5454483,0.0028197971141689236,0.00745770057568341,0.0016290285602291146,0.002119339041482438,0.009724560794479762,0.008546138741906134,0.004015683791327777,0.0029171212418229414
2.5459138,0.002834768362552658,0.007429225507713052,0.0016257436941115493,0.0021168456855809007,0.009668933997542258,0.008535072275636709,0.0040275532285087194,0.0029254784478769565
2.5463793,0.002850507999576606,0.007400571194686013,0.001622507932293859,0.002114445926607577,0.009613885161908857,0.00852408344942973,0.004039362428068744,0.002933829053088734
2.5468448,0.002867025416360699,0.0073717403263971,0.0016193208470261097,0.0021121412140027614,0.00955941399426948,0.008513174527612456,0.004051115426483051,0.0029421685450663534
2.5473103,0.002884329867280907,0.007342735639320731,0.0016161820120960335,0.0021099329882057543,0.009505520112334184,0.008502347728744059,0.004062816385564428,0.002950492370706175
2.5477759,0.0029024304655850047,0.007313559915536659,0.001613091003041086,0.002107822680389314,0.009452203045683451,0.008491605225507218,0.004074469591113873,0.0029587959372589273
2.5482414,0.0029213361790255393,0.007284215981648319,0.0016100473973575846,0.0021058117121939795,0.00939946223665393,0.008480949144639378,0.004086079451540846,0.0029670746134185804
2.5487069,0.002941055825511543,0.0072547067076940905,0.0016070507747068374,0.0021039014954623222,0.009347297041258133,0.008470381566903322,0.004097650496453747,0.002975323730433958
2.5491724,0.0029615980687805457,0.007225035006051781,0.0016041007171181542,0.002102093431973186,0.009295706730136594,0.008459904527096654,0.004109187375221237,0.002983538583243046
2.5496379,0.002982971414092431,0.0071952038303366534,0.001601196809188631,0.0021003889131759814,0.009244690489540987,0.008449520014099765,0.004120694855504972,0.00299171443162995
2.5501034,0.003005184203946695,0.007165216174293339,0.0015983386382795836,0.002098789319925106,0.009194247422346619,0.008439229970961823,0.004132177821764282,0.0029998465014044757
2.550569,0.003028244613824675,0.007135075070682014,0.001595525794709498,0.00209729602221456,0.009144376549092703,0.008429036295024289,0.004143641273733319,0.003007929985604282
2.5510345,0.0030521606479583323,0.007104783590159234,0.0015927578719433693,0.0020959103789128194,0.009095076809048827,0.00841894083808151,0.004155090324871126,0.0030159600457195903
2.5515,0.0030769401351271896,0.007074344840153808,0.0015900344667782826,0.002094633737498053,0.009046347061305922,0.008408945406577871,0.004166530200785097,0.0030239318129404195
2.5519655,0.003102590724485046,0.007043761963738132,0.0015873551795250924,0.002093467433793744,0.008998186085890085,0.00839905176184099,0.004177966237628222,0.003031840389426334
2.552431,0.003129119881418108,0.007013038138495326,0.0015847196141860486,0.0020924127917048064,0.00895059258489751,0.008389261620350369,0.004189403880470496,0.0030396808495986877
2.5528966,0.0031565348834361783,0.006982176575382657,0.0015821273786282147,0.0020914711229542728,0.008903565183648767,0.00837957665404084,0.004200848681644859,0.0030474482414553426
2.5533621,0.0031848428160985566,0.006951180517591701,0.0015795780847525206,0.0020906437268206264,0.008857102431860732,0.008369998490640162,0.00421230629906797,0.0030551375879078304
2.5538276,0.003214050568976309,0.006920053239405842,0.0015770713486582938,0.002089931889875853,0.008811202804834458,0.008360528714039988,0.00422378249453617,0.003062743888140902
2.5542931,0.0032441648316525722,0.006888798045055755,0.0015746067908031121,0.0020893368857242754,0.008765864704657495,0.008351168864699473,0.004235283131996905,0.003070262118994406
2.5547586,0.0032751920897625534,0.006857418267573629,0.0015721840361578288,0.0020888599747422194,0.008721086461419269,0.008341920440080686,0.004246814175795922,0.003077687236367396
2.5552241,0.0033071386210748884,0.006825917267646926,0.0015698027143566382,0.002088502403818545,0.008676866334438352,0.008332784895114973,0.004258381688900544,0.0030850141766443798
2.5556897,0.0033400104916160183,0.006794298432472474,0.0015674624598420585,0.0020882654060960784,0.008633202513500608,0.008323763642699366,0.0042699918310993195,0.0030922378581435756
2.5561552,0.0033738135518392473,0.006762565174611685,0.0015651629120047332,0.0020881502007139567,0.008590093120107315,0.008314858054222099,0.004281650857178374,0.0030993531825870488
2.5566207,0.0034085534328401235,0.006730720930847647,0.0015629037153179694,0.0020881579925508967,0.008547536208732526,0.008306069460116217,0.004293365115074771,0.003106355036592568
2.5570862,0.0034442355426197923,0.0066987691610448106,0.0015606845194669455,0.0020882899719693966,0.008505529768088917,0.008297399150440208,0.004305141044007192,0.003113238293187011
2.5575517,0.003480865062397984,0.006666713347011976,0.0015585049794725446,0.0020885473145608635,0.008464071722401382,0.008288848375484516,0.004316985172584235,0.0031199978133411447
2.5580172,0.0035184469429773027,0.006634556991369237,0.0015563647558097789,0.0020889311808916667,0.008423159932687635,0.008280418346402776,0.004328904116890621,0.003126628447525589
2.5584828,0.003556985901160491,0.006602303616419517,0.0015542635145207868,0.002089442716250092,0.008382792198044975,0.008272110235866449,0.004340904578551584,0.003133125037287777
2.5589483,0.003596486416222381,0.006569956763025323,0.0015522009273223987,0.0020900830503941706,0.008342966256942357,0.008263925178741608,0.004352993342775744,0.0031394824168497013
2.5594138,0.0036369527264382283,0.00653751998949131,0.0015501766717082716,0.0020908532973003377,0.008303679788516793,0.008255864272786455,0.004365177276376755,0.0031456954147262364
2.5598793,0.003678388825670145,0.006504996870453213,0.0015481904310456103,0.0020917545549128612,0.008264930413873108,0.008247928579368163,0.004377463325773994,0.0031517588553638142
2.5603448,0.003720798460013348,0.006472390995773637,0.001546241894666488,0.0020927879048939597,0.008226715697385971,0.008240119124197644,0.004389858514972537,0.0031576675607991986
2.5608103,0.0037641851245039117,0.006439705969445214,0.0015443307579537887,0.00209395441237452,0.008189033148003119,0.008232436898080717,0.0044023699435226495,0.003163416352338105
2.5612759,0.003808552059889701,0.006406945408501561,0.0015424567224217962,0.0020952551257053145,0.008151880220548665,0.008224882857684199,0.004415004784459009,0.0031690000522533786
2.5617414,0.0038539022494661506,0.006374112941936487,0.0015406194957914678,0.002096691076208609,0.008115254317025433,0.008217457926315425,0.004427770282219835,0.003174413485502437
2.5622069,0.0039002384159785063,0.006341212209631861,0.0015388187920604502,0.0020982632779300583,0.008079152787915227,0.008210162994713617,0.004440673750546103,0.0031796514814636757
2.5626724,0.003947563018592141,0.006308246861294581,0.0015370543315679137,0.002099972727390818,0.00804357293347606,0.008202998921851622,0.004453722570360993,0.003184708875691546
2.5631379,0.003995878249932513,0.006275220555403044,0.0015353258410542902,0.0021018204033398007,0.008008512005035388,0.008195966535746443,0.004466924187629731,0.0031895805116899825
2.5636034,0.004045186033196317,0.006242136958163531,0.0015336330537160134,0.002103807266506075,0.00797396720627848,0.008189066634277048,0.004480286111199952,0.003194261242703897
2.564069,0.0040954880193353775,0.006208999742476887,0.0015319757092553533,0.0021059342593514195,0.007939935694531114,0.008182299986007882,0.004493815910622731,0.003198745933528411
2.5645345,0.004146785584314781,0.006175812586915858,0.001530353553925438,0.0021082023058230765,0.00790641458203587,0.008175667331016524,0.004507521213954415,0.00320302946233552
2.565,0.0041990798264467675,0.0061425791747134395,0.0015287663405705557,0.002110612311106762,0.007873400937221399,0.008169169381723927,0.0045214097055394364,0.0032071067225178437
2.5654655,0.004252371563801869,0.006109303192762538,0.0015272138286618257,0.0021131651613799894,0.007840891785964069,0.008162806823725688,0.004535489123774219,0.003210972624549108
2.565931,0.004306661331698753,0.006075988330627238,0.0015256957843283203,0.0021158617235657678,0.00780888411284149,0.008156580316622971,0.004549767258852335,0.0032146220978609866
2.5663966,0.004361949380274244,0.006042638279565968,0.0015242119803837101,0.0021187028450867203,0.007777374862377432,0.008150490494851751,0.004564251950490983,0.0032180500927358924
2.5668621,0.004418235672134969,0.00600925673156677,0.001522762196348507,0.002121689353619675,0.007746360940277685,0.008144537968509218,0.004578951085638879,0.003221251582215306
2.5673276,0.004475519880092069,0.00597584737839494,0.001521346218467957,0.002124822056850767,0.0077158392146564085,0.008138723324176287,0.004593872596165577,0.0032242215640232033
2.5677931,0.004533801384980389,0.005942413910653216,0.001519963839725635,0.002128101742231069,0.0076858065172525055,0.008133047125735222,0.004609024456532205,0.0032269550625041326
2.5682586,0.00459307927356356,0.00590896001685473,0.001518614859852779,0.002131529176732779,0.007656259644635527,0.00812750991518146,0.004624414681443625,0.003229447130575482
2.5687241,0.00465335233652636,0.005875489382508879,0.0015172990853334009,0.002135105106605972,0.007627195359400572,0.008122112213428762,0.004640051323481934,0.003231692851693445
2.5691897,0.0047146190665557025,0.005842005689220279,0.001516016329405203,0.002138830257135935,0.007598610391351593,0.008116854521106762,0.004655942470721256,0.003233687341832184
2.5696552,0.004776877656511561,0.005808512613800959,0.0015147664120563318,0.0021427053324011226,0.00757050143867246,0.008111737319350045,0.004672096244323745,0.0032354257514756843
2.5701207,0.004840125997689138,0.005775013827395928,0.0015135491600180018,0.002146731015031779,0.007542865169085116,0.008106761070577848,0.0046885207961167375,0.003236903267621759
2.5705862,0.004904361678173523,0.00574151299462229,0.0015123644067530251,0.0021509079659693103,0.007515698220994136,0.008101926219263526,0.0047052243061509865,0.0032381151157976668
2.5710517,0.00496958198128809,0.005708013772722075,0.001511211992440275,0.0021552368242265035,0.007488997204616935,0.008097233192692968,0.004722214980239915,0.0032390565620867727
2.5715172,0.005035783884137844,0.005674519810728946,0.0015100917639551085,0.002159718206648723,0.007462758703098936,0.008092682401711206,0.004739501047479808,0.0032397229151656997
2.5719828,0.005102964056248918,0.005641034748648947,0.0015090035748457674,0.002164352707676217,0.00743697927361302,0.008088274241456507,0.004757090757750853,0.003240109528351391
2.5724483,0.005171118858305351,0.005607562216655424,0.0015079472853057666,0.0021691408991076837,0.007411655448442646,0.008084009092081259,0.004774992379198902,0.0032402118016575075
2.5729138,0.005240244340984288,0.0055741058342982,0.0015069227621422666,0.0021740833298652487,0.0073867837360480325,0.008079887319459028,0.004793214195697853,0.0032400251838595635
2.5733793,0.005310336243890684,0.005540669209727064,0.00150592987874044,0.0021791805257610026,0.007362360622114822,0.008075909275877157,0.004811764504292523,0.003239545174568196
2.5738448,0.005381389994592561,0.005507255938929579,0.0015049685150238506,0.002184432989265262,0.0073383825705847045,0.008072075300714354,0.004830651612621939,0.003238767326309932
2.5743103,0.00545340070775783,0.0054738696049832026,0.0015040385574108903,0.002189841199276723,0.007314846024667453,0.008068385721102753,0.0048498838363230535,0.003237687246614827
2.5747759,0.005526363184393653,0.005440513777321639,0.0015031398987673476,0.0021954056108946796,0.0072917474078339475,0.008064840852573987,0.004869469496414939,0.003236300600110322
2.5752414,0.0056002719111892625,0.00540719201101536,0.0015022724383552135,0.002201126655193494,0.007269083124789875,0.008061440999688842,0.004889416916663609,0.0032346031106206567
2.5757069,0.005675121059963157,0.0053739078460661675,0.001501436081777855,0.0022070047389994856,0.007246849562429953,0.00805818645665007,0.004909734420927641,0.003232590563271206
2.5761724,0.005750904487215497,0.005340664806715615,0.001500630740921689,0.002213040244670436,0.007225043090772673,0.008055077507898006,0.0049304303304848,0.0032302588065970996
2.5766379,0.0058276157337865215,0.00530746640076711,0.0014998563338944938,0.002219233529877901,0.007203660063875684,0.008052114428688608,0.004951512961339881,0.0032276037546555033
2.5771034,0.005905248024621744,0.005274316118921452,0.00149911278496049,0.002225584927392516,0.007182696820732035,0.008049297485653629,0.004972990621513977,0.0032246213891409846
2.577569,0.00598379426864468,0.005241217434125497,0.0014984000244723126,0.0022320947448725152,0.007162149686147525,0.008046626937342623,0.004994871608315395,0.0032213077615033886
2.5780345,0.00606324705873779,0.0052081738009336345,0.0014977179887999841,0.002238763264655634,0.007142014971599449,0.008044103034746609,0.00501716420559246,0.003217658995067687
2.5785,0.006143598671832337,0.0051751886548816834,0.0014970666202569983,0.00224559074355459,0.007122288976077031,0.00804172602180326,0.0050398766809684305,0.003213671287155272
2.5789655,0.0062248410691078376,0.005142265411872813,0.0014964458670236086,0.002252577412656301,0.00710296798690382,0.008039496135883537,0.005063017283058809,0.003209340911206215
2.579431,0.006306965896301717,0.005109407467575034,0.0014958556830674114,0.0022597234771250117,0.007084048280542327,0.008037413608259738,0.005086594238671324,0.003204664218901998
2.5798966,0.006389964484129828,0.005076618196829841,0.0014952960280613162,0.002267029116009478,0.007065526123381174,0.008035478664554953,0.0051106157499889145,0.0031996376422882737
2.5803621,0.00647382784881841,0.005043900953071522,0.001494766867298996,0.0022744944820543714,0.007047397772504946,0.008033691525173935,0.005135089991736128,0.0031942576958971874
2.5808276,0.006558546692748054,0.005011259067756702,0.0014942681716079186,0.002282119701516054,0.007029659476446917,0.008032052405715332,0.005160025108329275,0.0031885209788688313
2.5812931,0.006644111405210187,0.004978695849803667,0.0014937999172600566,0.002289904873982864,0.007012307475924776,0.00803056151736522,0.005185429211010765,0.003182424177071392
2.5817586,0.006730512063276573,0.004946214585041048,0.001493362085880382,0.0022978500722000473,0.00699533800455942,0.008029219067271819,0.005211310374967989,0.0031759640652195553
2.5822241,0.006817738432782284,0.004913818535665452,0.001492954664353247,0.0023059553418994507,0.006978747289576859,0.008028025258901247,0.005237676636437133,0.0031691375089907157
2.5826897,0.006905779969422517,0.004881510939707659,0.0014925776447267463,0.0023142207016341038,0.00696253155249327,0.008026980292374085,0.005264535989792315,0.003161941467138534
2.5831552,0.0069946258199636655,0.004849295010507049,0.001492231024115151,0.0023226461426177824,0.006946687009783167,0.008026084364782552,0.005291896384620436,0.0031543729936033492
2.5836207,0.007084264823568944,0.0048171739361939124,0.001491914804599493,0.0023312316285696646,0.006931209873530666,0.008025337670488034,0.005319765722782195,0.0031464292396189467
2.5840862,0.007174685513238855,0.004785150879179362,0.0014916289931263778,0.0023399770955641725,0.006916096352063788,0.008024740401398684,0.005348151855459727,0.003138107455815149
2.5845517,0.007265876117366738,0.0047532289756525336,0.0014913736014050927,0.002348882451886083,0.006901342650571743,0.008024292747226828,0.005377062580191453,0.0031294049943156876
2.5850172,0.007357824561409569,0.004721411335084796,0.0014911486458030906,0.0023579475778909755,0.006886944971705144,0.008023994895725816,0.005406505637894767,0.0031203193108307876
2.5854828,0.007450518469674208,0.0046897010397407195,0.0014909541472399386,0.002367172325871074,0.0068728995161591346,0.008023847032905972,0.005436488709877244,0.003110847966743898
2.5859483,0.007543945167219208,0.004658101144195527,0.0014907901310798257,0.0023765565199265204,0.0068592024832393895,0.008023849343229243,0.005467019414837079,0.0031009886311919956
2.5864138,0.007638091681872299,0.004626614674858801,0.001490656627022749,0.0023860999558421134,0.006845850071410987,0.008024002009782118,0.005498105305853449,0.0030907390831388824
2.5868793,0.007732944746363637,0.004595244629504224,0.0014905536689944951,0.002395802400969515,0.006832838478830156,0.00802430521442639,0.005529753867367485,0.003080097213440892
2.5873448,0.00782849080057488,0.004563993976805175,0.0014904812950355354,0.0024056635941149384,0.006820163903858885,0.008024759137927296,0.005561972512154522,0.003069061026904438
2.5878103,0.007924715993904133,0.004532865655876066,0.0014904395471889462,0.0024156832454323117,0.006807822545562385,0.008025363960058577,0.005594768578288301,0.0030576286443348183
2.5882759,0.00802160618774682,0.004501862575819321,0.001490428471387456,0.0024258610363218944,0.006795810604189351,0.008026119859683985,0.005628149326097839,0.003045798304575702
2.5887414,0.00811914695809245,0.004470987615277937,0.001490448117339714,0.0024361966193343207,0.006784124281634971,0.0080270270148147,0.005662121935117675,0.003033568366538721
2.5892069,0.008217323598237292,0.004440243621993552,0.0014904985384158655,0.0024466896180800205,0.0067727597818866316,0.008028085602642166,0.005696693501032258,0.003020937311222598
2.5896724,0.00831612112161289,0.004409633412369962,0.0014905797915325094,0.0024573396271439763,0.006761713311452201,0.008029295799545828,0.0057318710326152615,0.003007903743721227
2.5901379,0.008415524264730335,0.004379159771042005,0.0014906919370371152,0.0024681462120057533,0.006750981079770898,0.008030657781075264,0.005767661448664662,0.0029944663952201117
2.5906034,0.008515517490240215,0.004348825450449729,0.0014908350385919708,0.0024791089089647384,0.006740559299606722,0.008032171721906286,0.005804071574934409,0.0029806241249805622
2.591069,0.008616084990108071,0.004318633170417737,0.001491009163057736,0.002490227225070521,0.006730444187424472,0.008033837795770627,0.005841108141063561,0.002966375922311026
2.5915345,0.008717210688905273,0.0042885856177396235,0.0014912143803766833,0.002501500638058333,0.006720631963748441,0.00803565617535896,0.00587877777750382,0.0029517209085249186
2.592,0.00881887824721513,0.00425868544576743,0.0014914507634556998,0.0025129285962894733,0.006711118853503911,0.008037627032197093,0.005917087012446485,0.002936658338884305
2.5924655,0.008921071065154086,0.00422893527400605,0.001491718388049127,0.0025245105186966535,0.006701901086341611,0.008039750536495275,0.005956042268749936,0.0029211876045287643
2.592931,0.009023772286007769,0.00419933768771257,0.0014920173326415027,0.002536245794734206,0.0066929748969453,0.008042026856970724,0.005995649860868819,0.0029053082343887494
2.5933966,0.009126964799981721,0.004169895237500522,0.001492347678330266,0.0025481337843331156,0.006684336525322717,0.008044456160643546,0.006035915991786162,0.0028890198970827527
2.5938621,0.009230631248066525,0.004140610438949103,0.0014927095087084881,0.0025601738178608513,0.006675982217080054,0.008047038612606378,0.006076846749949634,0.00287232240279758
2.5943276,0.00933475402601703,0.004111485772217445,0.0014931029097476677,0.0025723651960859765,0.006667908223680178,0.008049774375768143,0.006118448106213164,0.002855215705151024
2.5947931,0.009439315288445296,0.004082523681664042,0.0014935279696806354,0.0025847071901475265,0.006660110802684741,0.00805266361057238,0.006160725910785101,0.0028376999030362182
2.5952586,0.009544296953026856,0.0040537265754714835,0.001493984778884599,0.002597199041529148,0.006652586217980353,0.008055706474690685,0.0062036858901840675,0.002819775242446948
2.5957241,0.00964968070481973,0.004025096825276643,0.0014944734297643472,0.002609839962038002,0.006645330739988943,0.008058903122691745,0.006247333644203708,0.002801442118283158
2.5961897,0.009755448000695636,0.003996636765806534,0.0014949940166356299,0.0026226291337884226,0.006638340645862453,0.008062253705686495,0.006291674642887463,0.002782701076135904
2.5966552,0.009861580073882737,0.003968348694520078,0.0014955466356087138,0.0026355657091903266,0.00663161221966192,0.00806575837094989,0.006336714223514609,0.0027635528140509476
2.5971207,0.009968057938619133,0.0039402348712560455,0.0014961313844721145,0.0026486488109423597,0.00662514175252102,0.008069417261519772,0.006382457587598765,0.0027439981842702034
2.5975862,0.01007486239491632,0.003912297517887508,0.001496748362576484,0.0026618775320297714,0.006618925542794075,0.0080732305157734,0.0064289097979001435,0.0027240381949502094
2.5980517,0.010181974033431703,0.0038845388179831086,0.0014973976707186335,0.0026752509357270133,0.006612959896188541,0.008077198266982185,0.006476075775452833,0.0027036740118567904
2.5985172,0.010289373240449198,0.0038569609164755053,0.0014980794110256504,0.002688768055605072,0.0066072411258819444,0.008081320642845238,0.006523960296608481,0.0026829069600350433
2.5989828,0.010397040202966907,0.0038295659193373246,0.001498793686839068,0.002702427895543551,0.006601765552623272,0.008085597765002402,0.006572567990097733,0.002661738525453784
2.5994483,0.010504954913890752,0.003802355893264955,0.0014995406025990312,0.0027162294297475346,0.00659652950481882,0.00809002974852744,0.006621903334110808,0.0026401703566235574
2.5999138,0.010613097177332885,0.003775332865370516,0.0015003202637284142,0.0027301716027692603,0.006591529318602557,0.008094616701402126,0.006671970653398591,0.0026182042661873034
2.6003793,0.010721446614013638,0.00374849882288234,0.0015011327765168461,0.0027442533295346473,0.006586761337891066,0.008099358723971928,0.0067227741163955485,0.0025958422324827775
2.6008448,0.01082998266676564,0.0037218557128542887,0.0015019782480046164,0.0027584734953747156,0.0065822219144231866,0.008104255908384051,0.006774317732365769,0.0025730864010758006
2.6013103,0.010938684606138694,0.0036954054418842177,0.0015028567858664489,0.0027728309560619596,0.006577907407784579,0.008109308338008539,0.006826605348573333,0.002549939086263412
2.6017759,0.011047531536103956,0.0036691498758418878,0.0015037684982951395,0.0027873245378517175,0.006573814185417431,0.008114516086843177,0.006879640647478205,0.0025264027725459895
2.6022414,0.011156502399855842,0.0036430908396066193,0.0015047134938850602,0.0028019530375285907,0.006569938622615673,0.008119879218902955,0.006933427143958776,0.0025024801160673793
2.6027069,0.011265575985710034,0.0036172301168149452,0.0015056918815155357,0.0028167152224579392,0.006566277102506107,0.008125397787594777,0.0069879681825621535,0.002478173946022071
2.6031724,0.011374730933095866,0.0035915694496185153,0.0015067037702340958,0.00283160983064249,0.006562826016015982,0.00813107183507816,0.0070432669347832225,0.0024534872660284365
2.6036379,0.011483945738641267,0.0035661105384524935,0.0015077492691396121,0.002846635570784066,0.006559581761827651,0.008136901391612572,0.007099326396373485,0.0024284232554670545
2.6041034,0.011593198762348388,0.0035408550418146614,0.0015088284872653165,0.002861791122350453,0.006556540746320998,0.008142886474892048,0.0071561493846806325,0.002402985270783144
2.604569,0.011702468233857937,0.003515804576055447,0.0015099415334616925,0.0028770751356474054,0.0065536993835044475,0.008149027089367631,0.007213738536019805,0.002377176846752137
2.6050345,0.01181173225880016,0.0034909607151790956,0.0015110885162792308,0.002892486231895811,0.006551054094935403,0.008155323225558227,0.007272096303077509,0.0023510016977074475
2.6055,0.011920968825230334,0.0034663249906561884,0.0015122695438510333,0.0029080230033140236,0.006548601309631005,0.008161774859350388,0.007331224952349233,0.002324463718729502
2.6059655,0.012030155810146536,0.003441898891247696,0.0015134847237752546,0.002923684013205378,0.006546337463970152,0.008168381951287567,0.007391126561611811,0.002297566986795131
2.606431,0.01213927098608744,0.0034176838628407528,0.0015147341629973738,0.002939467796050888,0.006544259001587719,0.008175144445849445,0.007451803017431636,0.002270315761886425
2.6068966,0.01224829202780773,0.003393681308296309,0.0015160179676922928,0.0029553728576071346,0.006542362373261914,0.008182062270721954,0.007513256012709817,0.0022427144880581874
2.6073621,0.012357196519028666,0.0033698925873088133,0.001517336243146251,0.002971397675009345,0.006540644036795708,0.008189135336058728,0.007575487044265346,0.0022147677944631223
2.6078276,0.012465961959261296,0.003346319016278045,0.0015186890936385498,0.0029875406968796598,0.00653910045689321,0.008196363533734742,0.007638497410457319,0.0021864804963339026
2.6082931,0.012574565770699627,0.003322961868193217,0.0015200766223230746,0.003003800343440579,0.006537728105031852,0.00820374673659295,0.00770228820884724,0.002157857595921274
2.6087586,0.012682985305180972,0.003299822372529444,0.0015214989311096105,0.0030201750066335803,0.006536523459331194,0.00821128479768476,0.0077668603339024166,0.0021289042833873444
2.6092241,0.012791197851210663,0.0032769017151566488,0.0015229561205449527,0.003036663050242901,0.0065354830044191195,0.008218977549505225,0.007832214474741441,0.0020996259376532115
2.6096897,0.012899180641048152,0.0032542010382609907,0.0015244482896938213,0.003053262810024465,0.006534603231296137,0.00822682480322381,0.007898351112922796,0.0020700281272000806
2.6101552,0.013006910857851415,0.003231721440278863,0.0015259755360196032,0.0030699725938399297,0.00653388063719847,0.008234826347911645,0.0079652705202776,0.002040116610823022
2.6106207,0.013114365642876559,0.0032094639758435063,0.001527537955264942,0.003086790681795828,0.006533311725460547,0.008242981949766172,0.008032972756787547,0.002009897338336521
2.6110862,0.013221522102729352,0.003187429655744264,0.0015291356413321923,0.00310371532638776,0.006532893005377475,0.008251291351334098,0.00810145766850904,0.0019793764512309746
2.6115517,0.013328357316665387,0.003165619446898494,0.0015307686861637498,0.0031207447526495754,0.006532620992068034,0.008259754270733593,0.008170724885544638,0.0019485602832792937
2.6120172,0.013434848343935503,0.003144034272336132,0.0015324371796222671,0.003137877158307465,0.006532492206338711,0.008268370400876683,0.008240773820062886,0.001917455361092772
2.6124828,0.013540972231172997,0.0031226750111968972,0.0015341412093707611,0.0031551107139388677,0.006532503174549267,0.008277139408692706,0.008311603664367628,0.001886068404625369
2.6129483,0.013646706019819186,0.0031015424987401357,0.0015358808607526231,0.003172443563136069,0.006532650428480289,0.00828606093435371,0.008383213389017988,0.0018544063276255541
2.6134138,0.013752026753583646,0.003080637526367275,0.001537656216671539,0.0031898738226743824,0.00653293050520319,0.008295134590502618,0.008455601741000043,0.0018224762380348542
2.6138793,0.013856911485935545,0.0030599608416569113,0.0015394673574713415,0.0032073995826847916,0.006533339946953143,0.008304359961484912,0.008528767241951223,0.0017902854383322457
2.6143448,0.013961337287622277,0.0030395131484125195,0.0015413143608158204,0.0032250189068309463,0.0065338753010054035,0.008313736602584578,0.008602708186438417,0.0017578414258235169
2.6148103,0.014065281254211585,0.003019295106722811,0.0015431973015685397,0.0032427298324904114,0.006534533119555539,0.008323264039264993,0.008677422640290715,0.0017251518928747365
2.6152759,0.014168720513653215,0.0029993073330347535,0.0015451162516727098,0.0032605303709400913,0.006535309959604024,0.008332941766415398,0.008752908438987681,0.0016922247270889602
2.6157414,0.014271632233856059,0.0029795504002392416,0.0015470712800311783,0.00327841850754576,0.006536202382845704,0.008342769247603618,0.008829163186104086,0.0016590680114253226
2.6162069,0.014373993630276626,0.002960024837769397,0.0015490624523865995,0.003296392201955632,0.0065372069555645835,0.00835274591433562,0.008906184251811973,0.0016256900242596782
2.6166724,0.014475781973514687,0.002940731131711458,0.001551089831201838,0.0033144493882979035,0.006538320248534405,0.00836287116532252,0.008983968771440922,0.0015920992393859744
2.6171379,0.014576974596911742,0.0029216697249281726,0.0015531534755406518,0.00333258797538218,0.006539538836925461,0.008373144365755644,0.009062513644097313,0.0015583043259575682
2.6176034,0.014677548904148019,0.0029028410171946296,0.001555253440948705,0.003350805846904686,0.006540859300218051,0.00838356484659018,0.00914181553134336,0.0015243141483677297
2.618069,0.014777482376833573,0.0028842453653463965,0.0015573897793349572,0.003369100861657148,0.006542278222123015,0.008394131903838071,0.009221870855936587,0.0014901377660685913
2.6185345,0.014876752582089084,0.0028658830834398614,0.0015595625388534775,0.0033874708537392014,0.00654379219050976,0.008404844797870655,0.009302675800630465,0.0014557844333278314
2.619,0.01497533718011191,0.0028477544429246293,0.0015617717637857254,0.003405913632774164,0.006545397797342227,0.008415702752731631,0.009384226307036836,0.0014212635989224117
2.6194655,0.01507321393172289,0.0028298596728278144,0.0015640174944233436,0.0034244269841280104,0.006547091638623251,0.008426704955460964,0.009466518074550857,0.0013865849057686963
2.619931,0.01517036070588944,0.0028121989599500484,0.0015662997669514895,0.0034430086691313623,0.006548870314347849,0.008437850555430337,0.009549546559339145,0.0013517581904883302
2.6203966,0.015266755487220425,0.0027947724490729998,0.0015686186133327363,0.0034616564253042944,0.006550730428465924,0.008449138663690813,0.009633306973391877,0.0013167934829092815
2.6208621,0.015362376383428317,0.002777580243178195,0.0015709740611915676,0.003480367966583752,0.006552668588854935,0.008460568352333353,0.009717794283639522,0.001281701005501509
2.6213276,0.015457201632754089,0.0027606224036768887,0.0015733661336994882,0.003499140983553358,0.006554681407302996,0.008472138653862935,0.009803003211134875,0.0012464911727467648
2.6217931,0.015551209611350399,0.0027438989506507225,0.0015757948494607836,0.003517973143675409,0.0065567654995028635,0.008483848560586857,0.00988892823030099,0.0012111745904420854
2.6222586,0.015644378840618513,0.0027274098631029204,0.001578260222398966,0.00353686209152488,0.006558917485057219,0.008495697024017883,0.009975563568245612,0.0011757620549365814
2.6227241,0.015736687994494465,0.0027111550792197504,0.0015807622616439737,0.003555805449025276,0.006561133987495578,0.00850768295429273,0.010062903204142654,0.0011402645523011692
2.6231897,0.015828115906679943,0.00269513449664199,0.0015833009714201944,0.0035748008156862325,0.006563411634303137,0.008519805219606406,0.010150940868681315,0.0011046932574309257
2.6236552,0.01591864157781338,0.002679347972746149,0.0015858763509353985,0.0035938457688428085,0.006565747056961829,0.008532062645662789,0.01023967004358337,0.001069059533079772
2.6241207,0.01600824418257679,0.002663795324935197,0.0015884883942706759,0.0036129378638964605,0.006568136891003813,0.008544454015141879,0.010329083961189237,0.0010333749288272034
2.6245862,0.016096903076733844,0.002648476330938553,0.00159113709027147,0.0036320746345577235,0.006570577776077628,0.008556978067184026,0.010419175604113385,0.0009976511799767896
2.6250517,0.01618459780409479,0.002633390729121093,0.0015938224224397973,0.003651253593090629,0.006573066356027189,0.008569633496891516,0.010509937704969663,0.0009619002063861659
2.6255172,0.01627130810340371,0.002618538218800943,0.0015965443688277534,0.0036704722305588955,0.00657559927898381,0.008582418954847874,0.010601362746167088,0.000926134111228234
2.6259828,0.016357013915143877,0.002603918460575839,0.0015993029019323998,0.0036897280170739306,0.006578173197471373,0.008595333046655268,0.010693442959776665,0.0008903651796832864
2.6264483,0.016441695388256804,0.002589531076657843,0.00160209798859214,0.0037090184020446416,0.006580784768524796,0.008608374332490435,0.010786170327469773,0.0008546058775617661
2.6269138,0.016525332886770848,0.0025753756512162,0.0016049295898846923,0.003728340814429084,0.006583430653821922,0.008621541326679506,0.010879536580528627,0.0008188688498573815
2.6273793,0.016607906996335155,0.002561451730728134,0.0016077976610267756,0.00374769266298799,0.006586107519829015,0.008634832497292183,0.010973533199929294,0.0007831669192303025
2.6278448,0.016689398530654972,0.002547758824337363,0.0016107021512756193,0.003767071336540266,0.006588812037960019,0.008648246265755643,0.01106815141649764,0.000747513084420183
2.6283103,0.016769788537824425,0.0025342964042201015,0.0016136430038324059,0.0037864742042206076,0.006591540884749748,0.008661781006488598,0.011163382211138618,0.0007119205185887822
2.6287759,0.01684905830655295,0.0025210639059583153,0.0016166201557477509,0.003805898615739447,0.006594290742041123,0.00867543504655591,0.011259216315139195,0.0006764025675919878
2.6292414,0.01692718937228174,0.002508060728919974,0.0016196335378293183,0.0038253419016455043,0.006597058297186573,0.00868920666534414,0.011355644210545204,0.0006409727481810735
2.6297069,0.01700416352318664,0.0024952862366460337,0.0016226830745516634,0.0038448013735912813,0.006599840243263658,0.008703094094258346,0.011452656130612441,0.0006056447461330579
2.6301724,0.017079962806064018,0.0024827397572438686,0.001625768683968396,0.0038642743246018615,0.006602633279304953,0.00871709551644041,0.01155024206033228,0.0005704324143100685
2.6306379,0.01715456953209621,0.0024704205837868557,0.0016288902776267558,0.0038837580293474045,0.006605434110542215,0.008731209066509158,0.011648391737032122,0.0005353497706476488
2.6311034,0.017227966282493186,0.0024583279747198076,0.0016320477604846893,0.003903249744419746,0.006608239448664801,0.008745432830322433,0.011747094651050964,0.000500410996071983
2.631569,0.01730013591400705,0.002446461154269934,0.0016352410308304978,0.003922746708613482,0.006611046012092332,0.008759764844761434,0.011846340046490295,0.0004656304323460424
2.6320345,0.017371061564316066,0.002434819312863018,0.0016384699802051335,0.003942246143211905,0.0066138505262615275,0.008774203097537472,0.01194611692204053,0.0004310225798446812
2.6325,0.017440726657275245,0.0024234016075444817,0.001641734493327195,0.00396174525227816,0.006616649723927128,0.008788745527021437,0.012046414031883126,0.00039660209525872714
2.6329655,0.017509114908030622,0.002412207162405035,0.0016450344480206805,0.00398124122295195,0.00661944034547684,0.008803390022096251,0.012147219886668378,0.0003623837892281307
2.633431,0.01757621032799485,0.002401235069010609,0.0016483697151455463,0.004000731225752106,0.006622219139260202,0.00881813442203255,0.012248522754568985,0.0003283826239042476
2.6338966,0.01764199722968204,0.0023904843868362865,0.0016517401585311293,0.004020212414885333,0.006624982861931244,0.00883297651638784,0.012350310662409273,0.0002946137104413494
2.6343621,0.017706460231400274,0.0023799541437039716,0.0016551456349124967,0.004039681928561405,0.006627728278804799,0.008847914044929303,0.012452571396870098,0.0002610923064174638
2.6348276,0.01776958426180047,0.0023696433362235592,0.0016585859938698009,0.004059136889315073,0.006630452164226339,0.008862944697580356,0.01255529250576946,0.00022783381318465564
2.6352931,0.01783135456428084,0.002359550930237397,0.0016620610777707274,0.004078574404334968,0.006633151301955174,0.008878066114391016,0.012658461299418998,0.0001948537731488655
2.6357586,0.017891756701246417,0.0023496758612678494,0.0016655707217161314,0.00409799156579975,0.006635822485560906,0.008893275885532055,0.012762064852056653,0.0001621678669794354
2.6362241,0.017950776558223525,0.0023400170349678067,0.001669114753488966,0.004117385451221781,0.006638462518833013,0.008908571551312815,0.012866090003355948,0.0001297919107484681
2.6366897,0.0180084003478294,0.002330573327573985,0.0016726929935065994,0.004136753123798592,0.0066410682162034,0.008923950602222598,0.012970523360012387,9.774185300018942e-05
2.6371552,0.01806461461359735,0.0023213435863629135,0.0016763052547766055,0.004156091632772446,0.006643636403181771,0.008939410478995406,0.013075351297407523,6.603377175050691e-05
2.6376207,0.018119406233658156,0.002312326630109513,0.0016799513428561114,0.00417539801379829,0.006646163916803639,0.008954948572697848,0.01318055996135132,3.468387141697949e-05
2.6380862,0.018172762424278663,0.0023035212495482143,0.001683631055814766,0.004194669289320422,0.0066486476060907485,0.008970562224840009,0.013286135269903488,3.7084796794288225e-06
2.6385517,0.018224670743258523,0.002294926207836567,0.001687344184201388,0.0042139024689581755,0.006651084332523699,0.008986248727509034,0.013392062915274531,-2.687595572856293e-05
2.6390172,0.018275119093186378,0.0022865402410213137,0.001691090511014331,0.004233094549900925,0.0066534709705265375,0.009002005323525205,0.013498328365807295,-5.7052870297009963e-05
2.6394828,0.018324095724556823,0.002278362058506883,0.0016948698116755988,0.004252242517312681,0.006655804407963085,0.009017829206620214,0.013604916868039779,-8.68055860854574e-05
2.6399483,0.018371589238749625,0.0022703903435262584,0.0016986818540087275,0.004271343344746559,0.006658081546644778,0.00903371752163731,0.013711813448849931,-0.00011611731513719438
2.6404138,0.018417588590872756,0.002262623753614167,0.0017025263982204508,0.0042903939945693826,0.006660299302849759,0.00904966736475295,0.013819002917683072,-0.0001449711629614227
2.6408793,0.018462083092470914,0.002255060921082505,0.0017064031968861463,0.004309391418396697,0.0066624546078529615,0.009065675783719513,0.013926469868862559,-0.0001733501320830343
2.6413448,0.01850506241410126,0.002247700453497933,0.001710311994939066,0.004328332557538451,0.00666454440846688,0.009081739778128659,0.014034198683984181,-0.00020123712565962905
2.6418103,0.018546516587778172,0.0022405409341615455,0.001714252529663344,0.004347214343455631,0.006666565667592672,0.009097856299694812,0.014142173534394809,-0.0002286149511653856
2.6422759,0.018586436009288727,0.002233580922590547,0.0017182245306907866,0.004366033698228111,0.006668515364781217,0.00911402225255825,0.014250378383755721,-0.00025546632414138104
2.6427414,0.01862481144038067,0.0022268189550018256,0.0017222277200014489,0.004384787535033971,0.0066703904968036755,0.009130234493607217,0.01435879699069106,-0.0002817738720119417
2.6432069,0.018661634010824536,0.002220253544797333,0.0017262618119280298,0.004403472758640535,0.006672188078231056,0.009146489832818438,0.014467412911521935,-0.00030752013796659267
2.6436724,0.018696895220351548,0.002213883183051157,0.0017303265131641222,0.004422086265907312,0.0066739051420223,0.009162785033615388,0.014576209503086754,-0.0003326875849071571
2.6441379,0.018730586940468728,0.00220770633899816,0.0017344215227763809,0.004440624946301075,0.006675538740120335,0.009179116813243574,0.014685169925648472,-0.00035725859945953523
2.6446034,0.018762701416152525,0.002201721460524029,0.0017385465322206708,0.0044590856824232505,0.006677085944055593,0.009195481843162179,0.014794277145889495,-0.00038121549604966913
2.645069,0.01879323126742215,0.002195926974656591,0.001742701225362269,0.004477465350549828,0.00667854384555648,0.00921187674945132,0.014903513939995035,-0.0004045405210431783
2.6455345,0.018822169490793617,0.0021903212880582286,0.0017468852785001844,0.004495760821183983,0.006679909557166321,0.009228298113234295,0.015012862896825624,-0.0004272158569481328
2.646,0.018849509460615393,0.002184902787519214,0.001751098360395657,0.0045139689596216444,0.006681180212866328,0.009244742471114219,0.015122306421179432,-0.00044922362668041834
2.6464655,0.018875244930286337,0.0021796698404517936,0.0017553401323048827,0.004532086626530202,0.0066823529687041645,0.009261206315624501,0.015231826737145043,-0.0004705458978911394
2.646931,0.0188993700333565,0.0021746207953848248,0.0017596102480160088,0.004550110678540566,0.006683425003427668,0.009277686095692681,0.015341405891545198,-0.0004911646873554981
2.6473966,0.018921879284511202,0.0021697539824587745,0.001763908353890432,0.004568037968852753,0.0066843935191232785,0.009294178217117114,0.015451025757471933,-0.0005110619654225761
2.6478621,0.018942767580438672,0.002165067713920881,0.0017682340889084245,0.004585865347855164,0.006685255741858689,0.009310679043056068,0.015560668037913528,-0.000530219660525436
2.6483276,0.01896203020058151,0.0021605602846202798,0.0017725870847191084,0.004603589663757713,0.006686008922329201,0.009327184894528844,0.015670314269473483,-0.000548619663750941
2.6487931,0.018979662807772,0.002156229972502902,0.0017769669656947855,0.004621207763238931,0.00668665033650721,0.009343692050928696,0.015779945826181863,-0.000566243833468678
2.6492586,0.018995661448751318,0.0021520750391059345,0.001781373348989622,0.004638716492107201,0.006687177286294247,0.00936019675054738,0.015889543923399217,-0.0005830740000183502
2.6497241,0.01901002255457273,0.002148093730051647,0.001785805844602682,0.004656112695976266,0.0066875871001749986,0.009376695191111431,0.015999089621813317,-0.0005990919704549862
2.6501897,0.019022742940888702,0.002144284275540366,0.0017902640554452957,0.004673393220955149,0.006687877133872741,0.009393183530330345,0.016108563831528967,-0.0006142795333512844
2.6506552,0.019033819808121973,0.002140644890842374,0.0017947475774127508,0.004690554914352621,0.006688044771005688,0.009409657886456986,0.016217947316251192,-0.0006286184636563746
2.6511207,0.01904325074152054,0.002137173776788521,0.0017992559994602902,0.004707594625396324,0.006688087423743812,0.009426114338860588,0.01632722069756196,-0.0006420905276102362
2.6515862,0.01905103371109669,0.002133869120259341,0.001803788903683409,0.004724509205966643,0.00668800253346574,0.009442548928612805,0.0164363644592906,-0.0006546774877129693
2.6520517,0.01905716707145014,0.0021307290946724964,0.0018083458654024407,0.004741295511345404,0.006687787571415369,0.009458957659087256,0.01654535895197806,-0.0006663611077480802
2.6525172,0.019061649561475567,0.0021277518604684016,0.0018129264532514206,0.004757950400979451,0.006687440039357879,0.009475336496573016,0.01665418439743491,-0.0006771231578589123
2.6529828,0.019064480303954735,0.0021249355655939065,0.0018175302292712176,0.004774470739259173,0.0066869574702347855,0.009491681370902465,0.016762820893393197,-0.0006869454196773264
2.6534483,0.019065658805033647,0.0021222783459839364,0.001822156749006925,0.004790853396312004,0.006686337428817697,0.009507988176093865,0.01687124841825194,-0.0006958096915037129
2.6539138,0.01906518495358515,0.002119778326041002,0.0018268055616094952,0.004807095248810942,0.0066855775123604395,0.009524252771009035,0.016979446835916314,-0.0007036977935374067
2.6543793,0.01906305902045762,0.002117433619112491,0.0018314762099416043,0.004823193180798088,0.006684675351249212,0.009540470980026396,0.017087395900730457,-0.0007105915731565466
2.6548448,0.019059281657610384,0.002115242327965654,0.0018361682306877241,0.004839144084523182,0.006683628609650442,0.009556638593729747,0.01719507526250381,-0.000716472910246409
2.6553103,0.019053853897136708,0.0021132025452601758,0.0018408811544683669,0.0048549448612970865,0.006682434986156047,0.009572751369613063,0.017302464471631064,-0.0007213237225752103
2.6557759,0.019046777150175213,0.0021113123540182238,0.0018456145059584648,0.00487059242236014,0.006681092214425803,0.009588805032801741,0.017409542984305654,-0.0007251259712163455
2.6562414,0.019038053205710788,0.0021095698280918563,0.0018503678040098263,0.004886083689765254,0.006679598063826555,0.00960479527679069,0.017516290167826687,-0.0007278616660159814
2.6567069,0.019027684229266095,0.0021079730326276666,0.0018551405617776094,0.0049014155972756145,0.006677950340068024,0.009620717764199736,0.017622685305999176,-0.0007295128711048875
2.6571724,0.01901567276148497,0.0021065200245285382,0.0018599322868507353,0.004916585091276806,0.006676146885834955,0.009636568127546806,0.017728707604627397,-0.0007300617104533332
2.6576379,0.019002021716608985,0.0021052088529123917,0.0018647424813861566,0.004931589131703136,0.00667418558141534,0.009652341970039394,0.017834336197101057,-0.0007294903734678293
2.6581034,0.01898673438084868,0.002104037559567813,0.0018695706422468827,0.004946424692977913,0.006672064345324424,0.009668034866384739,0.017939550150073924,-0.000727781120628444
2.658569,0.018969814410650983,0.002103004179406469,0.0018744162611436632,0.00496108876496739,0.006669781134924158,0.009683642363619202,0.01804432846923436,-0.0007249162891653811
2.6590345,0.018951265830864417,0.0021021067409122255,0.0018792788247802106,0.004975578353948063,0.006667333947037777,0.009699159981957308,0.01814865010516715,-0.0007208782987734796
2.6595,0.01893109303280384,0.0021013432665869017,0.0018841578150018427,0.00498989048358698,0.006664720818559094,0.009714583215660951,0.01825249395930582,-0.0007156496573632677
2.6599655,0.01890930077221647,0.0021007117733925977,0.0018890527089474288,0.005004022195934678,0.006661939827056099,0.009729907533929313,0.018355838889974545,-0.0007092129668471804
2.660431,0.018885894167151075,0.002100210273190525,0.0018939629792045101,0.005017970552430339,0.00665898909136841,0.009745128381810084,0.01845866371851856,-0.0007015509289595264
2.6608966,0.018860878695732206,0.0020998367731762686,0.001898888093967482,0.005031732634918725,0.0066558667721980875,0.009760241181132617,0.01856094723552193,-0.0006926463511087617
2.6613621,0.018834260193841414,0.0020995892763114067,0.0019038275171987132,0.005045305546678417,0.0066525710726933335,0.009775241331463586,0.01866266820711122,-0.000682482152260615
2.6618276,0.018806044852707475,0.002099465781751399,0.001908780708792491,0.005058686413460893,0.006649100239024602,0.00979012421108569,0.01876380538134364,-0.0006710413688505856
2.6622931,0.018776239216407635,0.0020994642852696747,0.0019137471247416705,0.005071872384539904,0.006645452560952668,0.00980488517799986,0.018864337494678012,-0.0006583071607243296
2.6627586,0.01874485017928194,0.002099582779677848,0.0019187262173069122,0.005084860633770625,0.006641626372388241,0.009819519570951396,0.018964243278526777,-0.0006442628171044373
2.6632241,0.018711884983262622,0.002099819255241992,0.0019237174351883952,0.005097648360657983,0.00663762005194274,0.009834022710480306,0.019063501465887103,-0.0006288917625820979
2.6636897,0.018677351215120635,0.002100171700094928,0.001928720223699875,0.005110232791433582,0.006633432023469856,0.00984838989999615,0.019162090798049074,-0.0006121775631321276
2.6641552,0.0186412568036313,0.002100638100644468,0.0019337340249449527,0.005122611180140548,0.006629060756597603,0.009862616426877508,0.019259990031378786,-0.0005941039321498283
2.6646207,0.01860361001666097,0.0021012164419775643,0.0019387582779954106,0.0051347808097256505,0.006624504767250554,0.009876697563596232,0.019357177944174027,-0.0005746547365081111
2.6650862,0.01856441945817665,0.0021019047082602893,0.0019437924190714487,0.0051467389931379596,0.006619762618162005,0.009890628568866489,0.01945363334359017,-0.0005538140026332966
2.6655517,0.018523694065180254,0.002102700883133596,0.001948835881723647,0.005158483074433324,0.006614832919375869,0.00990440468881858,0.019549335072633716,-0.0005315659225979691
2.6660172,0.0184814431045692,0.0021036029501047856,0.0019538880970164612,0.005170010429883882,0.006609714328738119,0.009918021158197409,0.01964426201722079,-0.0005078948602292375
2.6664828,0.018437676169924956,0.0021046088929346303,0.0019589484937130508,0.005181318469091805,0.0066044055523776495,0.009931473201585455,0.019738393113298,-0.00048278535723073545
2.6669483,0.01839240317823087,0.002105716696020106,0.001964016498461225,0.005192404636106441,0.006598905345176492,0.009944756034650087,0.019831707354022753,-0.0004562221393166786
2.6674138,0.018345634366520612,0.0021069243447727113,0.0019690915359802945,0.005203266410543985,0.006593212511229322,0.009957864865414974,0.01992418379700016,-0.00042819012235628727
2.6678793,0.01829738028845836,0.002108229825992372,0.001974173029248608,0.0052139013087087824,0.006587325904292237,0.009970794895555368,0.020015801571573483,-0.0003986744185268617
2.6683448,0.018247651810851667,0.0021096311282369305,0.0019792603996915464,0.00522430688471532,0.00658124442822082,0.00998354132171707,0.02010653988616509,-0.000367660342473779
2.6688103,0.01819646011009788,0.002111126242187244,0.0019843530673697655,0.0052344807316099225,0.006574967037397472,0.009996099336858844,0.020196378035664625,-0.0003351334174756581
2.6692759,0.018143816668564853,0.0021127131610078733,0.0019894504511674634,0.005244420482491156,0.006568492737148025,0.010008464131618102,0.02028529540886125,-0.000301079381612918
2.6697414,0.018089733270906558,0.0021143898807033604,0.00199455196898047,0.005254123811627866,0.006561820584147584,0.010020630895699675,0.020373271495916587,-0.00026548419393793236
2.6702069,0.018034222000314164,0.002116154400470055,0.0019996570379039527,0.005263588435573786,0.0065549496868155584,0.010032594819287456,0.02046028589587514,-0.00022833404064496514
2.6706724,0.017977295234703098,0.0021180047230434616,0.0020047650744195542,0.005272812114277571,0.006547879205699763,0.010044351094478716,0.02054631832420878,-0.00018961534123805555
2.6711379,0.01791896564283659,0.0021199388550410545,0.002009875494581771,0.005281792652187111,0.0065406083538494635,0.010055894916740854,0.020631348620392058,-0.00014931475469500584
2.6716034,0.0178592461803862,0.0021219548073005035,0.002014987714203406,0.005290527899346933,0.00653313639717717,0.010067221486390332,0.020715356755504965,-0.00010741918562561168
2.672069,0.01779815008592975,0.0021240505952132478,0.0020201011490399282,0.00529901575248744,0.006525462654808955,0.010078326010093518,0.020798322839859676,-6.391579042225656e-05
2.6725345,0.017735690876887162,0.0021262242390533534,0.002025215214972589,0.005307254156104743,0.006517586499423077,0.010089203702389193,0.020880227130647803,-1.8791983400977885e-05
2.673,0.017671882345394616,0.002128473764301599,0.002030329328190132,0.005315241103529748,0.006509507357576692,0.010099849787232457,0.02096105003960444,2.7964557068902185e-05
2.6734655,0.01760673855411747,0.0021307972019647403,0.002035442905368944,0.005322974637985183,0.006501224710020476,0.010110259499559831,0.021040772140685348,7.636588244849772e-05
2.673931,0.017540273832002375,0.0021331925888899163,0.002040555363851504,0.005330452853629141,0.006492738092000993,0.010120428086875346,0.02111937417775341,0.0001264237679283582
2.6743966,0.01747250276996899,0.002135657968074179,0.0020456661218229786,0.005337673896583745,0.006484047093550649,0.010130350810857459,0.021196837072270363,0.00017814970634467985
2.6748621,0.017403440216541763,0.0021381913889691193,0.002050774598485824,0.005344635965947456,0.006475151359765095,0.01014002294898662,0.021273141930989763,0.0002315549021146684
2.6753276,0.017333101273422257,0.002140790907780589,0.0020558802142322564,0.00535133731478952,0.006466050591067914,0.01014943979619334,0.021348270053646947,0.0002866502651929977
2.6757931,0.017261501291002384,0.002143454587763513,0.0020609823908144644,0.005357776251125037,0.006456744543462393,0.010158596666526595,0.021422202940641732,0.00034344640505131044
2.6762586,0.017188655863819097,0.0021461804995117776,0.002066080551512411,0.005363951138869124,0.006447233028770175,0.010167488894842357,0.02149492230070937,0.0004019536246827079
2.6767241,0.01711458082595102,0.0021489667212431928,0.002071174121299084,0.0053698603987687036,0.006437515914856547,0.010176111838512011,0.02156641005857528,0.00046218191463317983
2.6771897,0.0170392922463575,0.0021518113390795106,0.0020762625270030212,0.005375502509310553,0.0064275931258420856,0.010184460879150382,0.02163664836258884,0.0005241409470619263
2.6776552,0.016962806424160624,0.002154712447321486,0.002081345197467935,0.0053808760076043795,0.006417464642300357,0.010192531424363032,0.021705619592331454,0.0005878400698325297
2.6781207,0.016885139883870717,0.0021576681487189705,0.0020864215637092327,0.005385979490239792,0.006407130501441379,0.010200318909512509,0.021773306366194043,0.0006532883006369423
2.6785862,0.016806309370555866,0.002160676554736045,0.002091491059067228,0.005390811614116129,0.006396590797280533,0.010207818799503186,0.021839691548918898,0.0007204943211542605
2.6790517,0.01672633184495601,0.002163735785811207,0.0020965531193568123,0.005395371097244133,0.006385845680792622,0.01021502659058437,0.02190475825910081,0.0007894664712462643
2.6795172,0.01664522447854213,0.002166843971612644,0.0021016071830133455,0.005399656719518463,0.0063748953600507976,0.010221937812171327,0.02196848987664221,0.0008602127431917062
2.6799828,0.016563004648521052,0.0021699992512886363,0.0021066526912345276,0.00540366732346008,0.006363740100350081,0.010228548028683896,0.02203087005015696,0.0009327407759613459
2.6804483,0.016479689932786316,0.0021731997737131246,0.0021116890881179968,0.005407401814927545,0.006352380224315296,0.010234852841402313,0.02209188270431733,0.0010070578495357347
2.6809138,0.01639529810481563,0.002176443697726499,0.0021167158207944076,0.00541085916379631,0.006340816111993218,0.010240847890339846,0.022151512047138663,0.001083170879267765
2.6813793,0.0163098471285155,0.0021797291923716625,0.002121732339555748,0.005414038404605143,0.006329048200928779,0.010246528856131752,0.0222097425771961,0.0011610864102920065
2.6818448,0.016223355153013628,0.002183054437125419,0.002126738097978657,0.005416938637168881,0.006317076986225125,0.010251891461940015,0.022266559090767763,0.0012408106119828537
2.6823103,0.016135840507400093,0.002186417622125241,0.0021317325530425153,0.005419559027156762,0.006304903020587296,0.01025693147537324,0.022321946688898694,0.0013223492724635127
2.6827759,0.016047321695418348,0.002189816948391452,0.002136715165242087,0.0054218988066357145,0.006292526914349317,0.010261644710421007,0.022375890784380036,0.001405707793167857
2.6832414,0.015957817390107546,0.002193250628044877,0.0021416853986945027,0.005423957274578027,0.006279949335484417,0.010266027029401987,0.022428377108637893,0.0014908911834571803
2.6837069,0.015867346428397763,0.002196716884520004,0.0021466427212403975,0.005425733797332989,0.006267171009598154,0.010270074344925025,0.022479391718526427,0.0015779040552938827
2.6841724,0.015775927805659968,0.0022002139527737,0.0021515866045390313,0.005427227809062154,0.006254192719904159,0.010273782621862461,0.02252892100301975,0.0016667506179741463
2.6846379,0.015683580670212683,0.0022037400794895023,0.0021565165241572517,0.005428438812137981,0.006241015307182203,0.010277147879334909,0.022576951689797124,0.0017574346729216602
2.6851034,0.015590324317787368,0.0022072935232775237,0.002161431959652192,0.005429366377505608,0.006227639669718263,0.010280166192706757,0.02262347085171584,0.0018499596085445025
2.685569,0.01549617818595466,0.0022108725548699703,0.002166332394647614,0.005430010145007588,0.0062140667632262225,0.010282833695591641,0.022668465913166295,0.0019443283951572907
2.6860345,0.015401161848513607,0.0022144754573122823,0.002171217316903841,0.005430369823671409,0.006200297600750801,0.010285146581867107,0.022711924656303627,0.0020405435799707486
2.6865,0.015305295009846002,0.0022181005261498908,0.002176086218381254,0.005430445191959675,0.006186333252551224,0.010287101107697722,0.02275383522715022,0.0021386072821508724
2.6869655,0.015208597499237921,0.00222174606961059,0.002180938595297337,0.005430236097982831,0.0061721748459651555,0.010288693593565842,0.02279418614156331,0.002238521187949902
2.687431,0.015111089265170343,0.0022254104087825193,0.002185773948177299,0.0054297424596743095,0.0061578235652523065,0.010289920426309183,0.022832966291061855,0.0023402865459113396
2.6878966,0.015012790369580798,0.002229091877787777,0.002190591781898321,0.005428964264927926,0.0061432806514171686,0.010290778061164381,0.022870164948506567,0.002443904162151288
2.6883621,0.01491372098209771,0.002232788823951682,0.002195391605727499,0.005427901571697341,0.006128547402010254,0.010291263023815712,0.02290577177362706,0.002549374395718419
2.6888276,0.014813901374249148,0.00223649960796774,0.0022001729333535882,0.005426554508057378,0.006113625170907233,0.010291371912448161,0.022939776818389896,0.002656697154034909
2.6892931,0.014713351913647553,0.0022402226040583693,0.0022049352829126524,0.005424923272226944,0.0060985153680653634,0.010291101399804029,0.022972170532201335,0.002765871888420702
2.6897586,0.014612093058152018,0.0022439562001314592,0.00220967817700776,0.0054230081325533485,0.006083219459256617,0.010290448235242253,0.023002943766938785,0.0028768975897035015
2.6902241,0.014510145350009742,0.002247698797932827,0.0022144011427228656,0.005420809427457841,0.006067738965776863,0.010289409246799516,0.023032087781805013,0.0029897727839169096
2.6906897,0.014407529409978269,0.00225144881319464,0.0022191037116310393,0.0054183275653422016,0.006052075464130485,0.010287981343252203,0.02305959424799955,0.003104495528089177
2.6911552,0.014304265931430216,0.0022552046757798655,0.0022237854197972354,0.005415563024456328,0.006036230585689811,0.01028616151617818,0.02308545525320214,0.00322106340612503
2.6916207,0.014200375674442321,0.002258964829822777,0.002228445807775798,0.005412516352726779,0.006020206016328702,0.010283946842017284,0.02310966330586342,0.003339473524783058
2.6920862,0.014095879459870637,0.0022627277338655694,0.0022330844206029207,0.005409188167546308,0.0060040034960297224,0.010281334484129304,0.023132211339298183,0.003459722509751139
2.6925517,0.013990798163413939,0.0022664918609910925,0.0022377008077842917,0.005405579155524509,0.00598762481846434,0.010278321694848288,0.023153092715576674,0.0035818065018223696
2.6930172,0.013885152709667422,0.0022702556989517182,0.0022422945232781293,0.005401690072199687,0.005971071830545651,0.010274905817531847,0.02317230122920934,0.0037057211531739344
2.6934828,0.013778964066168891,0.0022740177502943424,0.00224686512547384,0.005397521741712159,0.005954346431953235,0.010271084288604158,0.02318983111062053,0.003831461623751338
2.6939483,0.013672253237439697,0.0022777765324815194,0.002251412177166509,0.005393075056439154,0.005937450574629765,0.010266854639591348,0.023205677029406787,0.003959022577760397
2.6944138,0.013565041259022711,0.0022815305780087215,0.0022559352455274397,0.005388350976591578,0.0059203862622490755,0.010262214499147949,0.023219834097375783,0.0040883981802693784
2.6948793,0.013457349191519589,0.002285278434517733,0.0022604339020709475,0.005383350529772887,0.005903155549655384,0.0102571615950732,0.02323229787136258,0.00421958209392364
2.6953448,0.013349198114629658,0.002289018664906181,0.002264907722617612,0.005378074810500458,0.005885760542273432,0.010251693756315931,0.02324306435582068,0.004352567475775138
2.6958103,0.013240609121192754,0.0022927498474332297,0.0022693562872541954,0.005372524979689965,0.005868203395489316,0.010245808914966842,0.02325213000518621,0.004487346974229154
2.6962759,0.013131603311238308,0.002296470575821466,0.0022737791802904255,0.005366702264103566,0.00585048631400187,0.010239505108236959,0.023259491726014322,0.004623912726110611
2.6967414,0.013022201786043025,0.002300179459355027,0.0022781759902128387,0.005360607955762889,0.00583261155114459,0.010232780480421111,0.02326514687888746,0.004762256353852379
2.6972069,0.012912425642199563,0.00230387512297401,0.0022825463096358637,0.0053542434113280305,0.005814581408178244,0.010225633284845314,0.023269093280095476,0.004902368962807985
2.6976724,0.01280229596569862,0.002307556207365224,0.002286889735250316,0.005347610051443898,0.005796398233554468,0.01021806188579691,0.023271329203087766,0.005044241138691183
2.6981379,0.012691833826026825,0.0023112213690493232,0.002291205867769479,0.005340709360055176,0.005778064422150749,0.01021006476043642,0.0232718533796974,0.005187862945144872
2.6986034,0.012581060270282957,0.002314869280464355,0.0022954943118729315,0.005333542883691277,0.005759582414477236,0.010201640500689894,0.023270665001137312,0.005333223921441901
2.699069,0.012469996317314977,0.0023184986300457595,0.002299754676148304,0.005326112230722611,0.005740954695855833,0.010192787815120643,0.023267763718768514,0.0054803130803203325
2.6995345,0.012358662951880445,0.0023221081223028443,0.0023039865730311204,0.00531841907058945,0.0057221837955719725,0.010183505530779133,0.023263149644640345,0.0056291189059557425
2.7,0.01224708111883294,0.002325696477891748,0.002308189618742915,0.005310465133004694,0.005703272285999462,0.010173792595029813,0.023256823351802743,0.005779629352073178
2.7004655,0.012135271717337054,0.0023292624336849165,0.002312363433227798,0.005302252207131831,0.005684222781698827,0.010163648077353671,0.02324878587439072,0.005931831840201387
2.700931,0.0120232555951146,0.0023328047428371117,0.002316507640087663,0.005293782140739347,0.005665037938489523,0.010153071171125282,0.02323903870748132,0.006085713258071934
2.7013966,0.011911053542724669,0.002336322174847987,0.0023206218665162183,0.005285056839332903,0.005645720452496451,0.01014206119536304,0.023227583806723438,0.0062412599581657836
2.7018621,0.011798686287880125,0.0023398135156212814,0.002324705743232029,0.00527607826526654,0.005626273059171277,0.01013061759645127,0.023214423587741062,0.006398457756409966
2.7023276,0.011686174489803096,0.0023432775675206923,0.002328758904410765,0.005266848436834158,0.00560669853228901,0.010118739949832877,0.023199560925310572,0.006557291931026837
2.7027931,0.01157353873362192,0.0023467131494225033,0.0023327809876168473,0.0052573694273425255,0.005586999682920388,0.010106427961671214,0.02318299915231281,0.0067177472215384365
2.7032586,0.011460799524812035,0.0023501190967650724,0.002336771633734691,0.0052476433641669975,0.005567179358380666,0.010093681470479801,0.02316474205846071,0.0068798078279283794
2.7037241,0.011347977283683128,0.002353494261595303,0.002340730486899725,0.0052376724277911095,0.005547240441155466,0.01008050044871859,0.023144793888803406,0.00704345740996368
2.7041897,0.011235092339914836,0.0023568375126122414,0.002344657194429367,0.005227458850831206,0.005527185847804476,0.010066885004355387,0.023123159342007808,0.007208679086678833
2.7046552,0.011122164927143175,0.002360147735207964,0.002348551406754113,0.0052170049170472054,0.00550701852784383,0.010052835382391016,0.023099843568418734,0.007375455436024444
2.7051207,0.011009215177599762,0.0023634238315059395,0.0023524127773488722,0.005206312960340571,0.00548674146260808,0.01003835196634672,0.02307485216789881,0.007543768494682684
2.7055862,0.010896263116805867,0.002366664720397072,0.0023562409626646753,0.0051953853637405085,0.005466357664092747,0.01002343527971225,0.023048191187449378,0.0077135997580517965
2.7060517,0.01078332865832318,0.0023698693375736276,0.0023600356220608533,0.005184224558379396,0.005445870173778366,0.010008085987352998,0.02301986711861355,0.00788493018040186
2.7065172,0.01067043159856315,0.0023730366355612584,0.002363796417737777,0.005172833022458409,0.005425282061437033,0.009992304896874511,0.02298988689466273,0.008057740175203998
2.7069828,0.010557591611656704,0.0023761655837493266,0.0023675230146702362,0.005161213280204257,0.005404596423922375,0.009976092959942706,0.02295825788756776,0.008232009615635185
2.7074483,0.010444828244386193,0.002379255168419714,0.002371215080541538,0.0051493679008179265,0.0053838163839439075,0.009959451273558064,0.022924987904756087,0.008407717835260817
2.7079138,0.01033216091118131,0.0023823043927742897,0.002374872285678404,0.0051372994974163005,0.00536294508882672,0.009942381081282174,0.022890085185656377,0.008584843628897136
2.7083793,0.01021960888918081,0.0023853122769611876,0.002378494302986751,0.0051250107259674695,0.005341985709257398,0.009924883774414995,0.02285355839803211,0.008763365253655602
2.7088448,0.010107191313361857,0.0023882778581000392,0.002382080807888452,0.0051125042842205285,0.005320941438017069,0.00990696089312132,0.022815416634105763,0.00894326043017124
2.7093103,0.00999492717173877,0.00239120019030628,0.002385631478259189,0.005099782910630632,0.005299815488702456,0.009888614127504955,0.02277566940647532,0.009124506344016892
2.7097759,0.009882835300633035,0.0023940783447146496,0.0023891459943675255,0.005086849383280067,0.005278611094435817,0.009869845318629226,0.02273432664382529,0.009307079647305323
2.7102414,0.009770934380016347,0.0023969114095019933,0.0023926240388153367,0.005073706518796085,0.005257331506564639,0.009850656459482448,0.022691398686434595,0.009490956460480964
2.7107069,0.009659242928928467,0.002399698489909449,0.0023960652964797407,0.005060357171266242,0.005235979993352037,0.009831049695887028,0.02264689628148427,0.009676112374303047
2.7111724,0.009547779300971686,0.0024024387082641064,0.0023994694544566854,0.0050468042311519416,0.0052145598386587845,0.009811027327350867,0.022600830578168203,0.009862522452021835
2.7116379,0.009436561679883586,0.00240513120400021,0.0024028362020063446,0.005033050624200895,0.005193074340618025,0.00979059180785979,0.0225532131226105,0.010050161231749535
2.7121034,0.009325608075189819,0.0024077751336799603,0.0024061652305004608,0.005019099310359171,0.005171526810303715,0.009769745746609736,0.022504055852592988,0.010239002729027455
2.712569,0.00921493631793852,0.0024103696710139773,0.0024094562333717763,0.005004953282683471,0.005149920570393865,0.009748491908677482,0.022453371092096504,0.0104290204395909
2.7130345,0.009104564056517958,0.002412914006881499,0.002412708906065674,0.004990615566254245,0.005128258953829641,0.009726833215628764,0.02240117154565943,0.010620187342333205
2.7135,0.008994508752558972,0.0024154073493503855,0.0024159229459941338,0.004976089217090225,0.005106545302471389,0.00970477274606264,0.02234747029255678,0.01081247590247029
2.7139655,0.00888478767692365,0.002417848923697017,0.002419098052492096,0.004961377321064918,0.005084782965752582,0.009682313736091025,0.022292280780803198,0.011005858074907025
2.714431,0.00877541790578166,0.0024202379724261535,0.0024222339267763013,0.004946482992825624,0.005062975299332679,0.009659459579752314,0.02223561682098293,0.011200305307806623
2.7148966,0.008666416316775524,0.002422573755290824,0.0024253302719066763,0.004931409374715458,0.005041125663749839,0.00963621382935798,0.022177492579909988,0.01139578854636417
2.7153621,0.008557799585276133,0.0024248555493123023,0.0024283867927503274,0.004916159635698884,0.005019237423074399,0.009612580195770958,0.022117922574121856,0.011592278236785342
2.7158276,0.008449584180729646,0.0024270826488001934,0.002431403195948193,0.004900736970291234,0.004997313943564006,0.009588562548614638,0.022056921663210504,0.011789744330471285
2.7162931,0.008341786363096914,0.0024292543653726645,0.002434379189884421,0.004885144597492642,0.004975358592321274,0.009564164916411185,0.02199450504299501,0.011988156288410498
2.7167586,0.00823442217938644,0.0024313700279768153,0.002437314484658527,0.0048693857597268105,0.004953374735954802,0.009539391486647874,0.021930688238540778,0.01218748308577858
2.7172241,0.008127507460281867,0.002433428982909181,0.0024402087920603875,0.004853463721784967,0.0049313657392444366,0.009514246605770119,0.021865487097030973,0.012387693216746574
2.7176897,0.008021057816864909,0.002435430593836342,0.0024430618255481284,0.004837381769775378,0.004909334963811624,0.00948873477909972,0.021798917780496484,0.012588754699498658
2.7181552,0.007915088637434594,0.0024373742418155936,0.0024458733002289674,0.004821143210078679,0.004887285766795789,0.009462860670676882,0.021730996758411034,0.012790635081459861
2.7186207,0.007809615084423581,0.002439259325315647,0.002448642932843053,0.0048047513683093235,0.004865221499537646,0.009436629103024447,0.02166174080015831,0.012993301444734493
2.7190862,0.007704652091412291,0.0024410852602372948,0.0024513704417503447,0.0047882095882833525,0.004843145506270366,0.009410045056832735,0.021591166967378093,0.013196720411755852
2.7195517,0.007600214360241472,0.002442851479934,0.002454055546920552,0.004771521230992687,0.004821061122819533,0.00938311367056347,0.021519292606198174,0.013400858151147834
2.7200172,0.007496316358223793,0.0024445574352323592,0.0024566979699261384,0.004754689673586093,0.004798971675312788,0.009355840239971271,0.021446135339359042,0.013605680383798889
2.7204828,0.007392972315454986,0.0024462025944523985,0.0024592974339383814,0.004737718308356918,0.004776880478900033,0.009328230217541452,0.021371713058238054,0.013811152389148748
2.7209483,0.007290196222224981,0.0024477864434276652,0.0024618536637264574,0.004720610541737683,0.0047547908364850445,0.009300289211843072,0.02129604391477988,0.014017239011688203
2.7214138,0.0071880018265294094,0.002449308485525074,0.0024643663856595277,0.004703369793301551,0.004732706037469331,0.00927202298679659,0.021219146313339925,0.014223904667672146
2.7218793,0.007086402631681791,0.002450768241664461,0.002466835327711775,0.004685999494770711,0.004710629356509036,0.009243437460855774,0.021141038902447444,0.014431113352045973
2.7223448,0.006985411894026667,0.0024521652503378113,0.0024692602194703647,0.004668503089031637,0.004688564052285656,0.009214538706103973,0.021061740566495013,0.014638828645585392
2.7228103,0.006885042620753872,0.0024534990676281176,0.0024716407921462923,0.004650884029157208,0.004666513366291339,0.009185332947265167,0.020981270417361038,0.014847013722249554
2.7232759,0.006785307567814091,0.0024547692672278187,0.0024739767785881004,0.00463314577743564,0.00464448052162947,0.009155826560630484,0.020899647785971955,0.015055631356747421
2.7237414,0.006686219237935786,0.002455975440456771,0.0024762679132984563,0.004615291804406161,0.0046224687218312365,0.00912602607290114,0.020816892213810875,0.015264643932317171
2.7242069,0.006587789878743542,0.0024571171962796917,0.002478513932453598,0.004597325587901332,0.004600481149688841,0.009095938159948807,0.020733023444379373,0.015474013448718401
2.7246724,0.006490031480977814,0.0024581941613230104,0.0024807145739256685,0.0045792506120959165,0.00457852096610602,0.009065569645494476,0.020648061414619022,0.015683701530436824
2.7251379,0.0063929557768160365,0.0024592059798910475,0.0024828695773079675,0.004561070366562196,0.004556591308966505,0.009034927499706908,0.020562026246299252,0.01589366943510111
2.7256034,0.006296574238294992,0.0024601523139814447,0.0024849786839431717,0.004542788345331646,0.004534695292021069,0.009004018837721632,0.020474938237378,0.01610387806211146
2.726069,0.006200898075834323,0.002461032843299755,0.0024870416369545483,0.004524408045962931,0.004512836003793777,0.008972850918081532,0.020386817853341444,0.016314287961479403
2.7265345,0.006105938236861005,0.0024618472652730926,0.0024890581812802193,0.004505932968616214,0.004491016506508064,0.008941431141099906,0.020297685718528954,0.016524859342878256
2.727,0.006011705404534595,0.002462595295062731,0.002491028063710517,0.00448736661513385,0.004469239835033238,0.008909767047147006,0.02020756260744935,0.016735552084903595
2.7274655,0.005918209996573017,0.0024632766655755213,0.002492951032928475,0.004468712488127561,0.004447508995851964,0.008877866314860969,0.020116469436094308,0.016946325744542984
2.727931,0.005825462164178575,0.0024638911274740133,0.0024948268395534926,0.004449974090072227,0.004425826966049295,0.008845736759284089,0.02002442725325469,0.017157139566854142
2.7283966,0.005733471791063916,0.0024644384491851424,0.0024966552361882144,0.0044311549224064425,0.004404196692323771,0.008813386329925295,0.01993145723184539,0.01736795249485054
2.7288621,0.005642248492577541,0.002464918416907366,0.0024984359774686406,0.004412258484639975,0.0043826210900211,0.008780823108749681,0.019837580660244207,0.017578723179593494
2.7293276,0.005551801614928467,0.002465330834616119,0.002500168820117483,0.004393288273468302,0.004361103042190918,0.008748055308095871,0.019742818933650062,0.01778940999048947
2.7297931,0.005462140234509585,0.0024656755240674865,0.0025018535230007712,0.004374247781894402,0.004339645398667107,0.00871509126852202,0.01964719354546585,0.01799997102579146
2.7302586,0.005373273157319211,0.0024659523247999734,0.00250348984718769,0.004355140498358058,0.004318250975172106,0.008681939456581292,0.019550726078711105,0.01821036412330297
2.7307241,0.005285208918480302,0.0024661610941342856,0.0025050775560136206,0.004335969905872942,0.004296922552445681,0.00864860846252769,0.01945343819746956,0.01842054687128321
2.7311897,0.0051979557818567345,0.0024663017071710354,0.0025066164151463437,0.004316739481171801,0.00427566287539852,0.008615106997953266,0.019355351638376535,0.01863047661955183
2.7316552,0.005111521739766029,0.0024663740567862974,0.00250810619265533,0.004297452693860112,0.004254474652291044,0.008581443893357769,0.019256488202150934,0.018840110490791522
2.7321207,0.005025914512787837,0.0024663780536249374,0.0025095466590840387,0.00427811300557855,0.0042333605539378,0.008547628095651955,0.0191568697451767,0.019049405392046588
2.7325862,0.0049411415496674865,0.002466313626091658,0.0025109375875251227,0.004258723869174657,0.0042123232129377495,0.008513668665595879,0.019056518171138223,0.019258318026415464
2.7330517,0.0048572100273138056,0.0024661807203396886,0.002512278753698422,0.004239288727884059,0.004191365222930791,0.008479574775173623,0.018955455422714207,0.019466804904935048
2.7335172,0.004774126850890428,0.0024659793002570463,0.0025135699360316205,0.004219811014521617,0.0041704891378807896,0.008445355704906014,0.018853703473334385,0.019674822358654493
2.7339828,0.0046918986539997345,0.0024657093474502864,0.0025148109157434335,0.004200294150682822,0.00414969747138538,0.008411020841102993,0.018751284319003282,0.01988232655089605
2.7344483,0.00461053179895855,0.002465370861225661,0.0025160014769291836,0.004180741545955791,0.004128992696012785,0.008376579673057423,0.018648219970195168,0.020089273489700354
2.7349138,0.00453003237716465,0.0024649638585675948,0.0025171414066486493,0.004161156597144118,0.004108377242665854,0.008342041790182157,0.018544532443824216,0.020295619040453478
2.7353793,0.004450406209553143,0.002464488374114405,0.0025182304950160735,0.004141542687500864,0.004087853499973507,0.008307416879092255,0.01844024375529374,0.020501318938692937
2.7358448,0.004371658847141706,0.0024639444601311975,0.002519268535292248,0.004121903185973906,0.004067423813709739,0.008272714720634271,0.018335375910628296,0.02070632880308968
2.7363103,0.0042937955716636595,0.0024633321864798723,0.0025202553239786073,0.004102241446462853,0.004047090486240305,0.008237945186864543,0.01822995089869227,0.020910604148603098
2.7367759,0.00421682139628778,0.002462651640586183,0.0025211906609132625,0.004082560807087722,0.004026855775997175,0.00820311823797841,0.018123990683498493,0.02111410039980584
2.7372414,0.004140741066423756,0.00246190292740377,0.002522074349368906,0.004062864589469561,0.004006721896980852,0.008168243919192408,0.018017517196610204,0.021316772904375232
2.7377069,0.004065559060612112,0.0024610861693750894,0.0025229061961525075,0.004043156098023223,0.003986691018290589,0.008133332357581515,0.01791055232963971,0.021518576946747876
2.7381724,0.003991279591497432,0.0024602015063891285,0.0025236860117067053,0.004023438619262481,0.003966765263682572,0.008098393758873673,0.017803117926846836,0.021719467761934015
2.7386379,0.003917906606883632,0.0024592490957358027,0.00252441361021278,0.004003715421117708,0.003946946711156105,0.008063438404203906,0.017695235777840327,0.02191940054948806
2.7391034,0.003845443790870053,0.0024582291120569203,0.0025250888096951004,0.003983989752266337,0.00392723739256785,0.00802847664683038,0.0175869276103852,0.022118330487631607
2.739569,0.003773894565067073,0.002457141747293584,0.0025257114321269036,0.003964264841476311,0.003907639293274127,0.007993518908814801,0.01747821508331896,0.022316212747525092
2.7400345,0.0037032620898899585,0.0024559872106299087,0.0025262813035372873,0.003944543896962716,0.0038881543518012843,0.007958575677669468,0.01736911977957947,0.022513002507684118
2.7405,0.003633549265929638,0.002454765728432926,0.002526798254119271,0.003924830105757778,0.0038687844595440765,0.007923657502973329,0.017259663199347068,0.02270865496853631
2.7409655,0.0035647587353990766,0.0024534775441885444,0.002527262118338796,0.003905126633094365,0.003849531460492018,0.007888774992959228,0.017149866753303537,0.022903125367114426
2.741431,0.003496892883653929,0.002452122918433414,0.0025276727350445147,0.0038854366218031323,0.0038303971509835917,0.007853938811074584,0.017039751756010194,0.023096368991881274
2.7418966,0.003429953840786121,0.0024507021286825506,0.0025280299475782175,0.0038657631917234227,0.003811383279488207,0.00781915967251761,0.016929339419407417,0.023288341197681688
2.7423621,0.0033639434832890037,0.002449215469352545,0.002528333603885749,0.003846109439128016,0.003792491546415756,0.007784448340751215,0.016818650846437667,0.023478997420816754
2.7428276,0.003298863435792706,0.002447663251680194,0.0025285835566282687,0.0038264784361618466,0.0037737236039535856,0.007749815623996624,0.01670770702479412,0.023668293194235242
2.7432931,0.003234715072868312,0.0024460458036363714,0.002528779663293711,0.0038068732302947985,0.0037550810559306975,0.00771527237170878,0.016596528820796812,0.02385618416283696
2.7437586,0.003171499520899462,0.002444363469834967,0.0025289217863083105,0.0037872968437887285,0.003736565457708956,0.007680829471035507,0.01648513697339819,0.024042626098882556
2.7442241,0.0031092176600199892,0.002442616611436754,0.0025290097931480594,0.0037677522731788854,0.0037181783161010754,0.007646497843262413,0.01637355208831982,0.024227574917504147
2.7446897,0.003047870126116161,0.0024408056060480255,0.002529043556449945,0.0037482424887699418,0.0036999210893151275,0.007612288440245446,0.016261794632321913,0.024410986692310916
2.7451552,0.002987457312892092,0.0024389308476138833,0.0025290229541228256,0.003728770434146866,0.0036817951869252963,0.007578212240833008,0.016149884927607248,0.02459281767108368
2.7456207,0.002927979373996854,0.0024369927463060593,0.002528947869457791,0.0037093390257008775,0.0036638019698685704,0.007544280247279491,0.016037843146360913,0.0247730242915522
2.7460862,0.002869436225211813,0.0024349917284051553,0.0025288181912378744,0.003689951152170731,0.0036459427504670627,0.007510503481652096,0.015925689305427194,0.024951563197248908
2.7465517,0.002811827546696689,0.0024329282361771867,0.002528633813846977,0.0036706096741995643,0.003628218792475589,0.007476892982232758,0.015813443261124802,0.025128391253432508
2.7470172,0.0027551527852928406,0.0024308027277443085,0.002528394637377879,0.003651317423907513,0.0036106313111541354,0.007443459799917006,0.015701124704201486,0.025303465563074792
2.7474828,0.0026994111568822772,0.002428615676949603,0.002528100567739223,0.003632077204480274,0.0035931814733648195,0.007410214994611542,0.015588753154928999,0.02547674348290368
2.7479483,0.002644601648800901,0.0024263675732158043,0.0025277515167613507,0.0036128917897737915,0.0035758703976929095,0.007377169631632289,0.015476347958339236,0.025648182639495573
2.7484138,0.002590723022304482,0.0024240589213978562,0.002527347402300882,0.0035937639239352385,0.003558699154591459,0.007344334778104645,0.01536392827960228,0.025817740945409704
2.7488793,0.002537773815085866,0.0024216902416291995,0.0025268881483439198,0.0035746963210404195,0.003541668766549081,0.007311721499367587,0.01525151309954695,0.025985376615357093
2.7493448,0.0024857523438419266,0.0024192620691617034,0.0025263736851077927,0.0035556916647477444,0.0035247802082803677,0.007279340855383261,0.015139121210324416,0.026151048182396483
2.7498103,0.002434656706888773,0.002416774954199168,0.0025258039491412474,0.0035367526079688777,0.0035080344069384315,0.007247203897153594,0.015026771211215283,0.026314714514149427
2.7502759,0.0023844847868237104,0.0024142294617243393,0.0025251788834230165,0.003517881772556178,0.0034914322423490545,0.007215321663145444,0.014914481504580494,0.026476334829026515
2.7507414,0.0023352342532324643,0.00241162617131938,0.002524498437458705,0.003499081749007002,0.0034749745472659166,0.007183705175725733,0.014802270291956281,0.026635868712456493
2.7512069,0.0022869025654401656,0.0024089656769797673,0.0025237625673759337,0.003480355096184947,0.003458662107646359,0.007152365437607998,0.014690155570293323,0.026793276133109875
2.7516724,0.0022394869753046016,0.002406248586921591,0.0025229712360176643,0.00346170434105806,0.0034424956629471436,0.007121313428311745,0.014578155128340167,0.026948517459108312
2.7521379,0.0021929845300502366,0.0024034755233822746,0.0025221244130336413,0.0034431319784540525,0.0034264759064396365,0.007090560100635957,0.014466286543170838,0.027101553474210883
2.7526034,0.002147392075141522,0.0024006471224147655,0.002521222074969856,0.0034246404708325076,0.003410603485543861,0.007060116377148103,0.014354567176856453,0.027252345393968244
2.753069,0.0021027062571940176,0.0023977640336752645,0.0025202642053559327,0.0034062322480740807,0.0033948790021808262,0.007029993146689954,0.014243014173280538,0.027400854881835267
2.7535345,0.002058923526921866,0.0023948269202046,0.002519250794790337,0.0033879097072866482,0.0033793030131425493,0.007000201260901469,0.014131644455097599,0.027547044065232715
2.754,0.002016040142120164,0.00239183645820336,0.0025181818410233013,0.0033696752126283645,0.003363876030479205,0.006970751530763998,0.014020474720834463,0.027690875551548328
2.7544655,0.001974052170680774,0.002388793336800896,0.0025170573490373473,0.0033515310951475635,0.003348598521902863,0.006941654723163987,0.013909521442133687,0.027832312444067406
2.754931,0.0019329554936401531,0.0023856982578183217,0.0025158773311252827,0.003333479652639442,0.0033334709112073035,0.006912921557478375,0.013798800861138313,0.027971318357822798
2.7553966,0.0018927458082577497,0.002382551935525596,0.002514641806965543,0.003315523149519456,0.003318493578703434,0.00688456270218278,0.013688328988017114,0.02810785743535399
2.7558621,0.001853418631123557,0.0023793550963927884,0.0025133508036947346,0.0032976638167133416,0.003303666861669839,0.006856588771483597,0.013578121598629471,0.028241894362364843
2.7563276,0.0018149693012933761,0.002376108478835599,0.0025120043559772338,0.0032799038515636484,0.0032889910548180175,0.006829010321975074,0.013468194232328954,0.02837339438326908
2.7567931,0.0017773929834503537,0.002372812832955196,0.0025106025060717043,0.00326224541775265,0.003274466410771861,0.006801837849322477,0.013358562189904695,0.028502323316612652
2.7572586,0.0017406846710913376,0.002369468920272456,0.0025091453038943896,0.0032446906452414715,0.003260093140560912,0.006775081784972399,0.013249240531659658,0.028628647570361838
2.7577241,0.0017048391897365902,0.0023660775134566885,0.002507632807079074,0.003227241630225243,0.0032458714141269697,0.006748752492891317,0.013140244075624788,0.028752334157045735
2.7581897,0.0016698512001613968,0.0023626393960489473,0.0025060650810335965,0.003209900435104074,0.0032318013608435988,0.006722860266333438,0.013031587395907988,0.02887335070874168
2.7586552,0.0016357152016481151,0.0023591553621800476,0.0025044421989928374,0.0031926690884696075,0.0032178830700480944,0.006697415324638873,0.012923284821176733,0.028991665491891954
2.7591207,0.0016024255352572521,0.0023556262162834165,0.0025027642420680936,0.0031755495851069153,0.003204116591585486,0.006672427810063136,0.012815350433273096,0.02910724742194011
2.7595862,0.0015699763871161794,0.0023520527728029044,0.002501031299292789,0.003158543886011469,0.0031905019363641335,0.006647907784638887,0.012707798065959865,0.029220066077774973
2.7600517,0.001538361791724155,0.0023484358558957088,0.002499243467664474,0.003141653918420903,0.0031770390769224515,0.006623865227070811,0.012600641303796258,0.029330091715970247
2.7605172,0.0015075756352723564,0.0023447762991305686,0.00249740085218311,0.0031248815758612943,0.003163727948006278,0.006600310029664493,0.012493893481141785,0.029437295284807527
2.7609828,0.001477611658977665,0.0023410749451814213,0.0024955035658856418,0.00310822871820765,0.0031505684471564046,0.0065772519952900545,0.012387567681286705,0.029541648438070466
2.7614483,0.0014484634624289826,0.002337332645516745,0.002493551729876897,0.003091697171758326,0.0031375604353057617,0.00655470083438137,0.01228167673570747,0.029643123548597702
2.7619138,0.001420124506944881,0.002333550260084833,0.0024915454733568654,0.00307528872932305,0.003124703737385732,0.006532666161971578,0.01217623322344558,0.02974169372158209
2.7623793,0.0013925881189414098,0.0023297286569952747,0.002489484933644414,0.0030590051503242136,0.003111998142941069,0.006511157494765619,0.012071249470608201,0.029837332807603718
2.7628448,0.0013658474933088977,0.0023258687121969447,0.002487370256197491,0.0030428481609110947,0.003099443406752886,0.006490184248250461,0.01196673754998894,0.029930015415384332
2.7633103,0.0013398956967966061,0.0023219713091527858,0.0024852015946298794,0.0030268194540866568,0.0030870392494691443,0.006469755733843696,0.011862709280807002,0.030019716924250733
2.7637759,0.0013147256714040952,0.0023180373385117,0.0024829791107245625,0.003010920689846568,0.0030747853582420792,0.006449881156081114,0.011759176228562969,0.030106413496295233
2.7642414,0.0012903302377781885,0.0023140676977778346,0.0024807029744437687,0.0029951534953300734,0.003062681387371995,0.006430569609843876,0.011656149705009326,0.03019008208822161
2.7647069,0.0012667020986144384,0.002310063290977559,0.002478373363935763,0.002979519464982345,0.0030507269589568503,0.0064118300776258505,0.011553640768233854,0.030270700462865476
2.7651724,0.0012438338420620182,0.002306025028324407,0.002475990465538464,0.002964020160727942,0.003038921663547074,0.006393671426841698,0.011451660222853847,0.030348247200378268
2.7656379,0.0012217179451309817,0.0023019538258822747,0.0024735544737799525,0.0029486571121549923,0.003027265060805036,0.00637610240717621,0.011350218620319173,0.030422701709064397
2.7661034,0.0012003467771008465,0.0022978506052271476,0.002471065591375918,0.0029334318167096992,0.0030157566801685986,0.0063591316479754655,0.011249326259322033,0.030494044235861453
2.766569,0.0011797126029294525,0.0022937162931076357,0.002468524029224102,0.0029183457399007923,0.0030043960215181543,0.006342767655680293,0.011148993186311287,0.030562255876454107
2.7670345,0.0011598075866610567,0.002289551821104588,0.002465930006395775,0.002903400315513555,0.002993182555846542,0.006327018811302553,0.011049229196109041,0.03062731858501336
2.7675,0.0011406237948326202,0.0022853581252900404,0.0024632837501242883,0.0028885969458330575,0.0029821157259312323,0.00631189336794475,0.01095004383262724,0.030689215183553848
2.7679655,0.0011221531998772496,0.00228113614588574,0.0024605854957907417,0.002873937001876261,0.0029711949470081775,0.006297399448363466,0.010851446389681855,0.03074792937090288
2.768431,0.001104387683523747,0.002276886826921475,0.002457835486906798,0.002859421823632657,0.0029604196074467237,0.0062835450425770805,0.010753445911902308,0.030803445731275574
2.7688966,0.001087319040191227,0.002272611115893421,0.002455033975094684,0.0028450527203131458,0.002949789069425019,0.006270338005518193,0.010656051195733632,0.030855749742450547
2.7693621,0.0010709389803777536,0.002268309963422723,0.002452181220064407,0.0028308309706068465,0.0029393026696053507,0.006257786054731143,0.010559270790528987,0.030904827783540947
2.7698276,0.0010552391340419535,0.0022639843229145242,0.0024492774895882178,0.00281675782294555,0.0029289597198088966,0.006245896768115007,0.010463112999729999,0.030950667142355472
2.7702931,0.0010402110539765718,0.0022596351502176754,0.002446323059472333,0.002802834495775517,0.002918759507689397,0.0062346775817124335,0.010367585882132425,0.030993256022344286
2.7707586,0.0010258462191729484,0.002255263403285349,0.002443318213525947,0.0027890621778363127,0.0029087012974053136,0.006224135787544664,0.010272697253234563,0.031032583549124707
2.7712241,0.0010121360381754093,0.002250870041836779,0.002440263243527526,0.002775442028446348,0.002898784330290091,0.006214278531493146,0.010178454686665853,0.031068639776581673
2.7716897,0.0009990718524245912,0.002246456027020352,0.0024371584491884,0.0027619751777948004,0.002889007825520156,0.006205112811228143,0.010084865515693129,0.031101415692537923
2.7721552,0.000986644939588732,0.0022420223210782506,0.002434004138113638,0.0027486627272395514,0.002879370980780293,0.006196645474184826,0.009991936834802023,0.03113090322398897
2.7726207,0.0009748465168819875,0.0022375698870128473,0.0024308006257602118,0.0027355057496107915,0.0028698729729260447,0.006188883215587327,0.009899675501351074,0.031157095241897838
2.7730862,0.0009636677443688531,0.0022330996882550464,0.0024275482353924376,0.0027225052895199424,0.0028605129586427767,0.006181832576521306,0.009808088137296177,0.03117998556554444
2.7735517,0.0009530997282537818,0.002228612688334762,0.0024242472980347154,0.0027096623636735646,0.002851290075101066,0.0061754999420555335,0.00971718113098296,0.03119956896642455
2.7740172,0.0009431335241551083,0.0022241098505537157,0.002420898152421591,0.002696977961191915,0.002842203440608077,0.006169891539412973,0.009626960639004662,0.031215841171692973
2.7744828,0.0009337601403623917,0.0022195921376607325,0.0024175011449451937,0.002684453043931844,0.002833252155254599,0.006165013436191833,0.009537432588123042,0.031228798867145576
2.7749483,0.0009249705410763037,0.0022150605115297014,0.0024140566296001094,0.0026720885468137405,0.0028244353015574176,0.006160871538636994,0.00944860267724977,0.031238439699734555
2.7754138,0.0009167556496301938,0.0022105159328403563,0.002410564967925746,0.0026598853781522355,0.0028157519450966863,0.006157471589962161,0.00936047637948574,0.03124476227961156
2.7758793,0.00090910635169247,0.0022059593607620318,0.0024070265289462558,0.0026478444199903965,0.002807201135147976,0.006154819168723093,0.0092730589442157,0.031247766181693063
2.7763448,0.0009020134984489361,0.002201391752640538,0.0024034416891080637,0.0026359665284371317,0.002798781905308657,0.006152919687242158,0.009186355399255693,0.03124745194674255
2.7768103,0.000895467909764229,0.0021968140636883012,0.002399810832215048,0.002624252534007539,0.0027904932741183047,0.006151778390084445,0.009100370553050846,0.031243821081964062
2.7772759,0.0008894603773214923,0.0021922272466779074,0.0023961343493614133,0.0026127032419659122,0.0027823342456728254,0.006151400352585612,0.009015108996921284,0.031236876061101638
2.7777414,0.0008839816677394258,0.002187632251639191,0.002392412638862302,0.002601319432671127,0.002774303810232064,0.006151790479431573,0.008930575107354144,0.03122662032403914
2.7782069,0.0008790225256658411,0.002183030025559995,0.0023886461061821654,0.0025901018619241237,0.0027664009448207416,0.00615295350329012,0.008846773048339786,0.031213058275894878
2.7786724,0.0008745736768468636,0.002178421512090731,0.002384835163860934,0.002579051261317224,0.002758624613822655,0.0061548939834944975,0.008763706773750376,0.031196195285605553
2.7791379,0.0008706258311709178,0.002173807651252867,0.002380980231438,0.0025681683385850385,0.002750973769568137,0.006157616304778927,0.008681380029759047,0.031176037683994226
2.7796034,0.0008671696856866419,0.0021691893791514595,0.0023770817353740187,0.0025574537779567068,0.002743447352914845,0.0061611246760660595,0.00859979635729774,0.031152592761317776
2.780069,0.0008641959275938806,0.0021645676276918677,0.002373140108970551,0.0025469082405092484,0.0027360442938219472,0.0061654231293063475,0.00851895909455186,0.031125868764290385
2.7805345,0.0008616952372069029,0.0021599433243007613,0.0023691557922875424,0.0025365323645217997,0.0027287635119177703,0.0061705155183693254,0.008438871379489772,0.031095874892580994
2.781,0.000859658290888999,0.002155317391651542,0.002365129232058645,0.00252632676583052,0.002721603917060976,0.006176405517986765,0.008359536152425115,0.03106262129478403
2.7814655,0.0008580757639576071,0.002150690747394293,0.0023610608816043736,0.0025162920381839654,0.0027145644098953005,0.006183096622747679,0.008280956158609895,0.03102611906386392
2.781931,0.000856938333559119,0.0021460643038903665,0.0023569512007430744,0.002506428753598725,0.002707643882397871,0.00619059214614513,0.008203133950856234,0.030986380232074964
2.7823966,0.000856236681512515,0.0021414389679517082,0.0023528006556996716,0.0024967374627151017,0.002700841218421113,0.0061988952196747665,0.008126071892184651,0.030943417765359058
2.7828621,0.0008559614971209753,0.0021368156405850193,0.002348609719012145,0.002487218695152623,0.0026941552942282214,0.006208008791984996,0.008049772158496738,0.03089724555722539
2.7833276,0.0008561034799506226,0.0021321952167408413,0.0023443788694356843,0.0024778729598651287,0.0026875849790221652,0.006217935628078714,0.00797423674127003,0.03084787842211827
2.7837931,0.0008566533425755478,0.002127578585067654,0.0023401085918444533,0.002468700745495176,0.002681129135468176,0.006228678308566509,0.00789946745027284,0.03079533208828183
2.7842586,0.0008576018132882757,0.0021229666276710696,0.0023357993771309085,0.002459702520727483,0.002674786620209657,0.006240239228971262,0.007825465916296775,0.0307396231901327
2.7847241,0.0008589396387748324,0.002118360219878215,0.0023314517221025865,0.0024508787346411076,0.002668556284377444,0.0062526205990840545,0.0077522335939046345,0.030680769260153277
2.7851897,0.0008606575867535863,0.002113760230007389,0.0023270661293762866,0.0024422298170600435,0.0026624369740923482,0.006265824442371281,0.007679771764191293,0.030618788720319402
2.7856552,0.0008627464485770688,0.002109167519143098,0.0023226431072695545,0.00243375617890191,0.002656427530960883,0.006279852595432827,0.007608081537555148,0.03055370087307645
2.7861207,0.0008651970417960226,0.00210458294091657,0.0023181831696893777,0.0024254582125243984,0.0026505267925641006,0.006294706707511154,0.007537163856477685,0.030485525891878446
2.7865862,0.0008680002126850022,0.002100007341291834,0.002313686836018015,0.0024173362920691336,0.0026447335929394283,0.006310388240051051,0.007467019498308708,0.030414284811304683
2.7870517,0.0008711468387289256,0.0020954415583574553,0.0023091546309958948,0.0024093907738025984,0.002639046763055404,0.0063268984663098,0.007397649078054852,0.030339999516768495
2.7875172,0.0008746278310700648,0.0020908864221239943,0.0023045870846015587,0.0024016219964537833,0.002633465131279189,0.006344238471017415,0.007329053051169109,0.03026269273383256
2.7879828,0.0008784341369150277,0.0020863427543272466,0.0022999847319286598,0.002394030281548226,0.002627987523836731,0.006362409150086613,0.007261231716339198,0.030182388017144943
2.7884483,0.0008825567419013482,0.0020818113682373263,0.0022953481130600683,0.0023866159337381098,0.002622612765265444,0.0063814112103720766,0.007194185218272748,0.030099109739009863
2.7889138,0.0008869866724233557,0.0020772930684736283,0.0022906777729391724,0.0023793792411281422,0.0026173396788592676,0.006401245169478543,0.007127913550477386,0.03001288307760707
2.7893793,0.0008917149979170403,0.002072788650825708,0.002285974261238511,0.0023723204755969345,0.002612167087105962,0.0064219113556172,0.007062416558033886,0.029923734004873335
2.7898448,0.0008967328331036802,0.002068298902080096,0.0022812381322258974,0.0023654398931136572,0.002607093812116513,0.006443409907509837,0.0069976939403605725,0.02983168927405948
2.7903103,0.0009020313401920384,0.002063824599853061,0.0022764699446282148,0.002358737734049766,0.002602118676046515,0.006465740774340133,0.0069337452539673175,0.02973677640697623
2.7907759,0.000907601731038972,0.002059366512429326,0.0022716702614930693,0.002352214223485622,0.0025972405015094128,0.00648890371575146,0.006870569915197494,0.0296390236809419
2.7912414,0.0009134352692683288,0.0020549253986067305,0.002266839650048502,0.0023458695715118556,0.0025924581119814707,0.006512898301890524,0.0068081672029564125,0.029538460115444837
2.7917069,0.000919523272348013,0.0020505020075468365,0.002261978681560936,0.0023397039735253305,0.0025877703321983505,0.006537723913496165,0.006746536261424825,0.0294351154585333
2.7921724,0.0009258571136251275,0.002046097078631462,0.0022570879311915393,0.0023337176105195775,0.0025831759885431857,0.006563379742032633,0.00668567610275616,0.029329020172945197
2.7926379,0.0009324282243191015,0.002041711341325134,0.002252167977851168,0.002327910649369572,0.0025786739094260376,0.006589864789866715,0.006625585609756155,0.029220205421990067
2.7931034,0.0009392280954727272,0.002037345515043431,0.0022472194040540484,0.0023222832431107326,0.0025742629256546327,0.006617177870488107,0.006566263538543613,0.02910870305519519
2.793569,0.0009462482798610346,0.002033000309027191,0.0022422427957703482,0.0023168355312120172,0.0025699418707962845,0.006645317608772514,0.006507708521191074,0.028994545593727716
2.7940345,0.0009534803938579335,0.002028676422222538,0.0022372387422777717,0.002311567639842993,0.0025657095815308775,0.006674282441287089,0.006449919068344255,0.02887776621560446
2.7945,0.0009609161192605592,0.0020243745431666937,0.0022322078360123157,0.0023064796821347573,0.002561564897994801,0.006704070616637859,0.006392893571819152,0.028758398740700804
2.7949655,0.0009685472050712648,0.002020095349879528,0.002227150672418304,0.002301571758434592,0.0025575066641156914,0.006734680195858905,0.006336630307175735,0.028636477615570168
2.795431,0.0009763654692372086,0.002015839509760797,0.00222206784979782,0.0022968439565542145,0.002553533727937833,0.006766109052843106,0.0062811274362671865,0.028512037898085308
2.7958966,0.0009843628003475017,0.002011607679493025,0.002216959969159647,0.0022922963520115107,0.0025496449419380542,0.006798354874814288,0.006226383009763656,0.028385115241912628
2.7963621,0.000992531159287879,0.002007400504949972,0.0022118276340678273,0.0022879290082656197,0.0025458391633319385,0.006831415162840659,0.006172394969649496,0.028255745880830598
2.7968276,0.0010008625808528699,0.0020032186211106245,0.002206671450489942,0.002283741976945237,0.00254211525437019,0.006865287232389378,0.006119161151692971,0.02812396661290314
2.7972931,0.0010093491753154489,0.0019990626519786605,0.002201492026645226,0.002279735298069991,0.002538472082624986,0.006899968213922113,0.006066679287887424,0.027989814784518736
2.7977586,0.0010179831299541428,0.001994933210507328,0.0021962899728526102,0.0022759090002647544,0.0025349085212661836,0.006935455053531408,0.006014947008862908,0.027853328274305776
2.7982241,0.0010267567105375758,0.0019908308985297028,0.0021910659013788065,0.002272263100966729,0.0025314234493272526,0.006971744513617685,0.005963961846267351,0.027714545476934516
2.7986897,0.0010356622627664376,0.0019867563066942764,0.002185820426286544,0.0022687976066251524,0.002528015751960808,0.0070088331736067495,0.005913721235116355,0.027573505286815802
2.7991552,0.001044692213672848,0.001982710014405852,0.0021805541632831035,0.0022655125128934616,0.002524684320683648,0.007046717430707746,0.005864222516110816,0.027430247081706542
2.7996207,0.0010538390729770948,0.0019786925897717065,0.0021752677295693184,0.002262407804813759,0.002521428053611234,0.007085393500711649,0.005815462937921562,0.027284810706231725
2.8000862,0.001063095434401716,0.0019747045895529905,0.0021699617436892332,0.002259483456993434,0.0025182458556815787,0.007124857418830492,0.005767439659440318,0.027137236455332656
2.8005517,0.0010724539769428844,0.0019707465591213094,0.0021646368253806243,0.002256739433773805,0.002515136638868541,0.007165105040577654,0.005720149751996391,0.026987565057650854
2.8010172,0.001081907466099055,0.0019668190324204277,0.0021592935954265935,0.0022541756893906762,0.0025120993223845403,0.007206132042689614,0.0056735902015384995,0.02683583765885701
2.8014828,0.0010914487550568266,0.0019629225319330217,0.002153932675508441,0.0022517921681267285,0.0025091328328727134,0.007247933924089646,0.005627757910781299,0.026682095804934126
2.8019483,0.0011010707858339732,0.00195905756865239,0.002148554688060004,0.0022495888044556894,0.0025062361045885212,0.0072905060068939355,0.0055826497013162085,0.026526381425423934
2.8024138,0.0011107665903796117,0.001955224642059038,0.0021431602561236473,0.00224756552317827,0.0025034080795708386,0.007333843437460638,0.005538262315686221,0.026368736816645307
2.8028793,0.0011205292916314888,0.0019514242401020498,0.0021377500032080795,0.00224572223954988,0.0025006477078025648,0.007377941187482337,0.005494592419424525,0.02620920462489348
2.8033448,0.0011303521045303866,0.0019476568391851737,0.0021323245531481437,0.0022440588594001697,0.002497953947360858,0.007422794055122394,0.005451636603056867,0.02604782782962859
2.8038103,0.0011402283369916647,0.0019439229041575607,0.0021268845299667384,0.0022425752792444567,0.0024953257645571325,0.0074683966661955835,0.005409391384067651,0.025884649726661896
2.8042759,0.0011501513908339811,0.0019402228883090968,0.0021214305577389966,0.002241271386387137,0.0024927621340670213,0.007514743475393418,0.005367853208829853,0.02571971391134796
2.8047414,0.0011601147626652544,0.001936557233370275,0.0021159632604588487,0.0022401470590172,0.002490262039050512,0.007561828767554555,0.005327018454498785,0.025553064261790857
2.8052069,0.001170112044725964,0.0019329263695165406,0.0021104832619080675,0.0022392021662959796,0.0024878244712624913,0.0076096466589805805,0.0052868834308698225,0.02538474492207233
2.8056724,0.0011801369256899186,0.001929330715377039,0.0021049911855278935,0.0022384365684373015,0.002485448431153915,0.007658191098797508,0.005247444382200273,0.02521480028550973
2.8061379,0.0011901831914226508,0.0019257706780476977,0.002099487654293318,0.0022378501167801984,0.002483132927963822,0.0077074558703632235,0.005208697488995638,0.025043274977951335
2.8066034,0.0012002447256976268,0.0019222466531085745,0.0020939732905900896,0.0022374426538543735,0.002480876979802406,0.007757434592721111,0.005170638869760669,0.02487021384111638
2.807069,0.001210315510870479,0.0019187590246454041,0.0020884487160944994,0.0022372140134385957,0.0024786796137253467,0.007808120722100013,0.00513326458271565,0.02469566191598715
2.8075345,0.0012203896285114854,0.0019153081652752816,0.002082914551655982,0.002237164020612201,0.0024765398657996163,0.007859507553460625,0.005096570627478446,0.024519664426260076
2.808,0.0012304612599965386,0.001911894436176424,0.0020773714171825543,0.002237292491799873,0.0024744567811609483,0.007911588222088385,0.005060552946712794,0.024342266761862724
2.8084655,0.0012405246870568687,0.0019085181871219443,0.0020718199315290986,0.002237599234809859,0.0024724294140631695,0.007964355705232861,0.0050252074277433775,0.024163514462543334
2.808931,0.0012505742922878091,0.0019051797565175703,0.0020662607123884866,0.0022380840488657595,0.002470456827919579,0.008017802823793586,0.004990529904138156,0.023983453201539346
2.8093966,0.0012606045596169203,0.0019018794714432212,0.0020606943761855173,0.002238746724632026,0.0024685380953365635,0.008071922244052248,0.004956516157258444,0.023802128769331236
2.8098621,0.0012706100747318135,0.0018986176476983618,0.00205512153797364,0.002239587044233269,0.0024666722981396294,0.00812670647945111,0.004923161917777161,0.023619587057487828
2.8103276,0.001280585525468052,0.0018953945898510342,0.00204954281133442,0.0022406047812674854,0.002464858527392015,0.008182147892417502,0.004890462867165704,0.02343587404260901
2.8107931,0.001290525702157524,0.001892210591290471,0.002043958808279684,0.002241799700813306,0.002463095883406047,0.008238238696234143,0.004858414639149861,0.023251035770371666
2.8112586,0.0013004254979377108,0.0018890659342831835,0.00203837013915628,0.0022431715594313597,0.0024613834757473817,0.008294970956955037,0.004827012821135219,0.023065118339684377
2.8117241,0.0013102799090222827,0.0018859608900324211,0.0020327774125533673,0.002244720105159883,0.0024597204232322607,0.008352336595366614,0.004796252955602494,0.022878167886956322
2.8121897,0.00132008403493347,0.0018828957187408959,0.002027181235212143,0.0022464450775047137,0.0024581058539178916,0.008410327388993845,0.004766130541473204,0.02269023057048565
2.8126552,0.0013298330786966504,0.0018798706696766586,0.002021582211937918,0.002248346207423839,0.002456538905086049,0.00846893497415095,0.004736641035446119,0.022501352554972362
2.8131207,0.0013395223469976094,0.0018768859812420171,0.002015980945514422,0.0022504232173066727,0.002455018723219974,0.008528150848036408,0.0047077798533048994,0.0223115799961606
2.8135862,0.0013491472503029227,0.001873941881045383,0.0020103780366202474,0.0022526758209482686,0.0024535444639746454,0.008587966370871922,0.004679542371197403,0.02212095902561502
2.8140517,0.0013587033029439117,0.0018710385859759414,0.002004774083747333,0.002255103723518678,0.0024521152921404793,0.008648372768085054,0.004651923926887093,0.021929535735635813
2.8145172,0.0013681861231646208,0.001868176302281049,0.0019991696831214195,0.0022577066215276856,0.002450730381600545,0.008709361132535245,0.004624919820977046,0.021737356164316792
2.8149828,0.0013775914331342503,0.00186535522564627,0.0019935654286244095,0.0022604842027851547,0.0024493889152813675,0.008770922426782967,0.0045985253181070355,0.021544466280750716
2.8154483,0.0013869150589244802,0.0018625755412779769,0.0019879619117185703,0.0022634361463572464,0.0024480900850974248,0.008833047485401709,0.004572735648124232,0.02135091197038595
2.8159138,0.0013961529304521098,0.0018598374239884512,0.001982359721372532,0.002266562122518772,0.0024468330918894516,0.008895727017332577,0.0045475460072280805,0.021156739020538346
2.8163793,0.0014053010813874303,0.001857141038283426,0.001976759443989021,0.002269861792701962,0.00244561714535668,0.008958951608281236,0.004522951559089964,0.020961993106062133
2.8168448,0.0014143556490287374,0.0018544865384520141,0.0019711616633342533,0.00227333480944194,0.002444441463983167,0.00902271172315689,0.004498947435948319,0.020766719775183372
2.8173103,0.0014233128741433947,0.0018518740686589734,0.0019655669604689125,0.002276980816319206,0.0024433052749583805,0.009086997708553039,0.004475528739679852,0.020570964435499522
2.8177759,0.0014321691007758502,0.0018493037630392553,0.0019599759136806247,0.0022807994478994207,0.0024422078140922407,0.009151799795269618,0.004452690542847525,0.020374772340148468
2.8182414,0.00144092077602301,0.0018467757457947783,0.0019543890984178355,0.0022847903296708007,0.002441148325724831,0.00921710810087616,0.004430427889725947,0.02017818857415033
2.8187069,0.0014495644497773729,0.0018442901312933592,0.0019488070872249934,0.002288953077979415,0.002440126062631002,0.0092829126323155,0.004408735797304855,0.019981258040925435
2.8191724,0.0014580967744383178,0.001841847024169718,0.0019432304496789338,0.002293287299962667,0.002439140285920089,0.009349203288547579,0.004387609256271352,0.019784025448991722
2.8196379,0.0014665145045919298,0.0018394465194284642,0.001937659752326368,0.002297792593481224,0.0024381902649309624,0.009415969863232829,0.004367043231971606,0.019586535298844954
2.8201034,0.00147481449665975,0.001837088702548953,0.0019320955586223745,0.002302468547049637,0.0024372752771226135,0.00948320204745454,0.004347032665352743,0.019388831870024915
2.820569,0.0014829937085168248,0.0018347736495919025,0.0019265384288697915,0.0023073147397658766,0.002436394607960481,0.009550889432479627,0.004327572473885641,0.019190959208370762
2.8210345,0.00149104919907943,0.0018325014273076511,0.001920988920159416,0.00231233074124,0.0024355475507987136,0.009619021512557072,0.004308657552469348,0.018992961113468494
2.8215,0.0014989781278628399,0.0018302720932459548,0.0019154475863109046,0.002317516111522134,0.0024347334067585766,0.009687587687753362,0.004290282774317827,0.018794881126293347
2.8219655,0.0015067777545095112,0.0018280856958672346,0.0019099149778142666,0.002322870401029952,0.0024339514846031993,0.00975657726682421,0.004272442991829724,0.018596762517049843
2.822431,0.0015144454382880433,0.001825942274655211,0.0019043916417718421,0.002328393150475809,0.0024332011006088674,0.00982597947012176,0.004255133037441818,0.018398648273212095
2.8228966,0.0015219786375633,0.0018238418602308916,0.001898878121840653,0.0023340838907936748,0.002432481578433065,0.009895783432536567,0.004238347724466839,0.01820058108776677
2.8233621,0.0015293749092380885,0.001821784474467897,0.0018933749581750154,0.0023399421430660115,0.0024317922489795005,0.009965978206473533,0.004222081847916284,0.01800260334766106
2.8238276,0.0015366319081668127,0.0018197701306091418,0.0018878826873693112,0.0023459674184507172,0.002431132450260338,0.010036552764861007,0.004206330185308874,0.017804757122457916
2.8242931,0.0015437473865415297,0.0018177988333849054,0.0018824018424008111,0.0023521592181082566,0.0024305015272558764,0.010107496004192217,0.004191087497465232,0.017607084153200725
2.8247586,0.0015507191932508644,0.0018158705791323428,0.0018769329525724703,0.0023585170331290963,0.00242989883177191,0.010178796747598164,0.00417634852928937,0.01740962584148958
2.8252241,0.0015575452732122519,0.0018139853559165078,0.0018714765434556294,0.002365040344461555,0.0024293237222950126,0.01025044374795105,0.004162108010537524,0.01721242323877134
2.8256897,0.0015642236666780116,0.0018121431436529582,0.0018660331368325783,0.0023717286228401796,0.002428775563845992,0.010322425690997247,0.00414836065657487,0.017015517035845588
2.8261552,0.0015707525085157722,0.001810343914232008,0.001860603250638964,0.002378581328714744,0.0024282537278317706,0.010394731198518773,0.004135101169120642,0.016818947552588476
2.8266207,0.001577130027463787,0.001808587631644686,0.0018551873989060216,0.002385597912179955,0.002427757591895978,0.01046734883152216,0.0041223242369821675,0.016622754727896476
2.8270862,0.0015833545453617021,0.0018068742521104378,0.0018497860917026077,0.0023927778129059422,0.002427286539768539,0.010540267093453511,0.004110024536778334,0.016426978109851807
2.8275517,0.0015894244763573558,0.0018052037242066062,0.001844399835077014,0.0024001204600695883,0.002426839961114557,0.010613474433438517,0.004098196733653015,0.016231656846111338
2.8280172,0.0015953383260902051,0.0018035759889997002,0.0018390291309985359,0.002407625272286732,0.002426417251382784,0.010686959249546085,0.004086835481978949,0.01603682967452053
2.8284828,0.0016010946908520019,0.0018019909801784532,0.0018336744772987615,0.002415291657545271,0.002426017811653973,0.01076070989207422,0.004075935426052564,0.015842534913953866
2.8289483,0.001606692256725349,0.0018004486241886592,0.0018283363676125574,0.002423119013139167,0.00242564104848939,0.010834714666856763,0.004065491200780197,0.01564881045538318
2.8294138,0.0016121297987007834,0.0017989488403697626,0.0018230152913187234,0.002431106725603343,0.002425286373779765,0.01090896183858949,0.0040554974323561465,0.015455693753175043
2.8298793,0.0016174061797730377,0.00179749154109317,0.0018177117334802946,0.0024392541706494608,0.002424953204594952,0.010983439634174166,0.004045948738932954,0.015263221816618298
2.8303448,0.0016225203500171341,0.0017960766319022495,0.0018124261747844742,0.002447560713102574,0.002424640963034572,0.011058136246079028,0.004036839731284301,0.015071431201682728
2.8308103,0.0016274713456449748,0.0017947040116539717,0.0018071590914821836,0.002456025706838679,0.0024243490760798964,0.011133039835714221,0.004028165013460867,0.01488035800300965
2.8312759,0.0016322582880430878,0.001793373572662158,0.0018019109553272198,0.0024646484947232054,0.0024240769754472475,0.011208138536820605,0.004019919183439475,0.014690037846135158
2.8317414,0.0016368803827921889,0.0017920852008422902,0.001796682233515013,0.0024734284085505265,0.0024238240974431688,0.01128342045887038,0.00401209683376586,0.014500505879946557
2.8322069,0.0016413369186692086,0.0017908387758578408,0.0017914733886209803,0.0024823647689845756,0.00242358988282163,0.011358873690477828,0.004004692552191396,0.014311796769372408
2.8326724,0.0016456272666324349,0.001789634171268071,0.0017862848785384757,0.0024914568855006793,0.002423373776643526,0.011434486302818465,0.003997700922304138,0.014123944688306567
2.8331379,0.0016497508787904132,0.0017884712546772476,0.0017811171564163458,0.0025007040563286994,0.0024231752281387207,0.011510246353054816,0.003991116524154574,0.013936983312766387
2.8336034,0.0016537072873552433,0.0017873498878852223,0.001775970670596095,0.0025101055683975906,0.0024229936905708735,0.011586141887766951,0.003984933934876489,0.013750945814285181
2.834069,0.0016574961035809026,0.0017862699270393076,0.0017708458645486818,0.002519660697281456,0.002422828621105274,0.011662160946385955,0.003979147729303384,0.013565864853538976
2.8345345,0.001661117016687222,0.0017852312227873805,0.0017657431768109662,0.0025293687071471713,0.0024226794806798875,0.011738291564628427,0.0039737524805808925,0.013381772574207522
2.835,0.0016645697927701326,0.0017842336204321272,0.0017606630409218317,0.002539228850703641,0.0024225457338797997,0.011814521777930126,0.003968742760775635,0.013198700597069395
2.8354655,0.0016678542736988003,0.0017832769600863308,0.001755605885358019,0.002549240369152732,0.0024224268488152296,0.011890839624876835,0.003964113141480939,0.013016680014330961
2.835931,0.0016709703760002627,0.0017823610768291068,0.0017505721334697103,0.0025594024921419237,0.0024223222970032655,0.011967233150630495,0.003959858194419867,0.012835741384188894
2.8363966,0.0016739180897321776,0.001781485800862966,0.0017455622034159143,0.0025697144377186906,0.002422231553253466,0.012043690410348709,0.003955972492046003,0.01265591472562577
2.8368621,0.0016766974773442993,0.00178065095767158,0.0017405765080997229,0.0025801754122866303,0.0024221540955574584,0.012120199472595669,0.003952450608142475,0.012477229513438253
2.8373276,0.0016793086725292773,0.0017798563681781204,0.001735615455103507,0.0025907846105633217,0.0024220894049826604,0.012196748422742668,0.003949287118419689,0.012299714673497131
2.8377931,0.001681751879063378,0.0017791018489040306,0.0017306794466241501,0.002601541215539905,0.0024220369655702486,0.012273325366356393,0.003946476601112262,0.012123398578238498
2.8382586,0.0016840273696377252,0.0017783872121280816,0.001725768879408403,0.002612444398442356,0.002421996264237493,0.012349918432573275,0.003944013637575626,0.011948309042385159
2.8387241,0.0016861354846806416,0.0017777122660455678,0.001720884144688455,0.0026234933186944477,0.002421966790684562,0.012426515777458192,0.00394189281288274,0.011774473318897302
2.8391897,0.0016880766311716732,0.0017770768149274834,0.0017160256281178122,0.0026346871238823975,0.0024219480373058847,0.01250310558734589,0.003940108716421357,0.011601918095151346
2.8396552,0.0016898512814478718,0.0017764806592795316,0.001711193709707569,0.0026460249497212295,0.0024219394991061506,0.01257967608216342,0.003938655942492218,0.011430669489345789
2.8401207,0.001691459972002908,0.001775923596000819,0.0017063887637631572,0.002657505920022895,0.0024219406736210028,0.012656215518731896,0.003937529090908574,0.011260753047132782
2.8405862,0.0016929033022795787,0.0017754054185421028,0.0017016111588216605,0.0026691291466662344,0.0024219510608424824,0.012732712194045731,0.003936722767597338,0.011092193738474134
2.8410517,0.001694181933456267,0.0017749259170634559,0.0016968612575897761,0.0026808937295688855,0.0024219701631492782,0.012809154448527453,0.003936231585202212,0.010925015954720336
2.8415172,0.0016952965872279089,0.0017744848785912395,0.0016921394168825062,0.0026927987566612637,0.0024219974852418237,0.012885530669256134,0.0039360501636890345,0.010759243505911176
2.8419828,0.001696248044582004,0.0017740820871742701,0.0016874459875626518,0.002704843303862761,0.0024220325340822916,0.012961829293167346,0.003936173130953623,0.010594899618296441
2.8424483,0.001697037144570214,0.001773717324039073,0.001682781314481182,0.0027170264350603094,0.002422074818839533,0.013038038810222486,0.003936595123432338,0.010432006932075145
2.8429138,0.0016976647830760703,0.0017733903677441141,0.0016781457364185403,0.0027293472020894407,0.0024221238508390142,0.013114147766545474,0.003937310786715554,0.010270587499351667
2.8433793,0.0016981319115793138,0.0017731009943328974,0.001673539586026942,0.0027418046447179813,0.0024221791435178426,0.013190144767524737,0.003938314776164242,0.010110662782307126
2.8438448,0.0016984395359173916,0.0017728489774858104,0.0016689631897737122,0.0027543977906324757,0.002422240212384953,0.013266018480878662,0.003939601757529813,0.009952253651584222
2.8443103,0.001698588715044619,0.0017726340886706018,0.001664416867885723,0.002767125655427426,0.0024223065749865804,0.013341757639682839,0.003941166407577378,0.009795380384883751
2.8447759,0.001698580559789526,0.00177245609729138,0.0016599009342949688,0.0027799872425974077,0.0024223777508771446,0.013417351045357719,0.003943003414712576,0.00964006266577099
2.8452414,0.0016984162316108825,0.0017723147708360294,0.0016554156965853184,0.0027929815435321034,0.0024224532615956724,0.013492787570615531,0.0039451074796120825,0.009486319582690061
2.8457069,0.0016980969413529004,0.001772209875021952,0.0016509614559404783,0.0028061075375142674,0.0024225326306478966,0.013568056162365697,0.0039474733158579,0.009334169628184365
2.8461724,0.0016976239480000932,0.001772141173940046,0.0016465385070931926,0.002819364191720617,0.0024226153834941504,0.013643145844578096,0.003950095650575526,0.00918363069832116
2.8466379,0.0016969985574322665,0.0017721084301968379,0.0016421471382756982,0.002832750461225618,0.002422701047543163,0.013718045721103968,0.003952969225076066,0.009034720092318307
2.8471034,0.0016962221211801183,0.0017721114050546851,0.0016377876311714557,0.0028462652890081184,0.002422789152151848,0.013792744978454223,0.00395608879550235,0.008887454512371181
2.847569,0.0016952960351819197,0.0017721498585699653,0.0016334602608681736,0.002859907605960751,0.00242287922863115,0.013867232888535145,0.0039594491334791196,0.008741850063677704
2.8480345,0.0016942217385417446,0.0017722235497291516,0.0016291652958121568,0.0028736763309020197,0.0024229708102580143,0.013941498811341437,0.003963045026767322,0.008597922254659489
2.8485,0.0016930007122897108,0.0017723322365826753,0.0016249029977640115,0.0028875703705909706,0.002423063432293506,0.014015532197606503,0.003966871279922535,0.008455685997377024
2.8489655,0.0016916344781446873,0.0017724756763764528,0.0016206736217557382,0.002901588619744327,0.0024231566320071277,0.014089322591409806,0.003970922714957531,0.008315155608136829
2.849431,0.0016901245972799127,0.0017726536256809635,0.0016164774160492455,0.002915729961055976,0.0024232499487073385,0.014162859632741094,0.003975194172008968,0.008176344808288506
2.8498966,0.0016884726690919675,0.0017728658405177513,0.0016123146220963073,0.0029299932652186887,0.0024233429237783015,0.01423613306002127,0.003979680510008194,0.008039266725209616
2.8503621,0.0016866803299735336,0.0017731120764832283,0.0016081854744999975,0.002944377390947986,0.0024234351007228665,0.014309132712579673,0.0039843766073561085,0.007903933893476238
2.8508276,0.0016847492520903678,0.0017733920888696668,0.0016040902009776287,0.0029588811850080653,0.0024235260252117976,0.014381848533087513,0.003989277362602079,0.007770358256217063
2.8512931,0.001682681142162911,0.0017737056327832691,0.0016000290223252382,0.002973503482239749,0.002423615245139232,0.014454270569947338,0.0039943776951268314,0.007638551166648846
2.8517586,0.0016804777402529521,0.001774052463259203,0.001596002152383654,0.0029882431055904186,0.0024237023106843656,0.014526388979638349,0.003999672545829249,0.0075085233897909795
2.8522241,0.0016781408185557577,0.0017744323353734918,0.0015920097980061762,0.0030030988661459298,0.002423786774379339,0.014598194029017497,0.0040051568778169695,0.0073802851043568984
2.8526897,0.0016756721801980685,0.00177484500435165,0.0015880521590279034,0.0030180695631645393,0.0024238681911832928,0.014669676097576318,0.004010825677100659,0.0072538459048200445
2.8531552,0.001673073658042358,0.0017752902256739573,0.001584129428236734,0.0030331539841128618,0.002423946118562565,0.014740825679653603,0.004016673953291814,0.0071292148036520364
2.8536207,0.0016703471134977403,0.0017757677551772661,0.0015802417913460668,0.003048350904703907,0.0024240201165769784,0.014811633386604019,0.004022696740303919,0.0070064002337306645
2.8540862,0.001667494435337901,0.0017762773491532553,0.0015763894269692391,0.003063659088937237,0.00242408974797217,0.014882089948922886,0.004028889097056793,0.006885410050915339
2.8545517,0.001664517538526421,0.0017768187644430452,0.0015725725065957267,0.0030790772891413085,0.0024241545782779064,0.014952186218327515,0.004035246108183902,0.006766251536787551
2.8550172,0.0016614183630498448,0.0017773917585281027,0.0015687911945691474,0.003094604246018038,0.0024242141759123264,0.015021913169795568,0.004041762884742434,0.006648931401553903
2.8554828,0.001658198872758842,0.0017779960896173663,0.0015650456480671,0.0031102386886896808,0.0024242681122920184,0.015091261903560907,0.004048434564925901,0.006533455787109211
2.8559483,0.0016548610542178007,0.0017786315167305179,0.0015613360170828538,0.0031259793347480757,0.002424315961947852,0.01516022364706752,0.004055256314779015,0.006419830270257144
2.8564138,0.001651406915563176,0.0017792977997773195,0.0015576624444089188,0.003141824890306317,0.002424357302646452,0.015228789756882034,0.004062223328914578,0.006308059866085829
2.8568793,0.0016478384853709147,0.001779994699632931,0.001554025065622505,0.0031577740500529075,0.002424391715517217,0.015296951720565251,0.0040693308312321555,0.006198149031495774
2.8573448,0.0016441578115332547,0.001780721978209119,0.0015504240090728856,0.0031738254973084196,0.0024244187851847677,0.015364701158503177,0.004076574075638223,0.006090101668877459
2.8578103,0.001640366960145198,0.0017814793985212619,0.001546859395870673,0.00318997790408468,0.0024244380999067284,0.01543202982569784,0.004083948346767555,0.005983921129935904
2.8582759,0.0016364680144009384,0.0017822667247510686,0.001543331339879004,0.00320622993114646,0.0024244492517167303,0.015498929613518174,0.00409144896070557,0.00587961021965949
2.8587414,0.001632463073500517,0.0017830837223049311,0.00153983994770664,0.0032225802280756444,0.002424451836572535,0.015565392551411147,0.004099071265711344,0.0057771712004303505
2.8592069,0.001628354251566964,0.0017839301578678477,0.0015363853187029821,0.0032390274333378077,0.002424445454509146,0.015631410808573186,0.004106810642941015,0.005676605796273595
2.8596724,0.001624143676574181,0.001784805799452872,0.001532967544955,0.003255570174351107,0.002424429709796761,0.015696976695581878,0.004114662507171246,0.005577915197242668
2.8601379,0.0016198334892858117,0.0017857104164460574,0.0015295867112860694,0.003272207067557382,0.002424404211103404,0.015762082665987883,0.0041226223075224114,0.005481100063938163
2.8606034,0.0016154258422053298,0.001786643779646876,0.0015262428952567187,0.0032889367184953185,0.0024243685716620503,0.015826721317866842,0.004130685528181151,0.005386160532157424
2.861069,0.0016109228985375706,0.00178760566130411,0.0015229361671672851,0.003305757721875517,0.0024243224094420406,0.015890885395331088,0.004138847689121875,0.005293096217672282
2.8615345,0.0016063268311619322,0.0017885958351472307,0.001519666590062481,0.0033226686616572936,0.0024242653473245715,0.015954567790000932,0.004147104346826821,0.005201906221132273
2.862,0.0016016398216174552,0.0017896140764132836,0.001516434219737867,0.0033396681111270356,0.0024241970132820242,0.016017761542435328,0.004155451095004195,0.005112589133090737
2.8624655,0.0015968640590999937,0.0017906601618693375,0.0015132391047482322,0.0033567546329779496,0.0024241170405608975,0.016080459843521792,0.004163883565303908,0.005025143039151131
2.862931,0.0015920017394716744,0.001791733869830558,0.0015100812864178696,0.0033739267793910384,0.00242402506786809,0.016142656035825514,0.004172397428030396,0.004939565525230931
2.8633966,0.001587055064282846,0.0017928349801739924,0.00150696079885274,0.0033911830921171428,0.0024239207395602667,0.016204343614897528,0.004180988392851964,0.00485585368294047
2.8638621,0.0015820262398066973,0.0017939632743481592,0.0015038776689545168,0.003408522102559904,0.002423803705836029,0.016265516230541826,0.004189652209506074,0.004774004115074076
2.8643276,0.0015769174760867219,0.0017951185353785475,0.001500831916436511,0.0034259423318595016,0.0024236736229305976,0.016326167688041203,0.0041983846684999805,0.004694012941210846
2.8647931,0.0015717309859971896,0.001796300547869128,0.0014978235538414745,0.003443442290977043,0.0024235301533127194,0.016386291949341512,0.004207181601806049,0.004615875803422408
2.8652586,0.0015664689843167896,0.001797509097999962,0.0014948525865612786,0.0034610204807794856,0.0024233729658834787,0.01644588313419388,0.004216038883551139,0.004539587872085009
2.8657241,0.0015611336868155898,0.0017987439735210025,0.0014919190128584684,0.003478675392124994,0.002423201736176695,0.01650493552125445,0.0042249524306993596,0.0044651438517932735
2.8661897,0.0015557273093554538,0.0018000049637421607,0.001489022823889693,0.003496405505948638,0.002423016146560573,0.016563443549141115,0.004233918203727568,0.00439253798737297
2.8666552,0.0015502520670040458,0.0018012918595197139,0.0014861640037310074,0.003514209293348319,0.0024228158864402754,0.016621401817446667,0.004242932207292933,0.004321764069990098
2.8671207,0.001544710173162531,0.001802604453239115,0.0014833425294050514,0.0035320852156708006,0.0024226006524610696,0.016678805087707894,0.004251990490891948,0.0042528154433536195
2.8675862,0.0015391038387070834,0.0018039425387942562,0.0014805583709101094,0.003550031724597734,0.0024223701487117153,0.016735648284330048,0.004261089149510274,0.004185685010009115
2.8680517,0.0015334352711442877,0.0018053059115632313,0.001477811491251053,0.0035680472622315507,0.002422124086927749,0.016791926495466104,0.004270224324262818,0.004120365237720653
2.8685172,0.0015277066737805173,0.001806694368380632,0.001475101846472185,0.00358613026118115,0.002421862186694318,0.016847634973850334,0.00427939220302345,0.004056848165938131
2.8689828,0.001521920244905369,0.0018081077075064124,0.0014724293856920008,0.0036042791446473316,0.0024215841756482144,0.016902769137585486,0.004288589021043774,0.003995125412347349
2.8694483,0.0015160781769892181,0.001809545728591353,0.0014697940511398972,0.0036224923265079615,0.0024212897896787587,0.016957324570882965,0.004297811061560368,0.003935188179500024
2.8699138,0.0015101826558949615,0.0018110082326391554,0.001467195778194858,0.0036407682114029285,0.0024209787731271568,0.01701129702475518,0.004307054656389898,0.003877027261520963
2.8703793,0.0015042358601040108,0.001812495021965193,0.001464634495426142,0.003659105194818961,0.002420650878983972,0.017064682417659217,0.0043163161865115455,0.0038206330508895607
2.8708448,0.0014982399599565933,0.0018140059001519255,0.00146211012463599,0.0036775016631744547,0.002420305869084325,0.01711747683609097,0.004325592082636178,0.003765995545292782
2.8713103,0.0014921971169064103,0.0018155406720009868,0.0014596225809043616,0.0036959559939045046,0.0024199435143004416,0.0171696765351287,0.0043348788257617015,0.0037131043545467596
2.8717759,0.001486109482789706,0.001817099143481944,0.0014571717726356943,0.0037144665555463997,0.0024195635947311675,0.017221277938925073,0.0043441729477140265,0.0036619487075841444
2.8722414,0.001479979199108789,0.0018186811216777219,0.0014547576016076744,0.0037330317078258786,0.002419165899888082,0.01727227764114665,0.00435347103167303,0.0036125174595043547
2.8727069,0.001473808396330049,0.0018202864147266948,0.0014523799630220026,0.003751649801744485,0.0024187502288778593,0.01732267240535982,0.004362769712682935,0.003564799098683884
2.8731724,0.0014675991931964972,0.001821914831761459,0.0014500387455571428,0.0037703191796683755,0.002418316390580546,0.017372459165362217,0.0043720656781465,0.003518781753943866
2.8736379,0.001461353696054866,0.001823566182844315,0.0014477338314230293,0.0037890381754189326,0.002417864203823447,0.017421635025458574,0.004381355668302466,0.003474453201772091
2.8741034,0.0014550739981972864,0.00182524027889951,0.0014454650964177253,0.003807805114365536,0.002417393497550322,0.017470197260680054,0.004390636476685732,0.003431800873596672
2.874569,0.00144876217921757,0.0018269369316423136,0.001443232409986026,0.0038266183135208217,0.00241690411098559,0.017518143316946184,0.00439990495056978,0.0033908118631085526
2.8750345,0.0014424203043821105,0.0018286559535050108,0.0014410356352799942,0.0038454760816387236,0.0024163958937932395,0.017565470811168656,0.00440915799139087,0.0033514729336300256
2.8755,0.001436050424015417,0.0018303971575598967,0.0014388746292214258,0.0038643767193155916,0.0024158687062301332,0.01761217753129651,0.004418392555153574,0.003313770525526417
2.8759655,0.0014296545729002908,0.0018321603574393728,0.001436749242566243,0.003883318519094618,0.0024153224192934083,0.01765826143630242,0.004427605652817152,0.0032776907636580723
2.876431,0.0014232347696926414,0.001833945367253244,0.0014346593199708129,0.0039022997655738132,0.0024147569148616804,0.01770372065611012,0.004436794350662316,0.0032432194648697537
2.8768966,0.0014167930163509433,0.0018357520015033105,0.0014326047000601861,0.0039213187355177466,0.0024141720858298073,0.017748553491463134,0.004445955770637934,0.0032103421455145554
2.8773621,0.001410331297580317,0.0018375800749953646,0.0014305852154982567,0.003940373697973244,0.0024135678362369895,0.01779275841373517,0.004455087090687246,0.0031790440290094335
2.8778276,0.0014038515802912224,0.001839429402748689,0.0014286006930598425,0.003959462914389224,0.0024129440813880254,0.01783633406468268,0.0044641855450531995,0.003149310053419413
2.8782931,0.0013973558130727418,0.001841299799903159,0.0014266509537047014,0.003978584638740823,0.0024123007479675603,0.017879279256140065,0.004473248424562598,0.00312112487906755
2.8787586,0.0013908459256804261,0.0018431910816240548,0.001424735812653502,0.003997737117657946,0.0024116377741471833,0.01792159296965783,0.004482273076888757,0.003094472896167701
2.8792241,0.001384323828538675,0.001845103063004688,0.001422855079465772,0.0040169185905583465,0.002410955109685237,0.017963274356084115,0.004491256906792455,0.0030693382324771847
2.8796897,0.001377791412257613,0.0018470355589669514,0.0014210085581198414,0.004036127289785305,0.002410252716019204,0.01800432273508976,0.004500197376340983,0.0030457047609664008
2.8801552,0.001371250547164416,0.0018489883841599113,0.001419196047094802,0.004055361440750018,0.0024095305663505264,0.018044737594637057,0.004509092005105166,0.003023556107502517
2.8806207,0.0013647030828490374,0.0018509613528565438,0.0014174173394544882,0.004074619262078755,0.002408788645721701,0.01808451859039226,0.004517938370334262,0.0030028756585443296
2.8810862,0.001358150847724273,0.001852954278848737,0.0014156722229334894,0.004093898965764885,0.0024080269510854966,0.01812366554508185,0.004526734107108663,0.00298364656884545
2.8815517,0.0013515956486001022,0.0018549669753406672,0.0014139604800251875,0.0041131987573258715,0.002407245491366132,0.018162178447792617,0.004535476908470379,0.002965851769162981
2.8820172,0.001345039270272228,0.0018569992548406874,0.0014122818880718186,0.004132516835965369,0.0024064442875122516,0.01820005745321568,0.0045441645255312815,0.0029494739739689105
2.8824828,0.001338483475124736,0.001859050929051881,0.0014106362193565436,0.0041518513947405465,0.0024056233725415397,0.018237302880834524,0.004552794767559082,0.002934495689161481
2.8829483,0.0013319300027467903,0.0018611218087614403,0.0014090232411975068,0.004171200620734775,0.0024047827915768018,0.018273915214057482,0.004561365502041019,0.0029208992197738517
2.8834138,0.0013253805695632684,0.0018632117037290451,0.001407442716043857,0.004190562695235815,0.0024039226018733413,0.018309895099294968,0.004569874654725251,0.002908666677677437
2.8838793,0.001318836868479236,0.001865320422574407,0.0014058944015736979,0.004209935793919609,0.0024030428728374444,0.01834524334498197,0.004578320209639937,0.002897779989277373
2.8843448,0.0013123005685381527,0.0018674477726641503,0.0014043780507939198,0.004229318087039779,0.0024021436860357875,0.018379960920546425,0.0045867002090900656,0.0028882209031976438
2.8848103,0.0013057733145936915,0.0018695935599981812,0.00140289341214187,0.00424870773962291,0.0024012251351955686,0.01841404895532403,0.0045950127536321245,0.0028799709979534863
2.8852759,0.0012992567269950529,0.0018717575890957047,0.00140144022958879,0.004268102911669683,0.0024002873261951565,0.01844750873742026,0.004603256002026743,0.0028730116896087837
2.8857414,0.0012927524012856491,0.0018739396628810517,0.0014000182427449583,0.004287501758361947,0.002399330377045033,0.018480341712520196,0.00461142817116949,0.0028673242394162556
2.8862069,0.0012862619079150302,0.0018761395825694816,0.0013986271869664577,0.004306902430275793,0.0023983544178588258,0.018512549482646835,0.0046195275359999875,0.0028628897614383334
2.8866724,0.0012797867919639272,0.0018783571475531264,0.001397266793463476,0.0043263030736007116,0.0023973595908142204,0.01854413380486844,0.004627552429389541,0.00285968923014669
2.8871379,0.0012733285728822885,0.0018805921552872357,0.0013959367894100547,0.004345701830364959,0.00239634605010358,0.018575096589955306,0.00463550124200743,0.0028577034879984572
2.8876034,0.0012668887442401923,0.001882844401176884,0.0013946368980551726,0.004365096838667196,0.0023953139618741073,0.018605439900986332,0.004643372422166007,0.0028569132529872353
2.888069,0.001260468773491526,0.001885113678464298,0.0013933668388350531,0.004384486232914518,0.0023942635041574217,0.01863516595190553,0.004651164475644765,0.0028572991261670375
2.8885345,0.0012540701017503453,0.0018873997781169607,0.0013921263274865683,0.004403868144066949,0.0023931948667884257,0.018664277106028686,0.004658875965493521,0.002858841599147363
2.889,0.0012476941435798396,0.0018897024887166568,0.00139091507616162,0.004423240699888478,0.0023921082513133594,0.018692775874500262,0.004666505511814886,0.0028615210615576055
2.8894655,0.0012413422867938338,0.0018920215963496318,0.0013897327935423725,0.0044426020252046755,0.0023910038708869524,0.01872066491470055,0.004674051791526212,0.00286531780847902
2.889931,0.0012350158922707676,0.0018943568844980428,0.001388579184957223,0.004461950242166926,0.0023898819501586024,0.018747947028603194,0.004681513538101157,0.0028702120478424483
2.8903966,0.0012287162937800913,0.0018967081339328893,0.001387453952497409,0.004481283470523287,0.0023887427251475285,0.018774625161083105,0.004688889541291048,0.002876183907790019
2.8908621,0.0012224447978210168,0.0018990751226086158,0.0013863567951341688,0.004500599827895968,0.0023875864431068625,0.018800702398174832,0.0046961786468261565,0.002883213443999015
2.8913276,0.0012162026834735657,0.0019014576255595717,0.0013852874088363892,0.0045198974300654495,0.002386413362376651,0.018826181965281515,0.004703379756097021,0.0028912806469660888
2.8917931,0.001209991202261864,0.001903855414798524,0.0013842454866886847,0.004539174391261243,0.002385223752225763,0.01885106722533456,0.004710491825815898,0.0029003654492499916
2.8922586,0.0012038115780296378,0.0019062682592173987,0.0013832307190098688,0.004558428824459319,0.002384017892682729,0.018875361676904318,0.0047175138676584065,0.002910447732670961
2.8927241,0.0011976650068278721,0.0019086959244904269,0.0013822427934717656,0.0045776588416862425,0.0023827960743555646,0.018899068952262003,0.004724444947885413,0.002921507335464893
2.8931897,0.0011915526568145954,0.0019111381729798647,0.0013812813952183089,0.004596862554330038,0.002381558598240697,0.018922192815393025,0.004731284186945257,0.002933524059390414
2.8936552,0.0011854756681667436,0.0019135947636444474,0.0013803462069848665,0.004616038073457814,0.002380305775521145,0.01894473715996188,0.004738030759056406,0.002946477676786941
2.8941207,0.0011794351530040597,0.001916065451950727,0.0013794369092177171,0.0046351835101401334,0.0023790379273541753,0.018966706007228648,0.004744683891770721,0.002960347937581853
2.8945862,0.0011734321953249685,0.0019185499897874392,0.0013785531801936025,0.0046542969757821006,0.0023777553846487253,0.01898810350391695,0.004751242865517561,0.002975114576244894
2.8950517,0.0011674678509543711,0.0019210481253830328,0.0013776946961392752,0.004673376582461134,0.0023764584878329022,0.019008933920033368,0.004757707013129026,0.002990757318687987
2.8955172,0.0011615431475032905,0.0019235596032264846,0.0013768611313509488,0.004692420443271375,0.0023751475866119216,0.0190292016466381,0.004764075719346656,0.0030072558891086803
2.8959828,0.0011556590843402944,0.00192608416399151,0.0013760521583135678,0.004711426672674731,0.0023738230397168563,0.019048911193566918,0.004770348420309969,0.003024590016775499
2.8964483,0.0011498166325746172,0.0019286215444642737,0.0013752674478198156,0.0047303933868585194,0.0023724852146445726,0.019068067187104527,0.004776524603027227,0.0030427394427535413
2.8969138,0.0011440167350508933,0.0019311714774746882,0.0013745066690887884,0.0047493187040997436,0.002371134487389238,0.019086674367609757,0.0047826038048288085,0.0030616839265686967
2.8973793,0.0011382603063554097,0.0019337336918313895,0.0013737694898842746,0.004768200745135966,0.002369771242165786,0.019104737587093173,0.004788585612803616,0.003081403252808936
2.8978448,0.0011325482328337754,0.0019363079122604724,0.001373055576632591,0.004787037633542756,0.0023683958711257337,0.019122261806748038,0.0047944696632189554,0.0031018772376611463
2.8983103,0.0011268813726199023,0.0019388938593480672,0.0013723645945399325,0.004805827496117656,0.002367008774065719,0.01913925209443562,0.004800255640924369,0.0031230857353820294
2.8987759,0.0011212605556761804,0.0019414912494868392,0.0013716962077092052,0.004824568463270596,0.002365610358129124,0.01915571362212604,0.00480594327873992,0.003145008644701573
2.8992414,0.0011156865838447222,0.0019440997948265042,0.001371050079256323,0.004843258669420627,0.0023642010375011357,0.019171651663295843,0.004811532356829461,0.0031676259151576253
2.8997069,0.0011101602309095463,0.0019467192032284577,0.0013704258714259553,0.004861896253398879,0.002362781233097564,0.019187071590283645,0.0048170227020593965,0.003190917553360119
2.9001724,0.0011046822426695586,0.001949349178224614,0.0013698232457067282,0.004880479358857581,0.0023613513722477524,0.019201978871605307,0.004822414187343428,0.003214863629183508
2.9006379,0.0010992533370221872,0.0019519894189805494,0.0013692418629458847,0.004899006134684972,0.002359911888371885,0.0192163790692303,0.004827706730973768,0.003239444281886041
2.9011034,0.0010938742040575203,0.001954639620263039,0.0013686813834634154,0.004917474735425924,0.0023584632206530075,0.019230277835821034,0.0048329002959393175,0.0032646397261545364
2.901569,0.0010885455061627942,0.0019572994724120765,0.001368141467165681,0.004935883321708083,0.0023570058137040908,0.019243680911937004,0.004837994889231293,0.003290430258073381
2.9020345,0.0010832678781370754,0.001959968661317452,0.0013676217736585416,0.004954230060673381,0.002355540117230461,0.01925659412320572,0.0048429905611368056,0.003316796261016488
2.9025,0.0010780419273159854,0.0019626468683999914,0.001367121962360012,0.004972513126414761,0.0023540665856879484,0.019269023377462453,0.00484788740452092,0.003343718211460952
2.9029655,0.0010728682337063078,0.001965333770597542,0.0013666416926124529,0.004990730700417997,0.002352585677937116,0.019280974661861062,0.004852685554097705,0.003371176684721136
2.903431,0.0010677473501303273,0.001968029040355825,0.001366180623794298,0.005008880972008454,0.0023510978568939593,0.019292454039958183,0.00485738518569086,0.0033991523606019328
2.9038966,0.0010626798023797399,0.0019707323456242673,0.0013657384154313092,0.0050269621388026485,0.002349603589177487,0.01930346764877332,0.004861986515484473,0.0034276260289699493
2.9043621,0.0010576660893789871,0.0019734433498569508,0.0013653147273073466,0.005044972407164382,0.0023481033447546387,0.019314021695827244,0.004866489799264505,0.0034565785952413767
2.9048276,0.0010527066833578606,0.0019761617120188078,0.0013649092195746305,0.00506290999266524,0.0023465975965829998,0.019324122456161177,0.004870895331651558,0.003485991085785336
2.9052931,0.0010478020300332214,0.001978887086597195,0.0013645215528634675,0.005080773120549167,0.0023450868202517946,0.019333776269339277,0.004875203445325478,0.003515844653241499
2.9057586,0.0010429525487996823,0.001981619123618963,0.0013641513883914155,0.005098560026200836,0.0023435714936216215,0.019342989536436803,0.004879414510242317,0.003546120581750789
2.9062241,0.0010381586329290939,0.0019843574686731224,0.0013637983880718525,0.005116268955617514,0.002342052096463391,0.01935176871701649,0.004883528932844196,0.003576800292098012
2.9066897,0.001033420649778665,0.0019871017629392003,0.0013634622146219215,0.005133898165884148,0.002340529110096911,0.019360120326095482,0.004887547155262642,0.0036078653467652663
2.9071552,0.0010287389410075503,0.0019898516432213633,0.0013631425316698112,0.005151445925651449,0.002339003017029549,0.019368050931105142,0.0048914696545160315,0.0036392974548950293
2.9076207,0.0010241138228017236,0.001992606741988359,0.0013628390038613284,0.005168910515616813,0.0023374743005953815,0.019375567148845925,0.004895296941701773,0.00367107847716184
2.9080862,0.0010195455861069557,0.0019953666874193256,0.0013625512969657068,0.005186290229007958,0.002335943444595223,0.019382675642439395,0.004899029561183908,0.003703190430551476
2.9085517,0.001015034496869708,0.001998131103455494,0.001362279077980594,0.005203583372069191,0.002334410932937919,0.019389383118279317,0.004902668089776763,0.003735615493046537
2.9090172,0.0010105807962857475,0.002000899609857793,0.0013620220152361464,0.005220788264550214,0.002332877249283263,0.01939569632298363,0.0049062131359252845,0.0037683360082173276
2.9094828,0.0010061847010562805,0.002003671822270363,0.0013617797784981575,0.005237903240197376,0.0023313428766868825,0.019401622040349068,0.004909665338882648,0.0038013344897168994
2.9099483,0.0010018464036514049,0.0020064473522899613,0.0013615520390701371,0.005254926647247224,0.002329808297247439,0.01940716708831009,0.004913025367885723,0.0038345936256791134
2.9104138,0.000997566072580663,0.002009225807541247,0.0013613384698942543,0.005271856848922191,0.002328273991756468,0.01941233831590384,0.004916293921328915,0.003868096283018568
2.9108793,0.000993343852670487,0.0020120067917579155,0.0013611387456510418,0.005288692223928263,0.0023267404393511816,0.019417142600242885,0.004919471725936915,0.003901825511631209
2.9113448,0.000989179865348317,0.002014789904869647,0.0013609525428577626,0.00530543116695441,0.0023252081171705463,0.019421586843497398,0.004922559535936846,0.00393576454849445
2.9118103,0.0009850742089331733,0.0020175747430948208,0.0013607795399653284,0.005322072089173623,0.00232367750001493,0.01942567796988842,0.004925558132230255,0.003969896821665604
2.9122759,0.0009810269589324654,0.002020360899038944,0.001360619417453648,0.0053386134187453785,0.0023221490600096057,0.01942942292269383,0.004928468321565415,0.004004205954177426
2.9127414,0.0009770381683448113,0.0020231479617987278,0.001360471857925284,0.005355053601319389,0.002320623266272382,0.01943282866126851,0.004931290935710361,0.004038675767829538
2.9132069,0.0009731078679686482,0.002025935517071733,0.0013603365461972966,0.005371391100540521,0.0023191005845856327,0.019435902158080047,0.00493402683062711,0.004073290286874549
2.9136724,0.0009692360667164093,0.0020287231472715266,0.001360213169391155,0.005387624398554763,0.002317581477072976,0.019438650395761217,0.004936676885647495,0.004108033741597652
2.9141379,0.0009654227519340455,0.002031510431648248,0.001360101417020598,0.005403751996516124,0.0023160664018808605,0.01944108036418035,0.004939242002651092,0.004142890571788557
2.9146034,0.0009616678897256715,0.0020342969464144994,0.0013600009810773354,0.005419772415094341,0.0023145558128652793,0.019443199057530444,0.0049417231052456614,0.004177845430104621
2.915069,0.0009579714252831112,0.002037082264876453,0.0013599115561144927,0.005435684194983192,0.0023130501592838497,0.019445013471437952,0.004944121137950563,0.004212883185324105
2.9155345,0.0009543332832201203,0.002039865957570066,0.0013598328393277087,0.005451485897409242,0.002311549885493457,0.019446530600091903,0.004946437065383562,0.004247988925488536
2.916,0.0009507533679110641,0.0020426475924022764,0.0013597645306338225,0.005467176104640776,0.002310055430653682,0.019447757433394094,0.004948671871451421,0.004283147960933174
2.9164655,0.0009472315638338318,0.0020454267347970656,0.0013597063327470832,0.005482753420496651,0.0023085672284361915,0.01944870095413096,0.004950826558544632,0.004318345827204657
2.916931,0.0009437677359167798,0.0020482029478462497,0.0013596579512528309,0.00549821647085479,0.0023070857067402873,0.019449368135167816,0.004952902146736591,0.004353568287864914
2.9173966,0.0009403617298894916,0.0020509757924648893,0.0013596190946786107,0.005513563904159946,0.00230561128741477,0.019449765936666134,0.004954899672987534,0.004388801337180504
2.9178621,0.0009370133726371539,0.002053744827551195,0.0013595894745626728,0.005528794391930374,0.002304144385986261,0.019449901303324753,0.004956820190353444,0.00442403120269654
2.9183276,0.0009337224725583382,0.002056509610150817,0.0013595688055198266,0.00554390662926304,0.0023026854113941263,0.019449781161645942,0.0049586647672001825,0.004459244347694443
2.9187931,0.0009304888199259885,0.0020592696956254083,0.0013595568053046258,0.005558899335336973,0.002301234765732126,0.019449412417227432,0.004960434486423051,0.004494427473532791
2.9192586,0.0009273121872514068,0.002062024637825355,0.0013595531948718746,0.00557377125391442,0.002299792843996921,0.019448801952081554,0.004962130444671993,0.004529567521870565
2.9197241,0.0009241923296510351,0.0020647739892665487,0.0013595576984344626,0.00558852115383945,0.0022983600338435835,0.0194479566219827,0.0049637537515827106,0.004564651676772077
2.9201897,0.0009211289852158234,0.0020675173013110846,0.001359570043518554,0.005603147829533779,0.0022969367153482527,0.01944688325384406,0.004965305529013952,0.0045996673666929494
2.9206552,0.0009181218753829768,0.0020702541243517534,0.0013595899610161792,0.005617650101489509,0.0022955232607781094,0.019445588643124692,0.004966786910291306,0.004634602266346544
2.9211207,0.0009151707053098749,0.002072984008000198,0.0013596171852352785,0.005632026816758512,0.0022941200343688313,0.019444079551267767,0.004968199039457791,0.0046694442984503304
2.9215862,0.0009122751642499631,0.0020757065012786172,0.0013596514539472569,0.005646276849438162,0.002292727392109708,0.0194423627031707,0.004969543070531537,0.004704181635351806
2.9220517,0.0009094349259304213,0.0020784211528148923,0.0013596925084320918,0.005660399101153033,0.0022913456815365917,0.019440444784688093,0.004970820166770844,0.0047388027005336245
2.9225172,0.0009066496489314259,0.002081127511041039,0.0013597400935210415,0.0056743925015322345,0.0022899752415328463,0.019438332440168217,0.00497203149994685,0.004773296169997763
2.9229828,0.0009039189770668225,0.0020838251243948855,0.0013597939576369875,0.005688256008681968,0.0022886164021384595,0.019436032270023954,0.004973178249624063,0.004807650973528585
2.9234483,0.0009012425397660287,0.0020865135415248995,0.0013598538528324417,0.005701988609652919,0.002287269484367453,0.019433550828339113,0.004974261602448908,0.004841856295834788
2.9239138,0.0008986199524569835,0.0020891923114980853,0.001359919534825231,0.005715589320902051,0.0022859348000337128,0.01943089462051118,0.004975282751446508,0.004875901577570288
2.9243793,0.0008960508169499619,0.0020918609840108854,0.0013599907630318755,0.005729057188748406,0.0022846126515853526,0.019428070100931675,0.004976242895325797,0.004909776516234203
2.9248448,0.0008935347218220686,0.00209451910960301,0.0013600673005986677,0.0057423912898224546,0.0022833033319477015,0.019425083670705313,0.004977143237793154,0.00494347106695021
2.9253103,0.0008910712428022252,0.0020971662398741042,0.0013601489144304626,0.005755590731508565,0.0022820071243749955,0.019421941675409324,0.0049779849868746605,0.004976975443125632
2.9257759,0.0008886599431564677,0.0020998019277031614,0.0013602353752171959,0.005768654652380171,0.002280724302310863,0.019418650402894234,0.004978769354247093,0.005010280116990756
2.9262414,0.000886300374073373,0.002102425727470561,0.0013603264574581575,0.005781582222627187,0.0022794551292576954,0.01941521608112746,0.004979497554577736,0.0050433758200189565
2.9267069,0.0008839920750494386,0.002105037195282628,0.001360421939484056,0.005794372644475202,0.0022781998586550037,0.019411644876080957,0.004980170804873062,0.005076253543228332
2.9271724,0.0008817345742742477,0.002107635889198577,0.0013605216034769066,0.00580702515259597,0.0022769587337668753,0.019407942889664128,0.004980790323836287,0.005108904537365631
2.9276379,0.0008795273890152602,0.002110221369459728,0.0013606252354877884,0.00581953901450865,0.0022757319875786443,0.019404116157703166,0.004981357331233828,0.005141320312973347
2.9281034,0.000877370026002074,0.002112793198720854,0.0013607326254525052,0.005831913530971293,0.0022745198427029005,0.019400170647967955,0.004981873047270673,0.005173492640340974
2.928569,0.000875261981810019,0.002115350942283516,0.0013608435672051841,0.0058441480363620076,0.002273322511294952,0.019396112258247736,0.004982338691974724,0.005205413549341501
2.9290345,0.0008732027432429481,0.0021178941683312317,0.0013609578584898494,0.005856241899049255,0.0022721401949778518,0.019391946814476733,0.004982755484590217,0.00523707532915431
2.9295,0.0008711917877151009,0.002120422448166299,0.001361075300970015,0.005868194521750786,0.0022709730847771006,0.019387680068910833,0.0049831246429803315,0.005268470527875702
2.9299655,0.0008692285836319231,0.0021229353564480944,0.0013611957002363346,0.005880005341880724,0.002269821361065115,0.019383317698356415,0.004983447383039137,0.005299591952018351
2.930431,0.0008673125907697266,0.00212543247143265,0.0013613188658123643,0.00589167383188435,0.002268685193515537,0.01937886530245233,0.004983724918112975,0.005330432665900947
2.9308966,0.0008654432606540857,0.0021279133752133135,0.0013614446111584852,0.005903199499560189,0.0022675647410674614,0.019374328402006036,0.004983958458431406,0.005360985990929328
2.9313621,0.0008636200369368597,0.002130377653962303,0.001361572753674047,0.00591458188836902,0.002266460151899623,0.019369712437384844,0.004984149210547808,0.00539124550477034
2.9318276,0.0008618423557717386,0.0021328248981729615,0.001361703114697784,0.00592582057772944,0.002265371563414588,0.01936502276696319,0.0049842983767897486,0.005421205040419676
2.9322931,0.0008601096461882023,0.00213525470290254,0.0013618355195065574,0.005936915183299614,0.0022642991022329686,0.0193602646656269,0.004984407154719279,0.005450858685164893
2.9327586,0.0008584213304637817,0.0021376666680153235,0.0013619697973124693,0.005947865357244826,0.0022632428841976846,0.01935544332333528,0.0049844767366033094,0.005480200779444806
2.9332241,0.0008567768244945079,0.002140060398425918,0.0013621057812583856,0.005958670788490471,0.0022622030143882627,0.01935056384374182,0.004984508308894273,0.0055092259156064825
2.9336897,0.0008551755381634296,0.002142435504342504,0.0013622433084118995,0.0059693312029601864,0.002261179587145166,0.019345631242874282,0.004984503051721271,0.005537928936561065
2.9341552,0.0008536168757070815,0.00214479160150984,0.0013623822197577568,0.005979846363798828,0.0022601726861041158,0.0193406504478747,0.004984462138391891,0.005566304934339671
2.9346207,0.0008521002360797891,0.002147128311451811,0.001362522360188756,0.0059902160715800444,0.0022591823842403546,0.01933562629579987,0.004984386734904884,0.005594349248550686
2.9350862,0.0008506250133156976,0.002149445261713267,0.0013626635784951332,0.006000440164498236,0.0022582087439227913,0.019330563532482567,0.004984277999473809,0.0056220574647397655
2.9355517,0.0008491905968884131,0.002151742086100931,0.0013628057273524412,0.006010518518544652,0.0022572518169779294,0.019325466811453855,0.004984137082061773,0.005649425412653884
2.9360172,0.0008477963720681483,0.002154018424923109,0.0013629486633079313,0.006020451047667362,0.0022563116447634787,0.019320340692926517,0.004983965123927331,0.005676449164410856
2.9364828,0.0008464417202762609,0.002156273925227954,0.0013630922467654334,0.006030237703914818,0.002255388258251539,0.019315189642839757,0.0049837632571815916,0.005703125032575736
2.9369483,0.0008451260194370748,0.002158508241040009,0.0013632363419687349,0.006039878477562656,0.0022544816781212163,0.019310018031965102,0.00498353260435654,0.0057294495681455655
2.9374138,0.0008438486443268705,0.002160721033594765,0.0013633808169834607,0.0060493733972233725,0.0022535919148605342,0.01930483013507341,0.004983274277984582,0.005755419558443981
2.9378793,0.0008426089669199448,0.0021629119715709535,0.0013635255436774518,0.006058722529938418,0.002252718968877495,0.019299630130162736,0.004982989380189265,0.005781032024927272
2.9383448,0.0008414063567316434,0.002165080731320296,0.0013636703976996531,0.006067925981252257,0.0022518628306201376,0.019294422097746764,0.0049826790022871464,0.0058062842209035655
2.9388103,0.0008402401811582807,0.0021672269970944213,0.0013638152584575154,0.006076983895267901,0.002251023480705429,0.019289210020203375,0.004982344224400742,0.005831173629166894
2.9392759,0.0008391098058138698,0.0021693504612686457,0.0013639600090929252,0.006085896454683404,0.002250200890056829,0.01928399778118307,0.00498198611508246,0.005855697959548075
2.9397414,0.000838014594863588,0.0021714508245623217,0.0013641045364566843,0.006094663880808833,0.002249395020050351,0.019278789165076953,0.004981605730949401,0.005879855146384389
2.9402069,0.0008369539113539013,0.00217352779625543,0.0013642487310815642,0.00610328643356327,0.0022486058226689402,0.019273587856544063,0.0049812041163288506,0.005903643345910224
2.9406724,0.0008359271175392845,0.002175581094401116,0.001364392487153979,0.006111764411451386,0.0022478332406649726,0.019268397440098003,0.004980782302914302,0.0059270609335709025
2.9411379,0.0008349335752054636,0.002177610446033878,0.0013645357024843169,0.0061200981515192356,0.0022470772077306756,0.019263221399752926,0.0049803413094317555,0.005950106501262041
2.9416034,0.0008339726459891197,0.0021796155873731278,0.0013646782784759834,0.006128288029288893,0.002246337648676256,0.019258063118729074,0.004979882141316053,0.0059727788544968324
2.942069,0.0008330436916939907,0.0021815962640218925,0.0013648201200932037,0.006136334458671665,0.0022456144796155026,0.01925292587921818,0.004979405790396948,0.005995077009503699
2.9425345,0.0008321460746033145,0.0021835522311604515,0.0013649611358276387,0.006144237891859589,0.0022449076081586176,0.019247812862209075,0.004978913234594624,0.006017000190256794
2.943,0.0008312791577885594,0.0021854832537347244,0.001365101237663868,0.006151998819195091,0.0022442169336120256,0.019242727147373788,0.004978405437624351,0.006038547825441882
2.9434655,0.0008304423054143842,0.002187389106639256,0.0013652403410438045,0.006159617769018638,0.00224354234718488,0.019237671713014555,0.004977883348709974,0.006059719545360105
2.943931,0.0008296348830397683,0.002189269574894651,0.0013653783648301127,0.006167095307494288,0.0022428837322019867,0.019232649436071884,0.004977347902305986,0.006080515178772158
2.9443966,0.0008288562579152441,0.0021911244538193133,0.0013655152312687141,0.006174432038413041,0.002242240964322836,0.019227663092193963,0.004976800017827952,0.006100934749685383
2.9448621,0.0008281057992761646,0.002192953549195348,0.0013656508659504634,0.006181628602973903,0.002241613911766424,0.01922271535586756,0.0049762405993910705,0.006120978474086225
2.9453276,0.000827382878631929,0.0021947566774284653,0.0013657851977720824,0.006188685679542562,0.0022410024355415323,0.019217808800610553,0.00497567053555669,0.006140646756620508
2.9457931,0.0008266868700510874,0.0021965336657017204,0.0013659181588964282,0.00619560398338754,0.002240406389682111,0.01921294589922611,0.004975090699086606,0.00615994018722386
2.9462586,0.0008260171504422378,0.0021982843521229215,0.0013660496847121685,0.006202384266393666,0.002239825621487402,0.01920812902411843,0.0049745019467049715,0.006178859537704654
2.9467241,0.0008253730998306253,0.002200008585865523,0.0013661797137929255,0.0062090273167526855,0.002239259971766423,0.019203360447669838,0.004973905118867648,0.006197405758281728
2.9471897,0.000824754101630345,0.002201706227302826,0.001366308187855946,0.006215533958630774,0.002238709275086435,0.01919864234267891,0.004973301039538893,0.006215579974079119
2.9476552,0.0008241595429120466,0.002203377148135292,0.0013664350517203514,0.006221905051812722,0.0022381733600250185,0.019193976782859324,0.004972690515975358,0.006233383481580028
2.9481207,0.0008235888146660263,0.002205021231510777,0.0013665602532650057,0.00622814149132257,0.002237652049425404,0.019189365743398894,0.004972074338517477,0.006250817745042154
2.9485862,0.0008230413120605925,0.0022066383721374796,0.001366683743386038,0.006234244207020528,0.0022371451606547394,0.01918481110157842,0.004971453280388465,0.006267884392876535
2.9490517,0.0008225164346955826,0.002208228476389393,0.0013668054759540522,0.0062402141631761185,0.002236652505864974,0.01918031463744958,0.004970828097501226,0.006284585213991973
2.9495172,0.0008220135868509082,0.0022097914624040426,0.0013669254077710508,0.006246052358017574,0.0022361738922560743,0.01917587803457124,0.004970199528273529,0.006300922154107093
2.9499828,0.000821532177730006,0.002211327260172315,0.0013670434985270927,0.006251759823257669,0.002235709122341284,0.019171502880803264,0.004969568293451825,0.006316897312032003
2.9504483,0.0008210716216980747,0.002212835811620172,0.001367159710756703,0.00625733762359622,0.0022352579942141373,0.01916719066915695,0.004968935095944081,0.006332512935921518
2.9509138,0.0008206313385149729,0.002214317070682049,0.0013672740097950484,0.0062627868561995915,0.0022348203018169232,0.019162942798700993,0.0049683006206619725,0.006347771419501818
2.9513793,0.0008202107535626584,0.002215771003365734,0.0013673863637338848,0.006268108650157555,0.0022343958352102917,0.019158760575521905,0.004967665534372781,0.006362675298272384
2.9518448,0.0008198092980670421,0.0022171975878085247,0.0013674967433772794,0.006273304165917876,0.0022339843808436848,0.019154645213737626,0.004967030485561305,0.006377227245684972
2.9523103,0.0008194264093141387,0.0022185968143244752,0.001367605122197098,0.006278374594699029,0.002233585721826255,0.019150597836563005,0.004966396104302113,0.006391430069301378
2.9527759,0.0008190615308603939,0.0022199686854425253,0.0013677114762882423,0.006283321157881384,0.00223319963819792,0.019146619477425693,0.004965763002142443,0.00640528670693168
2.9532414,0.0008187141127370759,0.002221313215935324,0.0013678157843236146,0.006288145106377189,0.002232825907200178,0.01914271108113096,0.004965131771996031,0.006418800222754603
2.9537069,0.0008183836116486256,0.0022226304328385577,0.001367918027508779,0.0062928477199796695,0.0022324643035463157,0.019138873505073883,0.004964502988048177,0.00643197380342162
2.9541724,0.0008180694911648546,0.002223920375460594,0.0013680181895362766,0.006297430306691491,0.0022321145996906074,0.019135107520497432,0.004963877205672325,0.0064448107541463856
2.9546379,0.0008177712219068847,0.0022251830953822485,0.0013681162565395432,0.006301894202032885,0.0022317765660961253,0.01913141381379491,0.004963254961358407,0.006457314494781033
2.9551034,0.0008174882817267222,0.0022264186564465082,0.0013682122170463724,0.006306240768329674,0.002231449971500748,0.01912779298785542,0.004962636772653203,0.006469488555880837
2.955569,0.0008172201558803578,0.0022276271347380482,0.001368306061931855,0.006310471393981439,0.0022311345831809806,0.019124245563451096,0.004962023138112904,0.0064813365747587405
2.9560345,0.0008169663371942854,0.0022288086185524025,0.0013683977843707224,0.0063145874927100715,0.002230830167213187,0.019120771980665002,0.0049614145372680885,0.006492862291531131
2.9565,0.0008167263262253286,0.002229963208354664,0.0013684873797890009,0.0063185905027888616,0.002230536488731827,0.019117372600358704,0.004960811430601247,0.00650406954515625
2.9569655,0.0008164996314136727,0.0022310910167275856,0.0013685748458148925,0.006322481886252329,0.0022302533121843064,0.019114047705678733,0.004960214259537012,0.006514962269466568
2.957431,0.0008162857692290031,0.002232192168308955,0.0013686601822288024,0.006326263128086925,0.0022299804015820154,0.019110797503600972,0.004959623446445193,0.006525544489196381
2.9578966,0.0008160842643096662,0.002233266799718114,0.0013687433909124337,0.0063299357354027344,0.0022297175207471546,0.019107622126512038,0.004959039394656744,0.006535820316005889
2.9583621,0.0008158946495947808,0.002234315059471479,0.0013688244757968948,0.006333501236586315,0.002229464433554929,0.01910452163382657,0.004958462488492749,0.006545793944503007
2.9588276,0.0008157164664492449,0.0022353371078869247,0.00136890344280977,0.0063369611804348506,0.002229220904170698,0.019101496013639196,0.004957893093306555,0.006555469648264148
2.9592931,0.0008155492647815907,0.002236333116976893,0.0013689802998211435,0.006340317135271859,0.002228986697281674,0.019098545184409847,0.0049573315555391665,0.0065648517758553245
2.9597586,0.0008153926031546522,0.002237303270330113,0.0013690550565885757,0.006343570688044819,0.002228761578322752,0.019095668996680887,0.004956778202788029,0.006573944746854912
2.9602241,0.0008152460488890078,0.002238247762981845,0.0013691277247010612,0.00634672344340518,0.0022285453136960606,0.019092867234824527,0.004956233343889299,0.006582753047879471
2.9606897,0.0008151091781591662,0.0022391668012725972,0.0013691983175220044,0.006349777022771289,0.0022283376709838084,0.019090139618818863,0.0049556972690137195,0.006591281228613998
2.9611552,0.000814981576082457,0.0022400606026952777,0.0013692668501312606,0.006352733063374841,0.00222813841915402,0.01908748580605086,0.0049551702497761686,0.006599533897847995
2.9616207,0.0008148628368005879,0.002240929395730776,0.0013693333392663027,0.006355593217291488,0.002227947328758754,0.019084905393144575,0.004954652539358946,0.006607515719518696
2.9620862,0.0008147525635538275,0.0022417734196719767,0.001369397803262566,0.0063583591504562135,0.0022277641721244416,0.01908239791781292,0.00495414437264883,0.006615231408762803
2.9625517,0.0008146503687477752,0.0022425929244362145,0.0013694602619930354,0.0063610325416640625,0.0022275887235340204,0.019079962860731065,0.004953645966387927,0.006622685727978102
2.9630172,0.0008145558740126853,0.002243388170366174,0.0013695207368071363,0.0063636150815568355,0.00222742075940059,0.019077599647429676,0.004953157519338305,0.0066298834828963146
2.9634828,0.0008144687102553139,0.00224415942801925,0.0013695792504689924,0.006366108471596343,0.002227260058432387,0.019075307650206087,0.004952679212460409,0.006636829518668534
2.9639483,0.0008143885177032722,0.0022449069779453663,0.001369635827095115,0.006368514423024898,0.0022271064017889367,0.019073086190051488,0.00495221120910522,0.006643528715964577
2.9644138,0.000814314945941864,0.0022456311104532695,0.0013696904920915956,0.006370834655813743,0.0022269595732283013,0.019070934538592335,0.004951753655220106,0.006649985987087587
2.9648793,0.0008142476539433997,0.002246332125365334,0.0013697432720908753,0.006373070897600236,0.002226819359245387,0.0190688519200442,0.004951306679568331,0.0066562062721052
2.9653448,0.00081418631008897,0.002247010331760931,0.0013697941948881698,0.00637522488261467,0.0022266855492013107,0.01906683751317632,0.004950870393962161,0.006662194534998649
2.9658103,0.00081413059218267,0.002247666047708433,0.00136984328937764,0.006377298350597728,0.0022265579354438874,0.019064890453285223,0.004950444893509527,0.006667955759831168
2.9662759,0.0008140801874582577,0.00224829959998596,0.0013698905854883953,0.006379293045709642,0.002226436313419341,0.019063009834175672,0.004950030256874209,0.006673494946937157
2.9667414,0.0008140347925782291,0.0022489113237909725,0.0013699361141204145,0.006381210715432207,0.0022263204817754116,0.019061194710147424,0.004949626546549507,0.006678817109133626
2.9672069,0.0008139941136252912,0.002249501562438852,0.0013699799070804725,0.006383053109464866,0.0022262102424560753,0.01905944409798621,0.004949233809145343,0.006683927267955507
2.9676724,0.0008139578660862137,0.002250070667050616,0.0013700219970181522,0.006384821978616157,0.0022261054007881123,0.019057756978957403,0.004948852075688684,0.006688830449916502
2.9681379,0.0008139257748280478,0.002250618996229948,0.00137006241736202,0.006386519073691848,0.0022260057655597793,0.019056132300800985,0.004948481361937178,0.006693531682797214
2.9686034,0.0008138975740667032,0.0022511469157297575,0.0013701012022560497,0.0063881461443810765,0.002225911149091847,0.019054568979726405,0.004948121668705815,0.00669803599196233
2.969069,0.0008138730073278789,0.002251654798108493,0.0013701383864963817,0.006389704938141852,0.0022258213673012747,0.019053065902405894,0.004947772982206403,0.006702348396708697
2.9695345,0.0008138518274003469,0.002252143022376498,0.0013701740054685074,0.006391197199087227,0.0022257362397577946,0.019051621927964862,0.004947435274399628,0.0067064739066460995
2.97,0.0008138337962815882,0.002252611973632722,0.0013702080950849921,0.006392624666873448,0.0022256555897336833,0.019050235889967952,0.004947108503359428,0.006710417518112629
2.9704655,0.0008138186851157843,0.0022530620426921416,0.001370240691723838,0.006393989075591344,0.002225579244247,0.019048906598399244,0.004946792613649375,0.006714184210626483
2.970931,0.0008138062741241716,0.0022534936257042914,0.0013702718321675941,0.006395292152662235,0.002225507034098563,0.01904763284163506,0.004946487536710743,0.006717778943376137
2.9713966,0.0008137963525277742,0.002253907123763329,0.0013703015535433188,0.006396535617739599,0.002225438793902946,0.019046413388407738,0.004946193191261946,0.00672120665175088
2.9718621,0.0008137887184625348,0.002254302942510088,0.0013703298932634862,0.006397721181617743,0.0022253743621137535,0.019045246989758666,0.004945909483708941,0.006724472243913863
2.9723276,0.000813783178886863,0.0022546814917265823,0.00137035688896793,0.006398850545148667,0.002225313581043443,0.019044132380978792,0.004945636308566249,0.006727580597419896
2.9727931,0.0008137795494816219,0.0022550431849234255,0.0013703825784668973,0.00639992539816833,0.0022252562968779425,0.019043068283534862,0.0049453735488881835,0.00673053655588045
2.9732586,0.0008137776545425701,0.0022553884389206187,0.0013704069996852933,0.006400947418433485,0.002225202359686312,0.01904205340697945,0.004945121076709864,0.006733344925678487
2.9737241,0.0008137773268652766,0.0022557176734221617,0.0013704301906081726,0.00640191827057023,0.0022251516234256872,0.01904108645084284,0.004944878753497551,0.006736010472735978
2.9741897,0.0008137784076225271,0.002256031310584939,0.0013704521892275387,0.006402839605035358,0.0022251039459417325,0.019040166106504823,0.004944646430607828,0.006738537919337095
2.9746552,0.0008137807462342396,0.002256329774582339,0.0013704730334904974,0.006403713057091577,0.002225059188964818,0.019039291059044366,0.004944423949755121,0.00674093194101013
2.9751207,0.0008137842002299155,0.0022566134911630805,0.001370492761248796,0.006404540245797628,0.002225017218102117,0.01903845998906517,0.004944211143486998,0.0067431971634711796
2.9755862,0.0008137886351036746,0.00225688288720577,0.0013705114102097776,0.006405322773014332,0.0022249779028258028,0.0190376715744951,0.004944007835666697,0.0067453381596326335
2.9760517,0.0008137939241619445,0.002257138390269736,0.0013705290178887659,0.0064060622224275795,0.0022249411164575105,0.019036924492357346,0.00494381384196229,0.006747359446679462
2.9765172,0.0008137999483639069,0.002257380428142742,0.0013705456215628918,0.006406760158589291,0.0022249067361491967,0.019036217420511287,0.0049436289703419034,0.006749265483216229
2.9769828,0.0008138065961548471,0.0022576094283862174,0.0013705612582263615,0.006407418125977415,0.002224874642860532,0.019035549039360836,0.004943453021574402,0.006751060666487743
2.9774483,0.000813813763292595,0.002257825817878672,0.0013705759645471697,0.006408037648076025,0.002224844721332923,0.019034918033528237,0.004943285789734925,0.00675274932967618
2.9779138,0.0008138213526672919,0.0022580300223579994,0.0013705897768252625,0.006408620226476605,0.002224816860060259,0.01903432309349123,0.004943127062714645,0.006754335739277514
2.9783793,0.0008138292741147707,0.002258222465963386,0.0013706027309521491,0.006409167340001576,0.0022247909512564524,0.019033762917181837,0.004942976622734104,0.00675582409256001
2.9788448,0.0008138374442238762,0.0022584035707775875,0.001370614862371967,0.006409680443851124,0.0022247668908198385,0.01903323621154508,0.0049428342468594635,0.006757218515107478
2.9793103,0.0008138457861380868,0.0022585737563703464,0.0013706262060440056,0.006410160968774336,0.002224744578294479,0.019032741694056346,0.004942699707521012,0.006758523058449996
2.9797759,0.0008138542293518147,0.0022587334393437755,0.0013706367964066944,0.006410610320265609,0.002224723916828436,0.019032278094196203,0.004942572773033232,0.006759741697784749
2.9802414,0.0008138627095017715,0.0022588830328805405,0.0013706466673430759,0.006411029877787309,0.0022247048131290624,0.019031844154881707,0.004942453208115772,0.006760878329789622
2.9807069,0.0008138711681537924,0.0022590229462957205,0.0013706558521477713,0.006411420994019571,0.0022246871774153935,0.019031438633853443,0.004942340774414615,0.006761936770532226
2.9811724,0.0008138795525855164,0.0022591535845932443,0.0013706643834954606,0.00641178499413815,0.0022246709233677514,0.019031060305017344,0.004942235231022732,0.006762920753476988
2.9816379,0.0008138878155653315,0.0022592753480278243,0.0013706722934108881,0.0064121231751212435,0.0022246559680746915,0.019030707959740475,0.0049421363349994715,0.0067638339275930244
2.9821034,0.0008138959151280006,0.0022593886316733397,0.0013706796132404125,0.006412436805086224,0.002224642231977448,0.019030380408099918,0.004942043841887901,0.006764679855565496
2.982569,0.0008139038143473863,0.0022594938249986445,0.0013706863736251272,0.006412727122657266,0.002224629638812052,0.019030076480083882,0.00494195750622929,0.006765462012113112
2.9830345,0.0008139114811066972,0.0022595913114517854,0.0013706926044755798,0.006412995336364907,0.0022246181155493087,0.019029795026744276,0.004941877082073881,0.006766183782414483
2.9835,0.0008139188878666788,0.0022596814680536184,0.0013706983349481196,0.0064132426240786295,0.002224607592332811,0.01902953492130004,0.004941802323487082,0.0067668484606459986
2.9839655,0.0008139260114321728,0.002259764665001798,0.0013707035934229042,0.006413470132473612,0.002224598002415172,0.019029295060190618,0.004941732985050219,0.0067674592486338635
2.984431,0.0008139328327174791,0.002259841265286105,0.0013707084074835842,0.00641367897653279,0.0022245892820926564,0.01902907436407899,0.004941668822354938,0.006768019254623015
2.9848966,0.0008139393365109692,0.002259911624316064,0.0013707128038986912,0.006413870239085457,0.002224581370638378,0.019028871778803746,0.0049416095924903775,0.006768531492165602
2.9853621,0.000813945511239416,0.002259976089561783,0.0013707168086047438,0.006414044970383627,0.002224574210234229,0.019028686276279547,0.004941555054522201,0.006768998879131789
2.9858276,0.0008139513487325172,0.0022600350002089393,0.00137072044669111,0.006414204187717401,0.0022245677459016944,0.019028516855345325,0.0049415049699625836,0.006769424236845638
2.9862931,0.0008139568439881009,0.0022600886868288234,0.0013707237423866518,0.006414348875070587,0.0022245619254316965,0.01902836254255943,0.004941459103230209,0.006769810289348838
2.9867586,0.0008139619949385086,0.0022601374710643526,0.0013707267190481893,0.006414479982817792,0.0022245566993136087,0.019028222392940868,0.004941417222099371,0.006770159662795053
2.9872241,0.000813966802218655,0.0022601816653329537,0.0013707293991508222,0.006414598427464214,0.0022245520206635658,0.019028095490655678,0.004941379098137206,0.006770474884977666
2.9876897,0.0008139712689362635,0.0022602215725472225,0.0013707318042801417,0.006414705091429283,0.0022245478451521977,0.0190279809496475,0.004941344507128092,0.006770758384993642
2.9881552,0.0008139754004447843,0.0022602574858542686,0.0013707339551263641,0.006414800822875381,0.0022245441309319052,0.019027877914211223,0.004941313229484211,0.006771012493046232
2.9886207,0.0008139792041195055,0.0022602896883946602,0.001370735871480406,0.0064148864355827616,0.0022245408385637927,0.01902778555950857,0.004941285050641236,0.006771239440389191
2.9890862,0.0008139826891373772,0.0022603184530818957,0.0013707375722319163,0.006414962708871923,0.0022245379309443606,0.019027703092024346,0.004941259761438076,0.006771441359415167
2.9895517,0.0008139858662610676,0.002260344042403331,0.0013707390753692845,0.006415030387574647,0.0022245353732320595,0.01902762974996201,0.004941237158479562,0.00677162028389084
2.9900172,0.0008139887476277716,0.0022603667082434875,0.0013707403979816254,0.006415090182055058,0.0022245331327737906,0.019027564803577087,0.004941217044480948,0.006771778149341389
2.9904828,0.0008139913465432926,0.002260386691730669,0.0013707415562627507,0.006415142768282069,0.0022245311790314273,0.0190275075554469,0.004941199228593027,0.006771916793586814
2.9909483,0.0008139936772819115,0.0022604042231078115,0.0013707425655171198,0.006415188787954746,0.0022245294835084224,0.019027457340675062,0.004941183526706661,0.006772037957432652
2.9914138,0.0008139957548925647,0.0022604195216284857,0.0013707434401677599,0.006415228848682127,0.002224528019676554,0.019027413527029136,0.004941169761735445,0.006772143285517541
2.9918793,0.0008139975950118492,0.0022604327954789676,0.0013707441937661374,0.006415263524219135,0.0022245267629028525,0.019027375515009784,0.0049411577638751964,0.006772234327320077
2.9923448,0.0008139992136843854,0.0022604442417273134,0.001370744839003961,0.006415293354760256,0.002224525690376757,0.019027342737849742,0.004941147370838933,0.006772312538327379
2.9928103,0.0008140006271910708,0.002260454046300369,0.0013707453877268856,0.0064153188472926784,0.0022245247810375435,0.019027314661440822,0.004941138428065967,0.006772379281367717
2.9932759,0.0008140018518857615,0.002260462383989646,0.0013707458509500897,0.0064153404760105455,0.0022245240155020674,0.01902729078418707,0.004941130788903685,0.006772435828109514
2.9937414,0.0008140029040409214,0.002260469418487008,0.0013707462388757071,0.006415358682792017,0.002224523375992855,0.01902727063678205,0.004941124314760597,0.006772483360729006
2.9942069,0.000814003799702771,0.0022604753024511076,0.001370746560912076,0.006415373877740809,0.002224522846266582,0.019027253781908116,0.004941118875229152,0.006772522973748773
2.9946724,0.0008140045545564668,0.0022604801776055197,0.0013707468256947803,0.006415386439793876,0.002224522411542966,0.019027239813855432,0.004941114348176852,0.006772555676049335
2.9951379,0.0008140051838018364,0.002260484174869506,0.001370747041109455,0.006415396717396977,0.0022245220584340792,0.019027228358058364,0.0049411106198041545,0.0067725823930559455
2.9956034,0.0008140057020401879,0.0022604874145223477,0.0013707472143163336,0.0064154050292499435,0.002224521774874098,0.019027219070546823,0.004941107584667641,0.006772603969102709
2.996069,0.0008140061231727147,0.0022604900064021717,0.0013707473517765082,0.006415411665123504,0.0022245215500494814,0.01902721163731011,0.004941105145666912,0.00677262116997615
2.9965345,0.0008140064603110066,0.002260492050140205,0.0013707474592798837,0.006415416886749571,0.002224521374329556,0.019027205773570685,0.004941103213993645,0.006772634685640316
